200
7 7 7
7 7 8
7 7 9
7 7 39
7 7 40
7 7 41
7 7 155
7 7 156
7 7 157
7 7 187
7 7 188
7 7 189
7 8 7
7 8 8
7 8 9
7 8 39
7 8 40
7 8 41
7 8 155
7 8 156
7 8 157
7 8 187
7 8 188
7 8 189
7 9 7
7 9 8
7 9 9
7 9 39
7 9 40
7 9 41
7 9 155
7 9 156
7 9 157
7 9 187
7 9 188
7 9 189
7 39 7
7 39 8
7 39 9
7 39 39
7 39 40
7 39 41
7 39 155
7 39 156
7 39 157
7 39 187
7 39 188
7 39 189
7 40 7
7 40 8
7 40 9
7 40 39
7 40 40
7 40 41
7 40 155
7 40 156
7 40 157
7 40 187
7 40 188
7 40 189
7 41 7
7 41 8
7 41 9
7 41 39
7 41 40
7 41 41
7 41 155
7 41 156
7 41 157
7 41 187
7 41 188
7 41 189
7 155 7
7 155 8
7 155 9
7 155 39
7 155 40
7 155 41
7 155 155
7 155 156
7 155 157
7 155 187
7 155 188
7 155 189
7 156 7
7 156 8
7 156 9
7 156 39
7 156 40
7 156 41
7 156 155
7 156 156
7 156 157
7 156 187
7 156 188
7 156 189
7 157 7
7 157 8
7 157 9
7 157 39
7 157 40
7 157 41
7 157 155
7 157 156
7 157 157
7 157 187
7 157 188
7 157 189
7 187 7
7 187 8
7 187 9
7 187 39
7 187 40
7 187 41
7 187 155
7 187 156
7 187 157
7 187 187
7 187 188
7 187 189
7 188 7
7 188 8
7 188 9
7 188 39
7 188 40
7 188 41
7 188 155
7 188 156
7 188 157
7 188 187
7 188 188
7 188 189
7 189 7
7 189 8
7 189 9
7 189 39
7 189 40
7 189 41
7 189 155
7 189 156
7 189 157
7 189 187
7 189 188
7 189 189
8 7 7
8 7 8
8 7 9
8 7 39
8 7 40
8 7 41
8 7 155
8 7 156
8 7 157
8 7 187
8 7 188
8 7 189
8 8 7
8 8 9
8 8 39
8 8 41
8 8 155
8 8 157
8 8 187
8 8 189
8 9 7
8 9 8
8 9 9
8 9 39
8 9 40
8 9 41
8 9 155
8 9 156
8 9 157
8 9 187
8 9 188
8 9 189
8 39 7
8 39 8
8 39 9
8 39 39
8 39 40
8 39 41
8 39 155
8 39 156
8 39 157
8 39 187
8 39 188
8 39 189
8 40 7
8 40 9
8 40 39
8 40 41
8 40 155
8 40 157
8 40 187
8 40 189
8 41 7
8 41 8
8 41 9
8 41 39
8 41 40
8 41 41
8 41 155
8 41 156
8 41 157
8 41 187
8 41 188
8 41 189
8 155 7
8 155 8
8 155 9
8 155 39
8 155 40
8 155 41
8 155 155
8 155 156
8 155 157
8 155 187
8 155 188
8 155 189
8 156 7
8 156 9
8 156 39
8 156 41
8 156 155
8 156 157
8 156 187
8 156 189
8 157 7
8 157 8
8 157 9
8 157 39
8 157 40
8 157 41
8 157 155
8 157 156
8 157 157
8 157 187
8 157 188
8 157 189
8 187 7
8 187 8
8 187 9
8 187 39
8 187 40
8 187 41
8 187 155
8 187 156
8 187 157
8 187 187
8 187 188
8 187 189
8 188 7
8 188 9
8 188 39
8 188 41
8 188 155
8 188 157
8 188 187
8 188 189
8 189 7
8 189 8
8 189 9
8 189 39
8 189 40
8 189 41
8 189 155
8 189 156
8 189 157
8 189 187
8 189 188
8 189 189
9 7 7
9 7 8
9 7 9
9 7 39
9 7 40
9 7 41
9 7 155
9 7 156
9 7 157
9 7 187
9 7 188
9 7 189
9 8 7
9 8 8
9 8 9
9 8 39
9 8 40
9 8 41
9 8 155
9 8 156
9 8 157
9 8 187
9 8 188
9 8 189
9 9 7
9 9 8
9 9 9
9 9 39
9 9 40
9 9 41
9 9 155
9 9 156
9 9 157
9 9 187
9 9 188
9 9 189
9 39 7
9 39 8
9 39 9
9 39 39
9 39 40
9 39 41
9 39 155
9 39 156
9 39 157
9 39 187
9 39 188
9 39 189
9 40 7
9 40 8
9 40 9
9 40 39
9 40 40
9 40 41
9 40 155
9 40 156
9 40 157
9 40 187
9 40 188
9 40 189
9 41 7
9 41 8
9 41 9
9 41 39
9 41 40
9 41 41
9 41 155
9 41 156
9 41 157
9 41 187
9 41 188
9 41 189
9 155 7
9 155 8
9 155 9
9 155 39
9 155 40
9 155 41
9 155 155
9 155 156
9 155 157
9 155 187
9 155 188
9 155 189
9 156 7
9 156 8
9 156 9
9 156 39
9 156 40
9 156 41
9 156 155
9 156 156
9 156 157
9 156 187
9 156 188
9 156 189
9 157 7
9 157 8
9 157 9
9 157 39
9 157 40
9 157 41
9 157 155
9 157 156
9 157 157
9 157 187
9 157 188
9 157 189
9 187 7
9 187 8
9 187 9
9 187 39
9 187 40
9 187 41
9 187 155
9 187 156
9 187 157
9 187 187
9 187 188
9 187 189
9 188 7
9 188 8
9 188 9
9 188 39
9 188 40
9 188 41
9 188 155
9 188 156
9 188 157
9 188 187
9 188 188
9 188 189
9 189 7
9 189 8
9 189 9
9 189 39
9 189 40
9 189 41
9 189 155
9 189 156
9 189 157
9 189 187
9 189 188
9 189 189
39 7 7
39 7 8
39 7 9
39 7 39
39 7 40
39 7 41
39 7 155
39 7 156
39 7 157
39 7 187
39 7 188
39 7 189
39 8 7
39 8 8
39 8 9
39 8 39
39 8 40
39 8 41
39 8 155
39 8 156
39 8 157
39 8 187
39 8 188
39 8 189
39 9 7
39 9 8
39 9 9
39 9 39
39 9 40
39 9 41
39 9 155
39 9 156
39 9 157
39 9 187
39 9 188
39 9 189
39 39 7
39 39 8
39 39 9
39 39 39
39 39 40
39 39 41
39 39 155
39 39 156
39 39 157
39 39 187
39 39 188
39 39 189
39 40 7
39 40 8
39 40 9
39 40 39
39 40 40
39 40 41
39 40 155
39 40 156
39 40 157
39 40 187
39 40 188
39 40 189
39 41 7
39 41 8
39 41 9
39 41 39
39 41 40
39 41 41
39 41 155
39 41 156
39 41 157
39 41 187
39 41 188
39 41 189
39 155 7
39 155 8
39 155 9
39 155 39
39 155 40
39 155 41
39 155 155
39 155 156
39 155 157
39 155 187
39 155 188
39 155 189
39 156 7
39 156 8
39 156 9
39 156 39
39 156 40
39 156 41
39 156 155
39 156 156
39 156 157
39 156 187
39 156 188
39 156 189
39 157 7
39 157 8
39 157 9
39 157 39
39 157 40
39 157 41
39 157 155
39 157 156
39 157 157
39 157 187
39 157 188
39 157 189
39 187 7
39 187 8
39 187 9
39 187 39
39 187 40
39 187 41
39 187 155
39 187 156
39 187 157
39 187 187
39 187 188
39 187 189
39 188 7
39 188 8
39 188 9
39 188 39
39 188 40
39 188 41
39 188 155
39 188 156
39 188 157
39 188 187
39 188 188
39 188 189
39 189 7
39 189 8
39 189 9
39 189 39
39 189 40
39 189 41
39 189 155
39 189 156
39 189 157
39 189 187
39 189 188
39 189 189
40 7 7
40 7 8
40 7 9
40 7 39
40 7 40
40 7 41
40 7 155
40 7 156
40 7 157
40 7 187
40 7 188
40 7 189
40 8 7
40 8 9
40 8 39
40 8 41
40 8 155
40 8 157
40 8 187
40 8 189
40 9 7
40 9 8
40 9 9
40 9 39
40 9 40
40 9 41
40 9 155
40 9 156
40 9 157
40 9 187
40 9 188
40 9 189
40 39 7
40 39 8
40 39 9
40 39 39
40 39 40
40 39 41
40 39 155
40 39 156
40 39 157
40 39 187
40 39 188
40 39 189
40 40 7
40 40 9
40 40 39
40 40 41
40 40 155
40 40 157
40 40 187
40 40 189
40 41 7
40 41 8
40 41 9
40 41 39
40 41 40
40 41 41
40 41 155
40 41 156
40 41 157
40 41 187
40 41 188
40 41 189
40 155 7
40 155 8
40 155 9
40 155 39
40 155 40
40 155 41
40 155 155
40 155 156
40 155 157
40 155 187
40 155 188
40 155 189
40 156 7
40 156 9
40 156 39
40 156 41
40 156 155
40 156 157
40 156 187
40 156 189
40 157 7
40 157 8
40 157 9
40 157 39
40 157 40
40 157 41
40 157 155
40 157 156
40 157 157
40 157 187
40 157 188
40 157 189
40 187 7
40 187 8
40 187 9
40 187 39
40 187 40
40 187 41
40 187 155
40 187 156
40 187 157
40 187 187
40 187 188
40 187 189
40 188 7
40 188 9
40 188 39
40 188 41
40 188 155
40 188 157
40 188 187
40 188 189
40 189 7
40 189 8
40 189 9
40 189 39
40 189 40
40 189 41
40 189 155
40 189 156
40 189 157
40 189 187
40 189 188
40 189 189
41 7 7
41 7 8
41 7 9
41 7 39
41 7 40
41 7 41
41 7 155
41 7 156
41 7 157
41 7 187
41 7 188
41 7 189
41 8 7
41 8 8
41 8 9
41 8 39
41 8 40
41 8 41
41 8 155
41 8 156
41 8 157
41 8 187
41 8 188
41 8 189
41 9 7
41 9 8
41 9 9
41 9 39
41 9 40
41 9 41
41 9 155
41 9 156
41 9 157
41 9 187
41 9 188
41 9 189
41 39 7
41 39 8
41 39 9
41 39 39
41 39 40
41 39 41
41 39 155
41 39 156
41 39 157
41 39 187
41 39 188
41 39 189
41 40 7
41 40 8
41 40 9
41 40 39
41 40 40
41 40 41
41 40 155
41 40 156
41 40 157
41 40 187
41 40 188
41 40 189
41 41 7
41 41 8
41 41 9
41 41 39
41 41 40
41 41 41
41 41 155
41 41 156
41 41 157
41 41 187
41 41 188
41 41 189
41 155 7
41 155 8
41 155 9
41 155 39
41 155 40
41 155 41
41 155 155
41 155 156
41 155 157
41 155 187
41 155 188
41 155 189
41 156 7
41 156 8
41 156 9
41 156 39
41 156 40
41 156 41
41 156 155
41 156 156
41 156 157
41 156 187
41 156 188
41 156 189
41 157 7
41 157 8
41 157 9
41 157 39
41 157 40
41 157 41
41 157 155
41 157 156
41 157 157
41 157 187
41 157 188
41 157 189
41 187 7
41 187 8
41 187 9
41 187 39
41 187 40
41 187 41
41 187 155
41 187 156
41 187 157
41 187 187
41 187 188
41 187 189
41 188 7
41 188 8
41 188 9
41 188 39
41 188 40
41 188 41
41 188 155
41 188 156
41 188 157
41 188 187
41 188 188
41 188 189
41 189 7
41 189 8
41 189 9
41 189 39
41 189 40
41 189 41
41 189 155
41 189 156
41 189 157
41 189 187
41 189 188
41 189 189
155 7 7
155 7 8
155 7 9
155 7 39
155 7 40
155 7 41
155 7 155
155 7 156
155 7 157
155 7 187
155 7 188
155 7 189
155 8 7
155 8 8
155 8 9
155 8 39
155 8 40
155 8 41
155 8 155
155 8 156
155 8 157
155 8 187
155 8 188
155 8 189
155 9 7
155 9 8
155 9 9
155 9 39
155 9 40
155 9 41
155 9 155
155 9 156
155 9 157
155 9 187
155 9 188
155 9 189
155 39 7
155 39 8
155 39 9
155 39 39
155 39 40
155 39 41
155 39 155
155 39 156
155 39 157
155 39 187
155 39 188
155 39 189
155 40 7
155 40 8
155 40 9
155 40 39
155 40 40
155 40 41
155 40 155
155 40 156
155 40 157
155 40 187
155 40 188
155 40 189
155 41 7
155 41 8
155 41 9
155 41 39
155 41 40
155 41 41
155 41 155
155 41 156
155 41 157
155 41 187
155 41 188
155 41 189
155 155 7
155 155 8
155 155 9
155 155 39
155 155 40
155 155 41
155 155 155
155 155 156
155 155 157
155 155 187
155 155 188
155 155 189
155 156 7
155 156 8
155 156 9
155 156 39
155 156 40
155 156 41
155 156 155
155 156 156
155 156 157
155 156 187
155 156 188
155 156 189
155 157 7
155 157 8
155 157 9
155 157 39
155 157 40
155 157 41
155 157 155
155 157 156
155 157 157
155 157 187
155 157 188
155 157 189
155 187 7
155 187 8
155 187 9
155 187 39
155 187 40
155 187 41
155 187 155
155 187 156
155 187 157
155 187 187
155 187 188
155 187 189
155 188 7
155 188 8
155 188 9
155 188 39
155 188 40
155 188 41
155 188 155
155 188 156
155 188 157
155 188 187
155 188 188
155 188 189
155 189 7
155 189 8
155 189 9
155 189 39
155 189 40
155 189 41
155 189 155
155 189 156
155 189 157
155 189 187
155 189 188
155 189 189
156 7 7
156 7 8
156 7 9
156 7 39
156 7 40
156 7 41
156 7 155
156 7 156
156 7 157
156 7 187
156 7 188
156 7 189
156 8 7
156 8 9
156 8 39
156 8 41
156 8 155
156 8 157
156 8 187
156 8 189
156 9 7
156 9 8
156 9 9
156 9 39
156 9 40
156 9 41
156 9 155
156 9 156
156 9 157
156 9 187
156 9 188
156 9 189
156 39 7
156 39 8
156 39 9
156 39 39
156 39 40
156 39 41
156 39 155
156 39 156
156 39 157
156 39 187
156 39 188
156 39 189
156 40 7
156 40 9
156 40 39
156 40 41
156 40 155
156 40 157
156 40 187
156 40 189
156 41 7
156 41 8
156 41 9
156 41 39
156 41 40
156 41 41
156 41 155
156 41 156
156 41 157
156 41 187
156 41 188
156 41 189
156 155 7
156 155 8
156 155 9
156 155 39
156 155 40
156 155 41
156 155 155
156 155 156
156 155 157
156 155 187
156 155 188
156 155 189
156 156 7
156 156 9
156 156 39
156 156 41
156 156 155
156 156 157
156 156 187
156 156 189
156 157 7
156 157 8
156 157 9
156 157 39
156 157 40
156 157 41
156 157 155
156 157 156
156 157 157
156 157 187
156 157 188
156 157 189
156 187 7
156 187 8
156 187 9
156 187 39
156 187 40
156 187 41
156 187 155
156 187 156
156 187 157
156 187 187
156 187 188
156 187 189
156 188 7
156 188 9
156 188 39
156 188 41
156 188 155
156 188 157
156 188 187
156 188 189
156 189 7
156 189 8
156 189 9
156 189 39
156 189 40
156 189 41
156 189 155
156 189 156
156 189 157
156 189 187
156 189 188
156 189 189
157 7 7
157 7 8
157 7 9
157 7 39
157 7 40
157 7 41
157 7 155
157 7 156
157 7 157
157 7 187
157 7 188
157 7 189
157 8 7
157 8 8
157 8 9
157 8 39
157 8 40
157 8 41
157 8 155
157 8 156
157 8 157
157 8 187
157 8 188
157 8 189
157 9 7
157 9 8
157 9 9
157 9 39
157 9 40
157 9 41
157 9 155
157 9 156
157 9 157
157 9 187
157 9 188
157 9 189
157 39 7
157 39 8
157 39 9
157 39 39
157 39 40
157 39 41
157 39 155
157 39 156
157 39 157
157 39 187
157 39 188
157 39 189
157 40 7
157 40 8
157 40 9
157 40 39
157 40 40
157 40 41
157 40 155
157 40 156
157 40 157
157 40 187
157 40 188
157 40 189
157 41 7
157 41 8
157 41 9
157 41 39
157 41 40
157 41 41
157 41 155
157 41 156
157 41 157
157 41 187
157 41 188
157 41 189
157 155 7
157 155 8
157 155 9
157 155 39
157 155 40
157 155 41
157 155 155
157 155 156
157 155 157
157 155 187
157 155 188
157 155 189
157 156 7
157 156 8
157 156 9
157 156 39
157 156 40
157 156 41
157 156 155
157 156 156
157 156 157
157 156 187
157 156 188
157 156 189
157 157 7
157 157 8
157 157 9
157 157 39
157 157 40
157 157 41
157 157 155
157 157 156
157 157 157
157 157 187
157 157 188
157 157 189
157 187 7
157 187 8
157 187 9
157 187 39
157 187 40
157 187 41
157 187 155
157 187 156
157 187 157
157 187 187
157 187 188
157 187 189
157 188 7
157 188 8
157 188 9
157 188 39
157 188 40
157 188 41
157 188 155
157 188 156
157 188 157
157 188 187
157 188 188
157 188 189
157 189 7
157 189 8
157 189 9
157 189 39
157 189 40
157 189 41
157 189 155
157 189 156
157 189 157
157 189 187
157 189 188
157 189 189
187 7 7
187 7 8
187 7 9
187 7 39
187 7 40
187 7 41
187 7 155
187 7 156
187 7 157
187 7 187
187 7 188
187 7 189
187 8 7
187 8 8
187 8 9
187 8 39
187 8 40
187 8 41
187 8 155
187 8 156
187 8 157
187 8 187
187 8 188
187 8 189
187 9 7
187 9 8
187 9 9
187 9 39
187 9 40
187 9 41
187 9 155
187 9 156
187 9 157
187 9 187
187 9 188
187 9 189
187 39 7
187 39 8
187 39 9
187 39 39
187 39 40
187 39 41
187 39 155
187 39 156
187 39 157
187 39 187
187 39 188
187 39 189
187 40 7
187 40 8
187 40 9
187 40 39
187 40 40
187 40 41
187 40 155
187 40 156
187 40 157
187 40 187
187 40 188
187 40 189
187 41 7
187 41 8
187 41 9
187 41 39
187 41 40
187 41 41
187 41 155
187 41 156
187 41 157
187 41 187
187 41 188
187 41 189
187 155 7
187 155 8
187 155 9
187 155 39
187 155 40
187 155 41
187 155 155
187 155 156
187 155 157
187 155 187
187 155 188
187 155 189
187 156 7
187 156 8
187 156 9
187 156 39
187 156 40
187 156 41
187 156 155
187 156 156
187 156 157
187 156 187
187 156 188
187 156 189
187 157 7
187 157 8
187 157 9
187 157 39
187 157 40
187 157 41
187 157 155
187 157 156
187 157 157
187 157 187
187 157 188
187 157 189
187 187 7
187 187 8
187 187 9
187 187 39
187 187 40
187 187 41
187 187 155
187 187 156
187 187 157
187 187 187
187 187 188
187 187 189
187 188 7
187 188 8
187 188 9
187 188 39
187 188 40
187 188 41
187 188 155
187 188 156
187 188 157
187 188 187
187 188 188
187 188 189
187 189 7
187 189 8
187 189 9
187 189 39
187 189 40
187 189 41
187 189 155
187 189 156
187 189 157
187 189 187
187 189 188
187 189 189
188 7 7
188 7 8
188 7 9
188 7 39
188 7 40
188 7 41
188 7 155
188 7 156
188 7 157
188 7 187
188 7 188
188 7 189
188 8 7
188 8 9
188 8 39
188 8 41
188 8 155
188 8 157
188 8 187
188 8 189
188 9 7
188 9 8
188 9 9
188 9 39
188 9 40
188 9 41
188 9 155
188 9 156
188 9 157
188 9 187
188 9 188
188 9 189
188 39 7
188 39 8
188 39 9
188 39 39
188 39 40
188 39 41
188 39 155
188 39 156
188 39 157
188 39 187
188 39 188
188 39 189
188 40 7
188 40 9
188 40 39
188 40 41
188 40 155
188 40 157
188 40 187
188 40 189
188 41 7
188 41 8
188 41 9
188 41 39
188 41 40
188 41 41
188 41 155
188 41 156
188 41 157
188 41 187
188 41 188
188 41 189
188 155 7
188 155 8
188 155 9
188 155 39
188 155 40
188 155 41
188 155 155
188 155 156
188 155 157
188 155 187
188 155 188
188 155 189
188 156 7
188 156 9
188 156 39
188 156 41
188 156 155
188 156 157
188 156 187
188 156 189
188 157 7
188 157 8
188 157 9
188 157 39
188 157 40
188 157 41
188 157 155
188 157 156
188 157 157
188 157 187
188 157 188
188 157 189
188 187 7
188 187 8
188 187 9
188 187 39
188 187 40
188 187 41
188 187 155
188 187 156
188 187 157
188 187 187
188 187 188
188 187 189
188 188 7
188 188 9
188 188 39
188 188 41
188 188 155
188 188 157
188 188 187
188 188 189
188 189 7
188 189 8
188 189 9
188 189 39
188 189 40
188 189 41
188 189 155
188 189 156
188 189 157
188 189 187
188 189 188
188 189 189
189 7 7
189 7 8
189 7 9
189 7 39
189 7 40
189 7 41
189 7 155
189 7 156
189 7 157
189 7 187
189 7 188
189 7 189
189 8 7
189 8 8
189 8 9
189 8 39
189 8 40
189 8 41
189 8 155
189 8 156
189 8 157
189 8 187
189 8 188
189 8 189
189 9 7
189 9 8
189 9 9
189 9 39
189 9 40
189 9 41
189 9 155
189 9 156
189 9 157
189 9 187
189 9 188
189 9 189
189 39 7
189 39 8
189 39 9
189 39 39
189 39 40
189 39 41
189 39 155
189 39 156
189 39 157
189 39 187
189 39 188
189 39 189
189 40 7
189 40 8
189 40 9
189 40 39
189 40 40
189 40 41
189 40 155
189 40 156
189 40 157
189 40 187
189 40 188
189 40 189
189 41 7
189 41 8
189 41 9
189 41 39
189 41 40
189 41 41
189 41 155
189 41 156
189 41 157
189 41 187
189 41 188
189 41 189
189 155 7
189 155 8
189 155 9
189 155 39
189 155 40
189 155 41
189 155 155
189 155 156
189 155 157
189 155 187
189 155 188
189 155 189
189 156 7
189 156 8
189 156 9
189 156 39
189 156 40
189 156 41
189 156 155
189 156 156
189 156 157
189 156 187
189 156 188
189 156 189
189 157 7
189 157 8
189 157 9
189 157 39
189 157 40
189 157 41
189 157 155
189 157 156
189 157 157
189 157 187
189 157 188
189 157 189
189 187 7
189 187 8
189 187 9
189 187 39
189 187 40
189 187 41
189 187 155
189 187 156
189 187 157
189 187 187
189 187 188
189 187 189
189 188 7
189 188 8
189 188 9
189 188 39
189 188 40
189 188 41
189 188 155
189 188 156
189 188 157
189 188 187
189 188 188
189 188 189
189 189 7
189 189 8
189 189 9
189 189 39
189 189 40
189 189 41
189 189 155
189 189 156
189 189 157
189 189 187
189 189 188
189 189 189
