200
34 34 34
34 34 38
34 34 162
34 34 166
34 38 34
34 38 38
34 38 162
34 38 166
34 162 34
34 162 38
34 162 162
34 162 166
34 166 34
34 166 38
34 166 162
34 166 166
38 34 34
38 34 38
38 34 162
38 34 166
38 38 34
38 38 38
38 38 162
38 38 166
38 162 34
38 162 38
38 162 162
38 162 166
38 166 34
38 166 38
38 166 162
38 166 166
162 34 34
162 34 38
162 34 162
162 34 166
162 38 34
162 38 38
162 38 162
162 38 166
162 162 34
162 162 38
162 162 162
162 162 166
162 166 34
162 166 38
162 166 162
162 166 166
166 34 34
166 34 38
166 34 162
166 34 166
166 38 34
166 38 38
166 38 162
166 38 166
166 162 34
166 162 38
166 162 162
166 162 166
166 166 34
166 166 38
166 166 162
166 166 166
