20
0 2 17
0 5 11
0 5 17
0 7 14
0 7 15
0 7 16
0 8 15
1 2 16
1 6 7
1 6 13
1 7 6
1 7 7
1 7 17
2 2 3
2 3 3
2 3 15
2 4 1
2 4 4
2 6 8
2 7 6
2 7 7
2 7 8
2 7 18
2 9 14
2 9 15
3 1 11
3 1 12
3 1 14
3 2 9
3 2 11
3 2 12
3 2 15
3 2 16
3 3 9
3 3 11
3 3 12
3 3 15
3 3 16
3 3 19
3 4 14
3 5 0
3 5 1
3 5 2
3 5 4
3 5 7
3 6 2
3 6 3
3 6 4
3 6 13
3 7 2
3 7 7
3 7 8
3 7 13
3 8 3
3 8 18
3 9 14
3 10 16
4 0 10
4 1 11
4 1 12
4 1 16
4 2 5
4 2 11
4 2 12
4 2 13
4 3 0
4 3 3
4 3 6
4 3 11
4 3 12
4 3 16
4 4 0
4 4 7
4 4 14
4 4 16
4 5 5
4 5 6
4 6 1
4 6 6
4 6 7
4 6 9
4 6 10
4 6 11
4 6 13
4 7 4
4 7 7
4 7 14
4 8 11
4 8 19
4 9 15
4 9 17
5 1 13
5 2 16
5 3 13
5 3 14
5 3 15
5 4 6
5 4 11
5 4 18
5 4 19
5 5 5
5 5 12
5 6 6
5 6 7
5 7 3
5 7 7
5 8 7
5 8 12
5 9 9
5 9 11
5 9 16
6 0 5
6 0 9
6 1 7
6 1 12
6 1 14
6 1 15
6 2 13
6 2 16
6 3 13
6 3 16
6 4 14
6 4 17
6 5 9
6 5 11
6 5 19
6 6 2
6 6 6
6 7 7
6 7 14
6 7 15
6 7 16
6 8 17
6 9 9
6 9 11
7 0 4
7 1 4
7 1 7
7 1 10
7 1 12
7 2 6
7 2 7
7 4 17
7 5 9
7 5 10
7 5 17
7 5 18
7 6 6
7 6 11
7 7 9
7 7 15
7 7 16
7 8 9
7 8 12
7 9 10
8 0 5
8 1 5
8 1 13
8 1 14
8 1 15
8 2 14
8 2 15
8 3 15
8 4 9
8 4 15
8 5 11
8 5 15
8 5 16
8 6 12
8 6 15
8 6 16
8 8 11
9 1 15
9 2 11
9 2 13
9 2 14
9 2 15
9 4 10
9 5 10
9 6 10
9 6 11
9 6 12
9 7 11
9 8 10
10 2 12
10 2 13
10 2 14
10 3 11
10 3 14
10 4 11
10 5 11
10 5 12
10 6 10
10 6 11
10 7 10
11 6 10
