200
10 10 10
10 10 14
10 10 26
10 10 30
10 10 42
10 10 46
10 10 58
10 10 62
10 10 138
10 10 142
10 10 154
10 10 158
10 10 170
10 10 174
10 10 186
10 10 190
10 14 10
10 14 14
10 14 26
10 14 30
10 14 42
10 14 46
10 14 58
10 14 62
10 14 138
10 14 142
10 14 154
10 14 158
10 14 170
10 14 174
10 14 186
10 14 190
10 26 10
10 26 14
10 26 26
10 26 30
10 26 42
10 26 46
10 26 58
10 26 62
10 26 138
10 26 142
10 26 154
10 26 158
10 26 170
10 26 174
10 26 186
10 26 190
10 30 10
10 30 14
10 30 26
10 30 30
10 30 42
10 30 46
10 30 58
10 30 62
10 30 138
10 30 142
10 30 154
10 30 158
10 30 170
10 30 174
10 30 186
10 30 190
10 42 10
10 42 14
10 42 26
10 42 30
10 42 42
10 42 46
10 42 58
10 42 62
10 42 138
10 42 142
10 42 154
10 42 158
10 42 170
10 42 174
10 42 186
10 42 190
10 46 10
10 46 14
10 46 26
10 46 30
10 46 42
10 46 46
10 46 58
10 46 62
10 46 138
10 46 142
10 46 154
10 46 158
10 46 170
10 46 174
10 46 186
10 46 190
10 58 10
10 58 14
10 58 26
10 58 30
10 58 42
10 58 46
10 58 58
10 58 62
10 58 138
10 58 142
10 58 154
10 58 158
10 58 170
10 58 174
10 58 186
10 58 190
10 62 10
10 62 14
10 62 26
10 62 30
10 62 42
10 62 46
10 62 58
10 62 62
10 62 138
10 62 142
10 62 154
10 62 158
10 62 170
10 62 174
10 62 186
10 62 190
10 138 10
10 138 14
10 138 26
10 138 30
10 138 42
10 138 46
10 138 58
10 138 62
10 138 138
10 138 142
10 138 154
10 138 158
10 138 170
10 138 174
10 138 186
10 138 190
10 142 10
10 142 14
10 142 26
10 142 30
10 142 42
10 142 46
10 142 58
10 142 62
10 142 138
10 142 142
10 142 154
10 142 158
10 142 170
10 142 174
10 142 186
10 142 190
10 154 10
10 154 14
10 154 26
10 154 30
10 154 42
10 154 46
10 154 58
10 154 62
10 154 138
10 154 142
10 154 154
10 154 158
10 154 170
10 154 174
10 154 186
10 154 190
10 158 10
10 158 14
10 158 26
10 158 30
10 158 42
10 158 46
10 158 58
10 158 62
10 158 138
10 158 142
10 158 154
10 158 158
10 158 170
10 158 174
10 158 186
10 158 190
10 170 10
10 170 14
10 170 26
10 170 30
10 170 42
10 170 46
10 170 58
10 170 62
10 170 138
10 170 142
10 170 154
10 170 158
10 170 170
10 170 174
10 170 186
10 170 190
10 174 10
10 174 14
10 174 26
10 174 30
10 174 42
10 174 46
10 174 58
10 174 62
10 174 138
10 174 142
10 174 154
10 174 158
10 174 170
10 174 174
10 174 186
10 174 190
10 186 10
10 186 14
10 186 26
10 186 30
10 186 42
10 186 46
10 186 58
10 186 62
10 186 138
10 186 142
10 186 154
10 186 158
10 186 170
10 186 174
10 186 186
10 186 190
10 190 10
10 190 14
10 190 26
10 190 30
10 190 42
10 190 46
10 190 58
10 190 62
10 190 138
10 190 142
10 190 154
10 190 158
10 190 170
10 190 174
10 190 186
10 190 190
14 10 10
14 10 14
14 10 26
14 10 30
14 10 42
14 10 46
14 10 58
14 10 62
14 10 138
14 10 142
14 10 154
14 10 158
14 10 170
14 10 174
14 10 186
14 10 190
14 14 10
14 14 14
14 14 26
14 14 30
14 14 42
14 14 46
14 14 58
14 14 62
14 14 138
14 14 142
14 14 154
14 14 158
14 14 170
14 14 174
14 14 186
14 14 190
14 26 10
14 26 14
14 26 26
14 26 30
14 26 42
14 26 46
14 26 58
14 26 62
14 26 138
14 26 142
14 26 154
14 26 158
14 26 170
14 26 174
14 26 186
14 26 190
14 30 10
14 30 14
14 30 26
14 30 30
14 30 42
14 30 46
14 30 58
14 30 62
14 30 138
14 30 142
14 30 154
14 30 158
14 30 170
14 30 174
14 30 186
14 30 190
14 42 10
14 42 14
14 42 26
14 42 30
14 42 42
14 42 46
14 42 58
14 42 62
14 42 138
14 42 142
14 42 154
14 42 158
14 42 170
14 42 174
14 42 186
14 42 190
14 46 10
14 46 14
14 46 26
14 46 30
14 46 42
14 46 46
14 46 58
14 46 62
14 46 138
14 46 142
14 46 154
14 46 158
14 46 170
14 46 174
14 46 186
14 46 190
14 58 10
14 58 14
14 58 26
14 58 30
14 58 42
14 58 46
14 58 58
14 58 62
14 58 138
14 58 142
14 58 154
14 58 158
14 58 170
14 58 174
14 58 186
14 58 190
14 62 10
14 62 14
14 62 26
14 62 30
14 62 42
14 62 46
14 62 58
14 62 62
14 62 138
14 62 142
14 62 154
14 62 158
14 62 170
14 62 174
14 62 186
14 62 190
14 138 10
14 138 14
14 138 26
14 138 30
14 138 42
14 138 46
14 138 58
14 138 62
14 138 138
14 138 142
14 138 154
14 138 158
14 138 170
14 138 174
14 138 186
14 138 190
14 142 10
14 142 14
14 142 26
14 142 30
14 142 42
14 142 46
14 142 58
14 142 62
14 142 138
14 142 142
14 142 154
14 142 158
14 142 170
14 142 174
14 142 186
14 142 190
14 154 10
14 154 14
14 154 26
14 154 30
14 154 42
14 154 46
14 154 58
14 154 62
14 154 138
14 154 142
14 154 154
14 154 158
14 154 170
14 154 174
14 154 186
14 154 190
14 158 10
14 158 14
14 158 26
14 158 30
14 158 42
14 158 46
14 158 58
14 158 62
14 158 138
14 158 142
14 158 154
14 158 158
14 158 170
14 158 174
14 158 186
14 158 190
14 170 10
14 170 14
14 170 26
14 170 30
14 170 42
14 170 46
14 170 58
14 170 62
14 170 138
14 170 142
14 170 154
14 170 158
14 170 170
14 170 174
14 170 186
14 170 190
14 174 10
14 174 14
14 174 26
14 174 30
14 174 42
14 174 46
14 174 58
14 174 62
14 174 138
14 174 142
14 174 154
14 174 158
14 174 170
14 174 174
14 174 186
14 174 190
14 186 10
14 186 14
14 186 26
14 186 30
14 186 42
14 186 46
14 186 58
14 186 62
14 186 138
14 186 142
14 186 154
14 186 158
14 186 170
14 186 174
14 186 186
14 186 190
14 190 10
14 190 14
14 190 26
14 190 30
14 190 42
14 190 46
14 190 58
14 190 62
14 190 138
14 190 142
14 190 154
14 190 158
14 190 170
14 190 174
14 190 186
14 190 190
26 10 10
26 10 14
26 10 26
26 10 30
26 10 42
26 10 46
26 10 58
26 10 62
26 10 138
26 10 142
26 10 154
26 10 158
26 10 170
26 10 174
26 10 186
26 10 190
26 14 10
26 14 14
26 14 26
26 14 30
26 14 42
26 14 46
26 14 58
26 14 62
26 14 138
26 14 142
26 14 154
26 14 158
26 14 170
26 14 174
26 14 186
26 14 190
26 26 10
26 26 14
26 26 26
26 26 30
26 26 42
26 26 46
26 26 58
26 26 62
26 26 138
26 26 142
26 26 154
26 26 158
26 26 170
26 26 174
26 26 186
26 26 190
26 30 10
26 30 14
26 30 26
26 30 30
26 30 42
26 30 46
26 30 58
26 30 62
26 30 138
26 30 142
26 30 154
26 30 158
26 30 170
26 30 174
26 30 186
26 30 190
26 42 10
26 42 14
26 42 26
26 42 30
26 42 42
26 42 46
26 42 58
26 42 62
26 42 138
26 42 142
26 42 154
26 42 158
26 42 170
26 42 174
26 42 186
26 42 190
26 46 10
26 46 14
26 46 26
26 46 30
26 46 42
26 46 46
26 46 58
26 46 62
26 46 138
26 46 142
26 46 154
26 46 158
26 46 170
26 46 174
26 46 186
26 46 190
26 58 10
26 58 14
26 58 26
26 58 30
26 58 42
26 58 46
26 58 58
26 58 62
26 58 138
26 58 142
26 58 154
26 58 158
26 58 170
26 58 174
26 58 186
26 58 190
26 62 10
26 62 14
26 62 26
26 62 30
26 62 42
26 62 46
26 62 58
26 62 62
26 62 138
26 62 142
26 62 154
26 62 158
26 62 170
26 62 174
26 62 186
26 62 190
26 138 10
26 138 14
26 138 26
26 138 30
26 138 42
26 138 46
26 138 58
26 138 62
26 138 138
26 138 142
26 138 154
26 138 158
26 138 170
26 138 174
26 138 186
26 138 190
26 142 10
26 142 14
26 142 26
26 142 30
26 142 42
26 142 46
26 142 58
26 142 62
26 142 138
26 142 142
26 142 154
26 142 158
26 142 170
26 142 174
26 142 186
26 142 190
26 154 10
26 154 14
26 154 26
26 154 30
26 154 42
26 154 46
26 154 58
26 154 62
26 154 138
26 154 142
26 154 154
26 154 158
26 154 170
26 154 174
26 154 186
26 154 190
26 158 10
26 158 14
26 158 26
26 158 30
26 158 42
26 158 46
26 158 58
26 158 62
26 158 138
26 158 142
26 158 154
26 158 158
26 158 170
26 158 174
26 158 186
26 158 190
26 170 10
26 170 14
26 170 26
26 170 30
26 170 42
26 170 46
26 170 58
26 170 62
26 170 138
26 170 142
26 170 154
26 170 158
26 170 170
26 170 174
26 170 186
26 170 190
26 174 10
26 174 14
26 174 26
26 174 30
26 174 42
26 174 46
26 174 58
26 174 62
26 174 138
26 174 142
26 174 154
26 174 158
26 174 170
26 174 174
26 174 186
26 174 190
26 186 10
26 186 14
26 186 26
26 186 30
26 186 42
26 186 46
26 186 58
26 186 62
26 186 138
26 186 142
26 186 154
26 186 158
26 186 170
26 186 174
26 186 186
26 186 190
26 190 10
26 190 14
26 190 26
26 190 30
26 190 42
26 190 46
26 190 58
26 190 62
26 190 138
26 190 142
26 190 154
26 190 158
26 190 170
26 190 174
26 190 186
26 190 190
30 10 10
30 10 14
30 10 26
30 10 30
30 10 42
30 10 46
30 10 58
30 10 62
30 10 138
30 10 142
30 10 154
30 10 158
30 10 170
30 10 174
30 10 186
30 10 190
30 14 10
30 14 14
30 14 26
30 14 30
30 14 42
30 14 46
30 14 58
30 14 62
30 14 138
30 14 142
30 14 154
30 14 158
30 14 170
30 14 174
30 14 186
30 14 190
30 26 10
30 26 14
30 26 26
30 26 30
30 26 42
30 26 46
30 26 58
30 26 62
30 26 138
30 26 142
30 26 154
30 26 158
30 26 170
30 26 174
30 26 186
30 26 190
30 30 10
30 30 14
30 30 26
30 30 30
30 30 42
30 30 46
30 30 58
30 30 62
30 30 138
30 30 142
30 30 154
30 30 158
30 30 170
30 30 174
30 30 186
30 30 190
30 42 10
30 42 14
30 42 26
30 42 30
30 42 42
30 42 46
30 42 58
30 42 62
30 42 138
30 42 142
30 42 154
30 42 158
30 42 170
30 42 174
30 42 186
30 42 190
30 46 10
30 46 14
30 46 26
30 46 30
30 46 42
30 46 46
30 46 58
30 46 62
30 46 138
30 46 142
30 46 154
30 46 158
30 46 170
30 46 174
30 46 186
30 46 190
30 58 10
30 58 14
30 58 26
30 58 30
30 58 42
30 58 46
30 58 58
30 58 62
30 58 138
30 58 142
30 58 154
30 58 158
30 58 170
30 58 174
30 58 186
30 58 190
30 62 10
30 62 14
30 62 26
30 62 30
30 62 42
30 62 46
30 62 58
30 62 62
30 62 138
30 62 142
30 62 154
30 62 158
30 62 170
30 62 174
30 62 186
30 62 190
30 138 10
30 138 14
30 138 26
30 138 30
30 138 42
30 138 46
30 138 58
30 138 62
30 138 138
30 138 142
30 138 154
30 138 158
30 138 170
30 138 174
30 138 186
30 138 190
30 142 10
30 142 14
30 142 26
30 142 30
30 142 42
30 142 46
30 142 58
30 142 62
30 142 138
30 142 142
30 142 154
30 142 158
30 142 170
30 142 174
30 142 186
30 142 190
30 154 10
30 154 14
30 154 26
30 154 30
30 154 42
30 154 46
30 154 58
30 154 62
30 154 138
30 154 142
30 154 154
30 154 158
30 154 170
30 154 174
30 154 186
30 154 190
30 158 10
30 158 14
30 158 26
30 158 30
30 158 42
30 158 46
30 158 58
30 158 62
30 158 138
30 158 142
30 158 154
30 158 158
30 158 170
30 158 174
30 158 186
30 158 190
30 170 10
30 170 14
30 170 26
30 170 30
30 170 42
30 170 46
30 170 58
30 170 62
30 170 138
30 170 142
30 170 154
30 170 158
30 170 170
30 170 174
30 170 186
30 170 190
30 174 10
30 174 14
30 174 26
30 174 30
30 174 42
30 174 46
30 174 58
30 174 62
30 174 138
30 174 142
30 174 154
30 174 158
30 174 170
30 174 174
30 174 186
30 174 190
30 186 10
30 186 14
30 186 26
30 186 30
30 186 42
30 186 46
30 186 58
30 186 62
30 186 138
30 186 142
30 186 154
30 186 158
30 186 170
30 186 174
30 186 186
30 186 190
30 190 10
30 190 14
30 190 26
30 190 30
30 190 42
30 190 46
30 190 58
30 190 62
30 190 138
30 190 142
30 190 154
30 190 158
30 190 170
30 190 174
30 190 186
30 190 190
42 10 10
42 10 14
42 10 26
42 10 30
42 10 42
42 10 46
42 10 58
42 10 62
42 10 138
42 10 142
42 10 154
42 10 158
42 10 170
42 10 174
42 10 186
42 10 190
42 14 10
42 14 14
42 14 26
42 14 30
42 14 42
42 14 46
42 14 58
42 14 62
42 14 138
42 14 142
42 14 154
42 14 158
42 14 170
42 14 174
42 14 186
42 14 190
42 26 10
42 26 14
42 26 26
42 26 30
42 26 42
42 26 46
42 26 58
42 26 62
42 26 138
42 26 142
42 26 154
42 26 158
42 26 170
42 26 174
42 26 186
42 26 190
42 30 10
42 30 14
42 30 26
42 30 30
42 30 42
42 30 46
42 30 58
42 30 62
42 30 138
42 30 142
42 30 154
42 30 158
42 30 170
42 30 174
42 30 186
42 30 190
42 42 10
42 42 14
42 42 26
42 42 30
42 42 42
42 42 46
42 42 58
42 42 62
42 42 138
42 42 142
42 42 154
42 42 158
42 42 170
42 42 174
42 42 186
42 42 190
42 46 10
42 46 14
42 46 26
42 46 30
42 46 42
42 46 46
42 46 58
42 46 62
42 46 138
42 46 142
42 46 154
42 46 158
42 46 170
42 46 174
42 46 186
42 46 190
42 58 10
42 58 14
42 58 26
42 58 30
42 58 42
42 58 46
42 58 58
42 58 62
42 58 138
42 58 142
42 58 154
42 58 158
42 58 170
42 58 174
42 58 186
42 58 190
42 62 10
42 62 14
42 62 26
42 62 30
42 62 42
42 62 46
42 62 58
42 62 62
42 62 138
42 62 142
42 62 154
42 62 158
42 62 170
42 62 174
42 62 186
42 62 190
42 138 10
42 138 14
42 138 26
42 138 30
42 138 42
42 138 46
42 138 58
42 138 62
42 138 138
42 138 142
42 138 154
42 138 158
42 138 170
42 138 174
42 138 186
42 138 190
42 142 10
42 142 14
42 142 26
42 142 30
42 142 42
42 142 46
42 142 58
42 142 62
42 142 138
42 142 142
42 142 154
42 142 158
42 142 170
42 142 174
42 142 186
42 142 190
42 154 10
42 154 14
42 154 26
42 154 30
42 154 42
42 154 46
42 154 58
42 154 62
42 154 138
42 154 142
42 154 154
42 154 158
42 154 170
42 154 174
42 154 186
42 154 190
42 158 10
42 158 14
42 158 26
42 158 30
42 158 42
42 158 46
42 158 58
42 158 62
42 158 138
42 158 142
42 158 154
42 158 158
42 158 170
42 158 174
42 158 186
42 158 190
42 170 10
42 170 14
42 170 26
42 170 30
42 170 42
42 170 46
42 170 58
42 170 62
42 170 138
42 170 142
42 170 154
42 170 158
42 170 170
42 170 174
42 170 186
42 170 190
42 174 10
42 174 14
42 174 26
42 174 30
42 174 42
42 174 46
42 174 58
42 174 62
42 174 138
42 174 142
42 174 154
42 174 158
42 174 170
42 174 174
42 174 186
42 174 190
42 186 10
42 186 14
42 186 26
42 186 30
42 186 42
42 186 46
42 186 58
42 186 62
42 186 138
42 186 142
42 186 154
42 186 158
42 186 170
42 186 174
42 186 186
42 186 190
42 190 10
42 190 14
42 190 26
42 190 30
42 190 42
42 190 46
42 190 58
42 190 62
42 190 138
42 190 142
42 190 154
42 190 158
42 190 170
42 190 174
42 190 186
42 190 190
46 10 10
46 10 14
46 10 26
46 10 30
46 10 42
46 10 46
46 10 58
46 10 62
46 10 138
46 10 142
46 10 154
46 10 158
46 10 170
46 10 174
46 10 186
46 10 190
46 14 10
46 14 14
46 14 26
46 14 30
46 14 42
46 14 46
46 14 58
46 14 62
46 14 138
46 14 142
46 14 154
46 14 158
46 14 170
46 14 174
46 14 186
46 14 190
46 26 10
46 26 14
46 26 26
46 26 30
46 26 42
46 26 46
46 26 58
46 26 62
46 26 138
46 26 142
46 26 154
46 26 158
46 26 170
46 26 174
46 26 186
46 26 190
46 30 10
46 30 14
46 30 26
46 30 30
46 30 42
46 30 46
46 30 58
46 30 62
46 30 138
46 30 142
46 30 154
46 30 158
46 30 170
46 30 174
46 30 186
46 30 190
46 42 10
46 42 14
46 42 26
46 42 30
46 42 42
46 42 46
46 42 58
46 42 62
46 42 138
46 42 142
46 42 154
46 42 158
46 42 170
46 42 174
46 42 186
46 42 190
46 46 10
46 46 14
46 46 26
46 46 30
46 46 42
46 46 46
46 46 58
46 46 62
46 46 138
46 46 142
46 46 154
46 46 158
46 46 170
46 46 174
46 46 186
46 46 190
46 58 10
46 58 14
46 58 26
46 58 30
46 58 42
46 58 46
46 58 58
46 58 62
46 58 138
46 58 142
46 58 154
46 58 158
46 58 170
46 58 174
46 58 186
46 58 190
46 62 10
46 62 14
46 62 26
46 62 30
46 62 42
46 62 46
46 62 58
46 62 62
46 62 138
46 62 142
46 62 154
46 62 158
46 62 170
46 62 174
46 62 186
46 62 190
46 138 10
46 138 14
46 138 26
46 138 30
46 138 42
46 138 46
46 138 58
46 138 62
46 138 138
46 138 142
46 138 154
46 138 158
46 138 170
46 138 174
46 138 186
46 138 190
46 142 10
46 142 14
46 142 26
46 142 30
46 142 42
46 142 46
46 142 58
46 142 62
46 142 138
46 142 142
46 142 154
46 142 158
46 142 170
46 142 174
46 142 186
46 142 190
46 154 10
46 154 14
46 154 26
46 154 30
46 154 42
46 154 46
46 154 58
46 154 62
46 154 138
46 154 142
46 154 154
46 154 158
46 154 170
46 154 174
46 154 186
46 154 190
46 158 10
46 158 14
46 158 26
46 158 30
46 158 42
46 158 46
46 158 58
46 158 62
46 158 138
46 158 142
46 158 154
46 158 158
46 158 170
46 158 174
46 158 186
46 158 190
46 170 10
46 170 14
46 170 26
46 170 30
46 170 42
46 170 46
46 170 58
46 170 62
46 170 138
46 170 142
46 170 154
46 170 158
46 170 170
46 170 174
46 170 186
46 170 190
46 174 10
46 174 14
46 174 26
46 174 30
46 174 42
46 174 46
46 174 58
46 174 62
46 174 138
46 174 142
46 174 154
46 174 158
46 174 170
46 174 174
46 174 186
46 174 190
46 186 10
46 186 14
46 186 26
46 186 30
46 186 42
46 186 46
46 186 58
46 186 62
46 186 138
46 186 142
46 186 154
46 186 158
46 186 170
46 186 174
46 186 186
46 186 190
46 190 10
46 190 14
46 190 26
46 190 30
46 190 42
46 190 46
46 190 58
46 190 62
46 190 138
46 190 142
46 190 154
46 190 158
46 190 170
46 190 174
46 190 186
46 190 190
58 10 10
58 10 14
58 10 26
58 10 30
58 10 42
58 10 46
58 10 58
58 10 62
58 10 138
58 10 142
58 10 154
58 10 158
58 10 170
58 10 174
58 10 186
58 10 190
58 14 10
58 14 14
58 14 26
58 14 30
58 14 42
58 14 46
58 14 58
58 14 62
58 14 138
58 14 142
58 14 154
58 14 158
58 14 170
58 14 174
58 14 186
58 14 190
58 26 10
58 26 14
58 26 26
58 26 30
58 26 42
58 26 46
58 26 58
58 26 62
58 26 138
58 26 142
58 26 154
58 26 158
58 26 170
58 26 174
58 26 186
58 26 190
58 30 10
58 30 14
58 30 26
58 30 30
58 30 42
58 30 46
58 30 58
58 30 62
58 30 138
58 30 142
58 30 154
58 30 158
58 30 170
58 30 174
58 30 186
58 30 190
58 42 10
58 42 14
58 42 26
58 42 30
58 42 42
58 42 46
58 42 58
58 42 62
58 42 138
58 42 142
58 42 154
58 42 158
58 42 170
58 42 174
58 42 186
58 42 190
58 46 10
58 46 14
58 46 26
58 46 30
58 46 42
58 46 46
58 46 58
58 46 62
58 46 138
58 46 142
58 46 154
58 46 158
58 46 170
58 46 174
58 46 186
58 46 190
58 58 10
58 58 14
58 58 26
58 58 30
58 58 42
58 58 46
58 58 58
58 58 62
58 58 138
58 58 142
58 58 154
58 58 158
58 58 170
58 58 174
58 58 186
58 58 190
58 62 10
58 62 14
58 62 26
58 62 30
58 62 42
58 62 46
58 62 58
58 62 62
58 62 138
58 62 142
58 62 154
58 62 158
58 62 170
58 62 174
58 62 186
58 62 190
58 138 10
58 138 14
58 138 26
58 138 30
58 138 42
58 138 46
58 138 58
58 138 62
58 138 138
58 138 142
58 138 154
58 138 158
58 138 170
58 138 174
58 138 186
58 138 190
58 142 10
58 142 14
58 142 26
58 142 30
58 142 42
58 142 46
58 142 58
58 142 62
58 142 138
58 142 142
58 142 154
58 142 158
58 142 170
58 142 174
58 142 186
58 142 190
58 154 10
58 154 14
58 154 26
58 154 30
58 154 42
58 154 46
58 154 58
58 154 62
58 154 138
58 154 142
58 154 154
58 154 158
58 154 170
58 154 174
58 154 186
58 154 190
58 158 10
58 158 14
58 158 26
58 158 30
58 158 42
58 158 46
58 158 58
58 158 62
58 158 138
58 158 142
58 158 154
58 158 158
58 158 170
58 158 174
58 158 186
58 158 190
58 170 10
58 170 14
58 170 26
58 170 30
58 170 42
58 170 46
58 170 58
58 170 62
58 170 138
58 170 142
58 170 154
58 170 158
58 170 170
58 170 174
58 170 186
58 170 190
58 174 10
58 174 14
58 174 26
58 174 30
58 174 42
58 174 46
58 174 58
58 174 62
58 174 138
58 174 142
58 174 154
58 174 158
58 174 170
58 174 174
58 174 186
58 174 190
58 186 10
58 186 14
58 186 26
58 186 30
58 186 42
58 186 46
58 186 58
58 186 62
58 186 138
58 186 142
58 186 154
58 186 158
58 186 170
58 186 174
58 186 186
58 186 190
58 190 10
58 190 14
58 190 26
58 190 30
58 190 42
58 190 46
58 190 58
58 190 62
58 190 138
58 190 142
58 190 154
58 190 158
58 190 170
58 190 174
58 190 186
58 190 190
62 10 10
62 10 14
62 10 26
62 10 30
62 10 42
62 10 46
62 10 58
62 10 62
62 10 138
62 10 142
62 10 154
62 10 158
62 10 170
62 10 174
62 10 186
62 10 190
62 14 10
62 14 14
62 14 26
62 14 30
62 14 42
62 14 46
62 14 58
62 14 62
62 14 138
62 14 142
62 14 154
62 14 158
62 14 170
62 14 174
62 14 186
62 14 190
62 26 10
62 26 14
62 26 26
62 26 30
62 26 42
62 26 46
62 26 58
62 26 62
62 26 138
62 26 142
62 26 154
62 26 158
62 26 170
62 26 174
62 26 186
62 26 190
62 30 10
62 30 14
62 30 26
62 30 30
62 30 42
62 30 46
62 30 58
62 30 62
62 30 138
62 30 142
62 30 154
62 30 158
62 30 170
62 30 174
62 30 186
62 30 190
62 42 10
62 42 14
62 42 26
62 42 30
62 42 42
62 42 46
62 42 58
62 42 62
62 42 138
62 42 142
62 42 154
62 42 158
62 42 170
62 42 174
62 42 186
62 42 190
62 46 10
62 46 14
62 46 26
62 46 30
62 46 42
62 46 46
62 46 58
62 46 62
62 46 138
62 46 142
62 46 154
62 46 158
62 46 170
62 46 174
62 46 186
62 46 190
62 58 10
62 58 14
62 58 26
62 58 30
62 58 42
62 58 46
62 58 58
62 58 62
62 58 138
62 58 142
62 58 154
62 58 158
62 58 170
62 58 174
62 58 186
62 58 190
62 62 10
62 62 14
62 62 26
62 62 30
62 62 42
62 62 46
62 62 58
62 62 62
62 62 138
62 62 142
62 62 154
62 62 158
62 62 170
62 62 174
62 62 186
62 62 190
62 138 10
62 138 14
62 138 26
62 138 30
62 138 42
62 138 46
62 138 58
62 138 62
62 138 138
62 138 142
62 138 154
62 138 158
62 138 170
62 138 174
62 138 186
62 138 190
62 142 10
62 142 14
62 142 26
62 142 30
62 142 42
62 142 46
62 142 58
62 142 62
62 142 138
62 142 142
62 142 154
62 142 158
62 142 170
62 142 174
62 142 186
62 142 190
62 154 10
62 154 14
62 154 26
62 154 30
62 154 42
62 154 46
62 154 58
62 154 62
62 154 138
62 154 142
62 154 154
62 154 158
62 154 170
62 154 174
62 154 186
62 154 190
62 158 10
62 158 14
62 158 26
62 158 30
62 158 42
62 158 46
62 158 58
62 158 62
62 158 138
62 158 142
62 158 154
62 158 158
62 158 170
62 158 174
62 158 186
62 158 190
62 170 10
62 170 14
62 170 26
62 170 30
62 170 42
62 170 46
62 170 58
62 170 62
62 170 138
62 170 142
62 170 154
62 170 158
62 170 170
62 170 174
62 170 186
62 170 190
62 174 10
62 174 14
62 174 26
62 174 30
62 174 42
62 174 46
62 174 58
62 174 62
62 174 138
62 174 142
62 174 154
62 174 158
62 174 170
62 174 174
62 174 186
62 174 190
62 186 10
62 186 14
62 186 26
62 186 30
62 186 42
62 186 46
62 186 58
62 186 62
62 186 138
62 186 142
62 186 154
62 186 158
62 186 170
62 186 174
62 186 186
62 186 190
62 190 10
62 190 14
62 190 26
62 190 30
62 190 42
62 190 46
62 190 58
62 190 62
62 190 138
62 190 142
62 190 154
62 190 158
62 190 170
62 190 174
62 190 186
62 190 190
138 10 10
138 10 14
138 10 26
138 10 30
138 10 42
138 10 46
138 10 58
138 10 62
138 10 138
138 10 142
138 10 154
138 10 158
138 10 170
138 10 174
138 10 186
138 10 190
138 14 10
138 14 14
138 14 26
138 14 30
138 14 42
138 14 46
138 14 58
138 14 62
138 14 138
138 14 142
138 14 154
138 14 158
138 14 170
138 14 174
138 14 186
138 14 190
138 26 10
138 26 14
138 26 26
138 26 30
138 26 42
138 26 46
138 26 58
138 26 62
138 26 138
138 26 142
138 26 154
138 26 158
138 26 170
138 26 174
138 26 186
138 26 190
138 30 10
138 30 14
138 30 26
138 30 30
138 30 42
138 30 46
138 30 58
138 30 62
138 30 138
138 30 142
138 30 154
138 30 158
138 30 170
138 30 174
138 30 186
138 30 190
138 42 10
138 42 14
138 42 26
138 42 30
138 42 42
138 42 46
138 42 58
138 42 62
138 42 138
138 42 142
138 42 154
138 42 158
138 42 170
138 42 174
138 42 186
138 42 190
138 46 10
138 46 14
138 46 26
138 46 30
138 46 42
138 46 46
138 46 58
138 46 62
138 46 138
138 46 142
138 46 154
138 46 158
138 46 170
138 46 174
138 46 186
138 46 190
138 58 10
138 58 14
138 58 26
138 58 30
138 58 42
138 58 46
138 58 58
138 58 62
138 58 138
138 58 142
138 58 154
138 58 158
138 58 170
138 58 174
138 58 186
138 58 190
138 62 10
138 62 14
138 62 26
138 62 30
138 62 42
138 62 46
138 62 58
138 62 62
138 62 138
138 62 142
138 62 154
138 62 158
138 62 170
138 62 174
138 62 186
138 62 190
138 138 10
138 138 14
138 138 26
138 138 30
138 138 42
138 138 46
138 138 58
138 138 62
138 138 138
138 138 142
138 138 154
138 138 158
138 138 170
138 138 174
138 138 186
138 138 190
138 142 10
138 142 14
138 142 26
138 142 30
138 142 42
138 142 46
138 142 58
138 142 62
138 142 138
138 142 142
138 142 154
138 142 158
138 142 170
138 142 174
138 142 186
138 142 190
138 154 10
138 154 14
138 154 26
138 154 30
138 154 42
138 154 46
138 154 58
138 154 62
138 154 138
138 154 142
138 154 154
138 154 158
138 154 170
138 154 174
138 154 186
138 154 190
138 158 10
138 158 14
138 158 26
138 158 30
138 158 42
138 158 46
138 158 58
138 158 62
138 158 138
138 158 142
138 158 154
138 158 158
138 158 170
138 158 174
138 158 186
138 158 190
138 170 10
138 170 14
138 170 26
138 170 30
138 170 42
138 170 46
138 170 58
138 170 62
138 170 138
138 170 142
138 170 154
138 170 158
138 170 170
138 170 174
138 170 186
138 170 190
138 174 10
138 174 14
138 174 26
138 174 30
138 174 42
138 174 46
138 174 58
138 174 62
138 174 138
138 174 142
138 174 154
138 174 158
138 174 170
138 174 174
138 174 186
138 174 190
138 186 10
138 186 14
138 186 26
138 186 30
138 186 42
138 186 46
138 186 58
138 186 62
138 186 138
138 186 142
138 186 154
138 186 158
138 186 170
138 186 174
138 186 186
138 186 190
138 190 10
138 190 14
138 190 26
138 190 30
138 190 42
138 190 46
138 190 58
138 190 62
138 190 138
138 190 142
138 190 154
138 190 158
138 190 170
138 190 174
138 190 186
138 190 190
142 10 10
142 10 14
142 10 26
142 10 30
142 10 42
142 10 46
142 10 58
142 10 62
142 10 138
142 10 142
142 10 154
142 10 158
142 10 170
142 10 174
142 10 186
142 10 190
142 14 10
142 14 14
142 14 26
142 14 30
142 14 42
142 14 46
142 14 58
142 14 62
142 14 138
142 14 142
142 14 154
142 14 158
142 14 170
142 14 174
142 14 186
142 14 190
142 26 10
142 26 14
142 26 26
142 26 30
142 26 42
142 26 46
142 26 58
142 26 62
142 26 138
142 26 142
142 26 154
142 26 158
142 26 170
142 26 174
142 26 186
142 26 190
142 30 10
142 30 14
142 30 26
142 30 30
142 30 42
142 30 46
142 30 58
142 30 62
142 30 138
142 30 142
142 30 154
142 30 158
142 30 170
142 30 174
142 30 186
142 30 190
142 42 10
142 42 14
142 42 26
142 42 30
142 42 42
142 42 46
142 42 58
142 42 62
142 42 138
142 42 142
142 42 154
142 42 158
142 42 170
142 42 174
142 42 186
142 42 190
142 46 10
142 46 14
142 46 26
142 46 30
142 46 42
142 46 46
142 46 58
142 46 62
142 46 138
142 46 142
142 46 154
142 46 158
142 46 170
142 46 174
142 46 186
142 46 190
142 58 10
142 58 14
142 58 26
142 58 30
142 58 42
142 58 46
142 58 58
142 58 62
142 58 138
142 58 142
142 58 154
142 58 158
142 58 170
142 58 174
142 58 186
142 58 190
142 62 10
142 62 14
142 62 26
142 62 30
142 62 42
142 62 46
142 62 58
142 62 62
142 62 138
142 62 142
142 62 154
142 62 158
142 62 170
142 62 174
142 62 186
142 62 190
142 138 10
142 138 14
142 138 26
142 138 30
142 138 42
142 138 46
142 138 58
142 138 62
142 138 138
142 138 142
142 138 154
142 138 158
142 138 170
142 138 174
142 138 186
142 138 190
142 142 10
142 142 14
142 142 26
142 142 30
142 142 42
142 142 46
142 142 58
142 142 62
142 142 138
142 142 142
142 142 154
142 142 158
142 142 170
142 142 174
142 142 186
142 142 190
142 154 10
142 154 14
142 154 26
142 154 30
142 154 42
142 154 46
142 154 58
142 154 62
142 154 138
142 154 142
142 154 154
142 154 158
142 154 170
142 154 174
142 154 186
142 154 190
142 158 10
142 158 14
142 158 26
142 158 30
142 158 42
142 158 46
142 158 58
142 158 62
142 158 138
142 158 142
142 158 154
142 158 158
142 158 170
142 158 174
142 158 186
142 158 190
142 170 10
142 170 14
142 170 26
142 170 30
142 170 42
142 170 46
142 170 58
142 170 62
142 170 138
142 170 142
142 170 154
142 170 158
142 170 170
142 170 174
142 170 186
142 170 190
142 174 10
142 174 14
142 174 26
142 174 30
142 174 42
142 174 46
142 174 58
142 174 62
142 174 138
142 174 142
142 174 154
142 174 158
142 174 170
142 174 174
142 174 186
142 174 190
142 186 10
142 186 14
142 186 26
142 186 30
142 186 42
142 186 46
142 186 58
142 186 62
142 186 138
142 186 142
142 186 154
142 186 158
142 186 170
142 186 174
142 186 186
142 186 190
142 190 10
142 190 14
142 190 26
142 190 30
142 190 42
142 190 46
142 190 58
142 190 62
142 190 138
142 190 142
142 190 154
142 190 158
142 190 170
142 190 174
142 190 186
142 190 190
154 10 10
154 10 14
154 10 26
154 10 30
154 10 42
154 10 46
154 10 58
154 10 62
154 10 138
154 10 142
154 10 154
154 10 158
154 10 170
154 10 174
154 10 186
154 10 190
154 14 10
154 14 14
154 14 26
154 14 30
154 14 42
154 14 46
154 14 58
154 14 62
154 14 138
154 14 142
154 14 154
154 14 158
154 14 170
154 14 174
154 14 186
154 14 190
154 26 10
154 26 14
154 26 26
154 26 30
154 26 42
154 26 46
154 26 58
154 26 62
154 26 138
154 26 142
154 26 154
154 26 158
154 26 170
154 26 174
154 26 186
154 26 190
154 30 10
154 30 14
154 30 26
154 30 30
154 30 42
154 30 46
154 30 58
154 30 62
154 30 138
154 30 142
154 30 154
154 30 158
154 30 170
154 30 174
154 30 186
154 30 190
154 42 10
154 42 14
154 42 26
154 42 30
154 42 42
154 42 46
154 42 58
154 42 62
154 42 138
154 42 142
154 42 154
154 42 158
154 42 170
154 42 174
154 42 186
154 42 190
154 46 10
154 46 14
154 46 26
154 46 30
154 46 42
154 46 46
154 46 58
154 46 62
154 46 138
154 46 142
154 46 154
154 46 158
154 46 170
154 46 174
154 46 186
154 46 190
154 58 10
154 58 14
154 58 26
154 58 30
154 58 42
154 58 46
154 58 58
154 58 62
154 58 138
154 58 142
154 58 154
154 58 158
154 58 170
154 58 174
154 58 186
154 58 190
154 62 10
154 62 14
154 62 26
154 62 30
154 62 42
154 62 46
154 62 58
154 62 62
154 62 138
154 62 142
154 62 154
154 62 158
154 62 170
154 62 174
154 62 186
154 62 190
154 138 10
154 138 14
154 138 26
154 138 30
154 138 42
154 138 46
154 138 58
154 138 62
154 138 138
154 138 142
154 138 154
154 138 158
154 138 170
154 138 174
154 138 186
154 138 190
154 142 10
154 142 14
154 142 26
154 142 30
154 142 42
154 142 46
154 142 58
154 142 62
154 142 138
154 142 142
154 142 154
154 142 158
154 142 170
154 142 174
154 142 186
154 142 190
154 154 10
154 154 14
154 154 26
154 154 30
154 154 42
154 154 46
154 154 58
154 154 62
154 154 138
154 154 142
154 154 154
154 154 158
154 154 170
154 154 174
154 154 186
154 154 190
154 158 10
154 158 14
154 158 26
154 158 30
154 158 42
154 158 46
154 158 58
154 158 62
154 158 138
154 158 142
154 158 154
154 158 158
154 158 170
154 158 174
154 158 186
154 158 190
154 170 10
154 170 14
154 170 26
154 170 30
154 170 42
154 170 46
154 170 58
154 170 62
154 170 138
154 170 142
154 170 154
154 170 158
154 170 170
154 170 174
154 170 186
154 170 190
154 174 10
154 174 14
154 174 26
154 174 30
154 174 42
154 174 46
154 174 58
154 174 62
154 174 138
154 174 142
154 174 154
154 174 158
154 174 170
154 174 174
154 174 186
154 174 190
154 186 10
154 186 14
154 186 26
154 186 30
154 186 42
154 186 46
154 186 58
154 186 62
154 186 138
154 186 142
154 186 154
154 186 158
154 186 170
154 186 174
154 186 186
154 186 190
154 190 10
154 190 14
154 190 26
154 190 30
154 190 42
154 190 46
154 190 58
154 190 62
154 190 138
154 190 142
154 190 154
154 190 158
154 190 170
154 190 174
154 190 186
154 190 190
158 10 10
158 10 14
158 10 26
158 10 30
158 10 42
158 10 46
158 10 58
158 10 62
158 10 138
158 10 142
158 10 154
158 10 158
158 10 170
158 10 174
158 10 186
158 10 190
158 14 10
158 14 14
158 14 26
158 14 30
158 14 42
158 14 46
158 14 58
158 14 62
158 14 138
158 14 142
158 14 154
158 14 158
158 14 170
158 14 174
158 14 186
158 14 190
158 26 10
158 26 14
158 26 26
158 26 30
158 26 42
158 26 46
158 26 58
158 26 62
158 26 138
158 26 142
158 26 154
158 26 158
158 26 170
158 26 174
158 26 186
158 26 190
158 30 10
158 30 14
158 30 26
158 30 30
158 30 42
158 30 46
158 30 58
158 30 62
158 30 138
158 30 142
158 30 154
158 30 158
158 30 170
158 30 174
158 30 186
158 30 190
158 42 10
158 42 14
158 42 26
158 42 30
158 42 42
158 42 46
158 42 58
158 42 62
158 42 138
158 42 142
158 42 154
158 42 158
158 42 170
158 42 174
158 42 186
158 42 190
158 46 10
158 46 14
158 46 26
158 46 30
158 46 42
158 46 46
158 46 58
158 46 62
158 46 138
158 46 142
158 46 154
158 46 158
158 46 170
158 46 174
158 46 186
158 46 190
158 58 10
158 58 14
158 58 26
158 58 30
158 58 42
158 58 46
158 58 58
158 58 62
158 58 138
158 58 142
158 58 154
158 58 158
158 58 170
158 58 174
158 58 186
158 58 190
158 62 10
158 62 14
158 62 26
158 62 30
158 62 42
158 62 46
158 62 58
158 62 62
158 62 138
158 62 142
158 62 154
158 62 158
158 62 170
158 62 174
158 62 186
158 62 190
158 138 10
158 138 14
158 138 26
158 138 30
158 138 42
158 138 46
158 138 58
158 138 62
158 138 138
158 138 142
158 138 154
158 138 158
158 138 170
158 138 174
158 138 186
158 138 190
158 142 10
158 142 14
158 142 26
158 142 30
158 142 42
158 142 46
158 142 58
158 142 62
158 142 138
158 142 142
158 142 154
158 142 158
158 142 170
158 142 174
158 142 186
158 142 190
158 154 10
158 154 14
158 154 26
158 154 30
158 154 42
158 154 46
158 154 58
158 154 62
158 154 138
158 154 142
158 154 154
158 154 158
158 154 170
158 154 174
158 154 186
158 154 190
158 158 10
158 158 14
158 158 26
158 158 30
158 158 42
158 158 46
158 158 58
158 158 62
158 158 138
158 158 142
158 158 154
158 158 158
158 158 170
158 158 174
158 158 186
158 158 190
158 170 10
158 170 14
158 170 26
158 170 30
158 170 42
158 170 46
158 170 58
158 170 62
158 170 138
158 170 142
158 170 154
158 170 158
158 170 170
158 170 174
158 170 186
158 170 190
158 174 10
158 174 14
158 174 26
158 174 30
158 174 42
158 174 46
158 174 58
158 174 62
158 174 138
158 174 142
158 174 154
158 174 158
158 174 170
158 174 174
158 174 186
158 174 190
158 186 10
158 186 14
158 186 26
158 186 30
158 186 42
158 186 46
158 186 58
158 186 62
158 186 138
158 186 142
158 186 154
158 186 158
158 186 170
158 186 174
158 186 186
158 186 190
158 190 10
158 190 14
158 190 26
158 190 30
158 190 42
158 190 46
158 190 58
158 190 62
158 190 138
158 190 142
158 190 154
158 190 158
158 190 170
158 190 174
158 190 186
158 190 190
170 10 10
170 10 14
170 10 26
170 10 30
170 10 42
170 10 46
170 10 58
170 10 62
170 10 138
170 10 142
170 10 154
170 10 158
170 10 170
170 10 174
170 10 186
170 10 190
170 14 10
170 14 14
170 14 26
170 14 30
170 14 42
170 14 46
170 14 58
170 14 62
170 14 138
170 14 142
170 14 154
170 14 158
170 14 170
170 14 174
170 14 186
170 14 190
170 26 10
170 26 14
170 26 26
170 26 30
170 26 42
170 26 46
170 26 58
170 26 62
170 26 138
170 26 142
170 26 154
170 26 158
170 26 170
170 26 174
170 26 186
170 26 190
170 30 10
170 30 14
170 30 26
170 30 30
170 30 42
170 30 46
170 30 58
170 30 62
170 30 138
170 30 142
170 30 154
170 30 158
170 30 170
170 30 174
170 30 186
170 30 190
170 42 10
170 42 14
170 42 26
170 42 30
170 42 42
170 42 46
170 42 58
170 42 62
170 42 138
170 42 142
170 42 154
170 42 158
170 42 170
170 42 174
170 42 186
170 42 190
170 46 10
170 46 14
170 46 26
170 46 30
170 46 42
170 46 46
170 46 58
170 46 62
170 46 138
170 46 142
170 46 154
170 46 158
170 46 170
170 46 174
170 46 186
170 46 190
170 58 10
170 58 14
170 58 26
170 58 30
170 58 42
170 58 46
170 58 58
170 58 62
170 58 138
170 58 142
170 58 154
170 58 158
170 58 170
170 58 174
170 58 186
170 58 190
170 62 10
170 62 14
170 62 26
170 62 30
170 62 42
170 62 46
170 62 58
170 62 62
170 62 138
170 62 142
170 62 154
170 62 158
170 62 170
170 62 174
170 62 186
170 62 190
170 138 10
170 138 14
170 138 26
170 138 30
170 138 42
170 138 46
170 138 58
170 138 62
170 138 138
170 138 142
170 138 154
170 138 158
170 138 170
170 138 174
170 138 186
170 138 190
170 142 10
170 142 14
170 142 26
170 142 30
170 142 42
170 142 46
170 142 58
170 142 62
170 142 138
170 142 142
170 142 154
170 142 158
170 142 170
170 142 174
170 142 186
170 142 190
170 154 10
170 154 14
170 154 26
170 154 30
170 154 42
170 154 46
170 154 58
170 154 62
170 154 138
170 154 142
170 154 154
170 154 158
170 154 170
170 154 174
170 154 186
170 154 190
170 158 10
170 158 14
170 158 26
170 158 30
170 158 42
170 158 46
170 158 58
170 158 62
170 158 138
170 158 142
170 158 154
170 158 158
170 158 170
170 158 174
170 158 186
170 158 190
170 170 10
170 170 14
170 170 26
170 170 30
170 170 42
170 170 46
170 170 58
170 170 62
170 170 138
170 170 142
170 170 154
170 170 158
170 170 170
170 170 174
170 170 186
170 170 190
170 174 10
170 174 14
170 174 26
170 174 30
170 174 42
170 174 46
170 174 58
170 174 62
170 174 138
170 174 142
170 174 154
170 174 158
170 174 170
170 174 174
170 174 186
170 174 190
170 186 10
170 186 14
170 186 26
170 186 30
170 186 42
170 186 46
170 186 58
170 186 62
170 186 138
170 186 142
170 186 154
170 186 158
170 186 170
170 186 174
170 186 186
170 186 190
170 190 10
170 190 14
170 190 26
170 190 30
170 190 42
170 190 46
170 190 58
170 190 62
170 190 138
170 190 142
170 190 154
170 190 158
170 190 170
170 190 174
170 190 186
170 190 190
174 10 10
174 10 14
174 10 26
174 10 30
174 10 42
174 10 46
174 10 58
174 10 62
174 10 138
174 10 142
174 10 154
174 10 158
174 10 170
174 10 174
174 10 186
174 10 190
174 14 10
174 14 14
174 14 26
174 14 30
174 14 42
174 14 46
174 14 58
174 14 62
174 14 138
174 14 142
174 14 154
174 14 158
174 14 170
174 14 174
174 14 186
174 14 190
174 26 10
174 26 14
174 26 26
174 26 30
174 26 42
174 26 46
174 26 58
174 26 62
174 26 138
174 26 142
174 26 154
174 26 158
174 26 170
174 26 174
174 26 186
174 26 190
174 30 10
174 30 14
174 30 26
174 30 30
174 30 42
174 30 46
174 30 58
174 30 62
174 30 138
174 30 142
174 30 154
174 30 158
174 30 170
174 30 174
174 30 186
174 30 190
174 42 10
174 42 14
174 42 26
174 42 30
174 42 42
174 42 46
174 42 58
174 42 62
174 42 138
174 42 142
174 42 154
174 42 158
174 42 170
174 42 174
174 42 186
174 42 190
174 46 10
174 46 14
174 46 26
174 46 30
174 46 42
174 46 46
174 46 58
174 46 62
174 46 138
174 46 142
174 46 154
174 46 158
174 46 170
174 46 174
174 46 186
174 46 190
174 58 10
174 58 14
174 58 26
174 58 30
174 58 42
174 58 46
174 58 58
174 58 62
174 58 138
174 58 142
174 58 154
174 58 158
174 58 170
174 58 174
174 58 186
174 58 190
174 62 10
174 62 14
174 62 26
174 62 30
174 62 42
174 62 46
174 62 58
174 62 62
174 62 138
174 62 142
174 62 154
174 62 158
174 62 170
174 62 174
174 62 186
174 62 190
174 138 10
174 138 14
174 138 26
174 138 30
174 138 42
174 138 46
174 138 58
174 138 62
174 138 138
174 138 142
174 138 154
174 138 158
174 138 170
174 138 174
174 138 186
174 138 190
174 142 10
174 142 14
174 142 26
174 142 30
174 142 42
174 142 46
174 142 58
174 142 62
174 142 138
174 142 142
174 142 154
174 142 158
174 142 170
174 142 174
174 142 186
174 142 190
174 154 10
174 154 14
174 154 26
174 154 30
174 154 42
174 154 46
174 154 58
174 154 62
174 154 138
174 154 142
174 154 154
174 154 158
174 154 170
174 154 174
174 154 186
174 154 190
174 158 10
174 158 14
174 158 26
174 158 30
174 158 42
174 158 46
174 158 58
174 158 62
174 158 138
174 158 142
174 158 154
174 158 158
174 158 170
174 158 174
174 158 186
174 158 190
174 170 10
174 170 14
174 170 26
174 170 30
174 170 42
174 170 46
174 170 58
174 170 62
174 170 138
174 170 142
174 170 154
174 170 158
174 170 170
174 170 174
174 170 186
174 170 190
174 174 10
174 174 14
174 174 26
174 174 30
174 174 42
174 174 46
174 174 58
174 174 62
174 174 138
174 174 142
174 174 154
174 174 158
174 174 170
174 174 174
174 174 186
174 174 190
174 186 10
174 186 14
174 186 26
174 186 30
174 186 42
174 186 46
174 186 58
174 186 62
174 186 138
174 186 142
174 186 154
174 186 158
174 186 170
174 186 174
174 186 186
174 186 190
174 190 10
174 190 14
174 190 26
174 190 30
174 190 42
174 190 46
174 190 58
174 190 62
174 190 138
174 190 142
174 190 154
174 190 158
174 190 170
174 190 174
174 190 186
174 190 190
186 10 10
186 10 14
186 10 26
186 10 30
186 10 42
186 10 46
186 10 58
186 10 62
186 10 138
186 10 142
186 10 154
186 10 158
186 10 170
186 10 174
186 10 186
186 10 190
186 14 10
186 14 14
186 14 26
186 14 30
186 14 42
186 14 46
186 14 58
186 14 62
186 14 138
186 14 142
186 14 154
186 14 158
186 14 170
186 14 174
186 14 186
186 14 190
186 26 10
186 26 14
186 26 26
186 26 30
186 26 42
186 26 46
186 26 58
186 26 62
186 26 138
186 26 142
186 26 154
186 26 158
186 26 170
186 26 174
186 26 186
186 26 190
186 30 10
186 30 14
186 30 26
186 30 30
186 30 42
186 30 46
186 30 58
186 30 62
186 30 138
186 30 142
186 30 154
186 30 158
186 30 170
186 30 174
186 30 186
186 30 190
186 42 10
186 42 14
186 42 26
186 42 30
186 42 42
186 42 46
186 42 58
186 42 62
186 42 138
186 42 142
186 42 154
186 42 158
186 42 170
186 42 174
186 42 186
186 42 190
186 46 10
186 46 14
186 46 26
186 46 30
186 46 42
186 46 46
186 46 58
186 46 62
186 46 138
186 46 142
186 46 154
186 46 158
186 46 170
186 46 174
186 46 186
186 46 190
186 58 10
186 58 14
186 58 26
186 58 30
186 58 42
186 58 46
186 58 58
186 58 62
186 58 138
186 58 142
186 58 154
186 58 158
186 58 170
186 58 174
186 58 186
186 58 190
186 62 10
186 62 14
186 62 26
186 62 30
186 62 42
186 62 46
186 62 58
186 62 62
186 62 138
186 62 142
186 62 154
186 62 158
186 62 170
186 62 174
186 62 186
186 62 190
186 138 10
186 138 14
186 138 26
186 138 30
186 138 42
186 138 46
186 138 58
186 138 62
186 138 138
186 138 142
186 138 154
186 138 158
186 138 170
186 138 174
186 138 186
186 138 190
186 142 10
186 142 14
186 142 26
186 142 30
186 142 42
186 142 46
186 142 58
186 142 62
186 142 138
186 142 142
186 142 154
186 142 158
186 142 170
186 142 174
186 142 186
186 142 190
186 154 10
186 154 14
186 154 26
186 154 30
186 154 42
186 154 46
186 154 58
186 154 62
186 154 138
186 154 142
186 154 154
186 154 158
186 154 170
186 154 174
186 154 186
186 154 190
186 158 10
186 158 14
186 158 26
186 158 30
186 158 42
186 158 46
186 158 58
186 158 62
186 158 138
186 158 142
186 158 154
186 158 158
186 158 170
186 158 174
186 158 186
186 158 190
186 170 10
186 170 14
186 170 26
186 170 30
186 170 42
186 170 46
186 170 58
186 170 62
186 170 138
186 170 142
186 170 154
186 170 158
186 170 170
186 170 174
186 170 186
186 170 190
186 174 10
186 174 14
186 174 26
186 174 30
186 174 42
186 174 46
186 174 58
186 174 62
186 174 138
186 174 142
186 174 154
186 174 158
186 174 170
186 174 174
186 174 186
186 174 190
186 186 10
186 186 14
186 186 26
186 186 30
186 186 42
186 186 46
186 186 58
186 186 62
186 186 138
186 186 142
186 186 154
186 186 158
186 186 170
186 186 174
186 186 186
186 186 190
186 190 10
186 190 14
186 190 26
186 190 30
186 190 42
186 190 46
186 190 58
186 190 62
186 190 138
186 190 142
186 190 154
186 190 158
186 190 170
186 190 174
186 190 186
186 190 190
190 10 10
190 10 14
190 10 26
190 10 30
190 10 42
190 10 46
190 10 58
190 10 62
190 10 138
190 10 142
190 10 154
190 10 158
190 10 170
190 10 174
190 10 186
190 10 190
190 14 10
190 14 14
190 14 26
190 14 30
190 14 42
190 14 46
190 14 58
190 14 62
190 14 138
190 14 142
190 14 154
190 14 158
190 14 170
190 14 174
190 14 186
190 14 190
190 26 10
190 26 14
190 26 26
190 26 30
190 26 42
190 26 46
190 26 58
190 26 62
190 26 138
190 26 142
190 26 154
190 26 158
190 26 170
190 26 174
190 26 186
190 26 190
190 30 10
190 30 14
190 30 26
190 30 30
190 30 42
190 30 46
190 30 58
190 30 62
190 30 138
190 30 142
190 30 154
190 30 158
190 30 170
190 30 174
190 30 186
190 30 190
190 42 10
190 42 14
190 42 26
190 42 30
190 42 42
190 42 46
190 42 58
190 42 62
190 42 138
190 42 142
190 42 154
190 42 158
190 42 170
190 42 174
190 42 186
190 42 190
190 46 10
190 46 14
190 46 26
190 46 30
190 46 42
190 46 46
190 46 58
190 46 62
190 46 138
190 46 142
190 46 154
190 46 158
190 46 170
190 46 174
190 46 186
190 46 190
190 58 10
190 58 14
190 58 26
190 58 30
190 58 42
190 58 46
190 58 58
190 58 62
190 58 138
190 58 142
190 58 154
190 58 158
190 58 170
190 58 174
190 58 186
190 58 190
190 62 10
190 62 14
190 62 26
190 62 30
190 62 42
190 62 46
190 62 58
190 62 62
190 62 138
190 62 142
190 62 154
190 62 158
190 62 170
190 62 174
190 62 186
190 62 190
190 138 10
190 138 14
190 138 26
190 138 30
190 138 42
190 138 46
190 138 58
190 138 62
190 138 138
190 138 142
190 138 154
190 138 158
190 138 170
190 138 174
190 138 186
190 138 190
190 142 10
190 142 14
190 142 26
190 142 30
190 142 42
190 142 46
190 142 58
190 142 62
190 142 138
190 142 142
190 142 154
190 142 158
190 142 170
190 142 174
190 142 186
190 142 190
190 154 10
190 154 14
190 154 26
190 154 30
190 154 42
190 154 46
190 154 58
190 154 62
190 154 138
190 154 142
190 154 154
190 154 158
190 154 170
190 154 174
190 154 186
190 154 190
190 158 10
190 158 14
190 158 26
190 158 30
190 158 42
190 158 46
190 158 58
190 158 62
190 158 138
190 158 142
190 158 154
190 158 158
190 158 170
190 158 174
190 158 186
190 158 190
190 170 10
190 170 14
190 170 26
190 170 30
190 170 42
190 170 46
190 170 58
190 170 62
190 170 138
190 170 142
190 170 154
190 170 158
190 170 170
190 170 174
190 170 186
190 170 190
190 174 10
190 174 14
190 174 26
190 174 30
190 174 42
190 174 46
190 174 58
190 174 62
190 174 138
190 174 142
190 174 154
190 174 158
190 174 170
190 174 174
190 174 186
190 174 190
190 186 10
190 186 14
190 186 26
190 186 30
190 186 42
190 186 46
190 186 58
190 186 62
190 186 138
190 186 142
190 186 154
190 186 158
190 186 170
190 186 174
190 186 186
190 186 190
190 190 10
190 190 14
190 190 26
190 190 30
190 190 42
190 190 46
190 190 58
190 190 62
190 190 138
190 190 142
190 190 154
190 190 158
190 190 170
190 190 174
190 190 186
190 190 190
