200
20 20 20
20 20 52
20 20 148
20 20 180
20 52 20
20 52 52
20 52 148
20 52 180
20 148 20
20 148 52
20 148 148
20 148 180
20 180 20
20 180 52
20 180 148
20 180 180
52 20 20
52 20 52
52 20 148
52 20 180
52 52 20
52 52 52
52 52 148
52 52 180
52 148 20
52 148 52
52 148 148
52 148 180
52 180 20
52 180 52
52 180 148
52 180 180
148 20 20
148 20 52
148 20 148
148 20 180
148 52 20
148 52 52
148 52 148
148 52 180
148 148 20
148 148 52
148 148 148
148 148 180
148 180 20
148 180 52
148 180 148
148 180 180
180 20 20
180 20 52
180 20 148
180 20 180
180 52 20
180 52 52
180 52 148
180 52 180
180 148 20
180 148 52
180 148 148
180 148 180
180 180 20
180 180 52
180 180 148
180 180 180
