200
20 20 20
20 20 28
20 20 168
20 20 176
20 28 20
20 28 28
20 28 168
20 28 176
20 168 20
20 168 28
20 168 168
20 168 176
20 176 20
20 176 28
20 176 168
20 176 176
28 20 20
28 20 28
28 20 168
28 20 176
28 28 20
28 28 28
28 28 168
28 28 176
28 168 20
28 168 28
28 168 168
28 168 176
28 176 20
28 176 28
28 176 168
28 176 176
168 20 20
168 20 28
168 20 168
168 20 176
168 28 20
168 28 28
168 28 168
168 28 176
168 168 20
168 168 28
168 168 168
168 168 176
168 176 20
168 176 28
168 176 168
168 176 176
176 20 20
176 20 28
176 20 168
176 20 176
176 28 20
176 28 28
176 28 168
176 28 176
176 168 20
176 168 28
176 168 168
176 168 176
176 176 20
176 176 28
176 176 168
176 176 176
