200
10 10 10
10 10 14
10 10 18
10 10 42
10 10 46
10 10 50
10 10 54
10 10 58
10 10 62
10 10 66
10 10 70
10 10 126
10 10 130
10 10 134
10 10 138
10 10 142
10 10 146
10 10 150
10 10 154
10 10 182
10 10 186
10 14 10
10 14 14
10 14 18
10 14 42
10 14 46
10 14 50
10 14 54
10 14 58
10 14 62
10 14 66
10 14 70
10 14 126
10 14 130
10 14 134
10 14 138
10 14 142
10 14 146
10 14 150
10 14 154
10 14 182
10 14 186
10 18 10
10 18 14
10 18 18
10 18 42
10 18 46
10 18 50
10 18 54
10 18 58
10 18 62
10 18 66
10 18 70
10 18 126
10 18 130
10 18 134
10 18 138
10 18 142
10 18 146
10 18 150
10 18 154
10 18 182
10 18 186
10 42 10
10 42 14
10 42 18
10 42 42
10 42 46
10 42 50
10 42 54
10 42 58
10 42 62
10 42 66
10 42 70
10 42 126
10 42 130
10 42 134
10 42 138
10 42 142
10 42 146
10 42 150
10 42 154
10 42 182
10 42 186
10 46 10
10 46 14
10 46 18
10 46 42
10 46 46
10 46 50
10 46 54
10 46 58
10 46 62
10 46 66
10 46 70
10 46 126
10 46 130
10 46 134
10 46 138
10 46 142
10 46 146
10 46 150
10 46 154
10 46 182
10 46 186
10 50 10
10 50 14
10 50 18
10 50 42
10 50 46
10 50 50
10 50 54
10 50 58
10 50 62
10 50 66
10 50 70
10 50 126
10 50 130
10 50 134
10 50 138
10 50 142
10 50 146
10 50 150
10 50 154
10 50 182
10 50 186
10 54 10
10 54 14
10 54 18
10 54 42
10 54 46
10 54 50
10 54 54
10 54 58
10 54 62
10 54 66
10 54 70
10 54 126
10 54 130
10 54 134
10 54 138
10 54 142
10 54 146
10 54 150
10 54 154
10 54 182
10 54 186
10 58 10
10 58 14
10 58 18
10 58 42
10 58 46
10 58 50
10 58 54
10 58 58
10 58 62
10 58 66
10 58 70
10 58 126
10 58 130
10 58 134
10 58 138
10 58 142
10 58 146
10 58 150
10 58 154
10 58 182
10 58 186
10 62 10
10 62 14
10 62 18
10 62 42
10 62 46
10 62 50
10 62 54
10 62 58
10 62 62
10 62 66
10 62 70
10 62 126
10 62 130
10 62 134
10 62 138
10 62 142
10 62 146
10 62 150
10 62 154
10 62 182
10 62 186
10 66 10
10 66 14
10 66 18
10 66 42
10 66 46
10 66 50
10 66 54
10 66 58
10 66 62
10 66 66
10 66 70
10 66 126
10 66 130
10 66 134
10 66 138
10 66 142
10 66 146
10 66 150
10 66 154
10 66 182
10 66 186
10 70 10
10 70 14
10 70 18
10 70 42
10 70 46
10 70 50
10 70 54
10 70 58
10 70 62
10 70 66
10 70 70
10 70 126
10 70 130
10 70 134
10 70 138
10 70 142
10 70 146
10 70 150
10 70 154
10 70 182
10 70 186
10 126 10
10 126 14
10 126 18
10 126 42
10 126 46
10 126 50
10 126 54
10 126 58
10 126 62
10 126 66
10 126 70
10 126 126
10 126 130
10 126 134
10 126 138
10 126 142
10 126 146
10 126 150
10 126 154
10 126 182
10 126 186
10 130 10
10 130 14
10 130 18
10 130 42
10 130 46
10 130 50
10 130 54
10 130 58
10 130 62
10 130 66
10 130 70
10 130 126
10 130 130
10 130 134
10 130 138
10 130 142
10 130 146
10 130 150
10 130 154
10 130 182
10 130 186
10 134 10
10 134 14
10 134 18
10 134 42
10 134 46
10 134 50
10 134 54
10 134 58
10 134 62
10 134 66
10 134 70
10 134 126
10 134 130
10 134 134
10 134 138
10 134 142
10 134 146
10 134 150
10 134 154
10 134 182
10 134 186
10 138 10
10 138 14
10 138 18
10 138 42
10 138 46
10 138 50
10 138 54
10 138 58
10 138 62
10 138 66
10 138 70
10 138 126
10 138 130
10 138 134
10 138 138
10 138 142
10 138 146
10 138 150
10 138 154
10 138 182
10 138 186
10 142 10
10 142 14
10 142 18
10 142 42
10 142 46
10 142 50
10 142 54
10 142 58
10 142 62
10 142 66
10 142 70
10 142 126
10 142 130
10 142 134
10 142 138
10 142 142
10 142 146
10 142 150
10 142 154
10 142 182
10 142 186
10 146 10
10 146 14
10 146 18
10 146 42
10 146 46
10 146 50
10 146 54
10 146 58
10 146 62
10 146 66
10 146 70
10 146 126
10 146 130
10 146 134
10 146 138
10 146 142
10 146 146
10 146 150
10 146 154
10 146 182
10 146 186
10 150 10
10 150 14
10 150 18
10 150 42
10 150 46
10 150 50
10 150 54
10 150 58
10 150 62
10 150 66
10 150 70
10 150 126
10 150 130
10 150 134
10 150 138
10 150 142
10 150 146
10 150 150
10 150 154
10 150 182
10 150 186
10 154 10
10 154 14
10 154 18
10 154 42
10 154 46
10 154 50
10 154 54
10 154 58
10 154 62
10 154 66
10 154 70
10 154 126
10 154 130
10 154 134
10 154 138
10 154 142
10 154 146
10 154 150
10 154 154
10 154 182
10 154 186
10 182 10
10 182 14
10 182 18
10 182 42
10 182 46
10 182 50
10 182 54
10 182 58
10 182 62
10 182 66
10 182 70
10 182 126
10 182 130
10 182 134
10 182 138
10 182 142
10 182 146
10 182 150
10 182 154
10 182 182
10 182 186
10 186 10
10 186 14
10 186 18
10 186 42
10 186 46
10 186 50
10 186 54
10 186 58
10 186 62
10 186 66
10 186 70
10 186 126
10 186 130
10 186 134
10 186 138
10 186 142
10 186 146
10 186 150
10 186 154
10 186 182
10 186 186
14 10 10
14 10 14
14 10 18
14 10 42
14 10 46
14 10 50
14 10 54
14 10 58
14 10 62
14 10 66
14 10 70
14 10 126
14 10 130
14 10 134
14 10 138
14 10 142
14 10 146
14 10 150
14 10 154
14 10 182
14 10 186
14 14 10
14 14 14
14 14 18
14 14 42
14 14 46
14 14 50
14 14 54
14 14 58
14 14 62
14 14 66
14 14 70
14 14 126
14 14 130
14 14 134
14 14 138
14 14 142
14 14 146
14 14 150
14 14 154
14 14 182
14 14 186
14 18 10
14 18 14
14 18 18
14 18 42
14 18 46
14 18 50
14 18 54
14 18 58
14 18 62
14 18 66
14 18 70
14 18 126
14 18 130
14 18 134
14 18 138
14 18 142
14 18 146
14 18 150
14 18 154
14 18 182
14 18 186
14 42 10
14 42 14
14 42 18
14 42 42
14 42 46
14 42 50
14 42 54
14 42 58
14 42 62
14 42 66
14 42 70
14 42 126
14 42 130
14 42 134
14 42 138
14 42 142
14 42 146
14 42 150
14 42 154
14 42 182
14 42 186
14 46 10
14 46 14
14 46 18
14 46 42
14 46 46
14 46 50
14 46 54
14 46 58
14 46 62
14 46 66
14 46 70
14 46 126
14 46 130
14 46 134
14 46 138
14 46 142
14 46 146
14 46 150
14 46 154
14 46 182
14 46 186
14 50 10
14 50 14
14 50 18
14 50 42
14 50 46
14 50 50
14 50 54
14 50 58
14 50 62
14 50 66
14 50 70
14 50 126
14 50 130
14 50 134
14 50 138
14 50 142
14 50 146
14 50 150
14 50 154
14 50 182
14 50 186
14 54 10
14 54 14
14 54 18
14 54 42
14 54 46
14 54 50
14 54 54
14 54 58
14 54 62
14 54 66
14 54 70
14 54 126
14 54 130
14 54 134
14 54 138
14 54 142
14 54 146
14 54 150
14 54 154
14 54 182
14 54 186
14 58 10
14 58 14
14 58 18
14 58 42
14 58 46
14 58 50
14 58 54
14 58 58
14 58 62
14 58 66
14 58 70
14 58 126
14 58 130
14 58 134
14 58 138
14 58 142
14 58 146
14 58 150
14 58 154
14 58 182
14 58 186
14 62 10
14 62 14
14 62 18
14 62 42
14 62 46
14 62 50
14 62 54
14 62 58
14 62 62
14 62 66
14 62 70
14 62 126
14 62 130
14 62 134
14 62 138
14 62 142
14 62 146
14 62 150
14 62 154
14 62 182
14 62 186
14 66 10
14 66 14
14 66 18
14 66 42
14 66 46
14 66 50
14 66 54
14 66 58
14 66 62
14 66 66
14 66 70
14 66 126
14 66 130
14 66 134
14 66 138
14 66 142
14 66 146
14 66 150
14 66 154
14 66 182
14 66 186
14 70 10
14 70 14
14 70 18
14 70 42
14 70 46
14 70 50
14 70 54
14 70 58
14 70 62
14 70 66
14 70 70
14 70 126
14 70 130
14 70 134
14 70 138
14 70 142
14 70 146
14 70 150
14 70 154
14 70 182
14 70 186
14 126 10
14 126 14
14 126 18
14 126 42
14 126 46
14 126 50
14 126 54
14 126 58
14 126 62
14 126 66
14 126 70
14 126 126
14 126 130
14 126 134
14 126 138
14 126 142
14 126 146
14 126 150
14 126 154
14 126 182
14 126 186
14 130 10
14 130 14
14 130 18
14 130 42
14 130 46
14 130 50
14 130 54
14 130 58
14 130 62
14 130 66
14 130 70
14 130 126
14 130 130
14 130 134
14 130 138
14 130 142
14 130 146
14 130 150
14 130 154
14 130 182
14 130 186
14 134 10
14 134 14
14 134 18
14 134 42
14 134 46
14 134 50
14 134 54
14 134 58
14 134 62
14 134 66
14 134 70
14 134 126
14 134 130
14 134 134
14 134 138
14 134 142
14 134 146
14 134 150
14 134 154
14 134 182
14 134 186
14 138 10
14 138 14
14 138 18
14 138 42
14 138 46
14 138 50
14 138 54
14 138 58
14 138 62
14 138 66
14 138 70
14 138 126
14 138 130
14 138 134
14 138 138
14 138 142
14 138 146
14 138 150
14 138 154
14 138 182
14 138 186
14 142 10
14 142 14
14 142 18
14 142 42
14 142 46
14 142 50
14 142 54
14 142 58
14 142 62
14 142 66
14 142 70
14 142 126
14 142 130
14 142 134
14 142 138
14 142 142
14 142 146
14 142 150
14 142 154
14 142 182
14 142 186
14 146 10
14 146 14
14 146 18
14 146 42
14 146 46
14 146 50
14 146 54
14 146 58
14 146 62
14 146 66
14 146 70
14 146 126
14 146 130
14 146 134
14 146 138
14 146 142
14 146 146
14 146 150
14 146 154
14 146 182
14 146 186
14 150 10
14 150 14
14 150 18
14 150 42
14 150 46
14 150 50
14 150 54
14 150 58
14 150 62
14 150 66
14 150 70
14 150 126
14 150 130
14 150 134
14 150 138
14 150 142
14 150 146
14 150 150
14 150 154
14 150 182
14 150 186
14 154 10
14 154 14
14 154 18
14 154 42
14 154 46
14 154 50
14 154 54
14 154 58
14 154 62
14 154 66
14 154 70
14 154 126
14 154 130
14 154 134
14 154 138
14 154 142
14 154 146
14 154 150
14 154 154
14 154 182
14 154 186
14 182 10
14 182 14
14 182 18
14 182 42
14 182 46
14 182 50
14 182 54
14 182 58
14 182 62
14 182 66
14 182 70
14 182 126
14 182 130
14 182 134
14 182 138
14 182 142
14 182 146
14 182 150
14 182 154
14 182 182
14 182 186
14 186 10
14 186 14
14 186 18
14 186 42
14 186 46
14 186 50
14 186 54
14 186 58
14 186 62
14 186 66
14 186 70
14 186 126
14 186 130
14 186 134
14 186 138
14 186 142
14 186 146
14 186 150
14 186 154
14 186 182
14 186 186
18 10 10
18 10 14
18 10 18
18 10 42
18 10 46
18 10 50
18 10 54
18 10 58
18 10 62
18 10 66
18 10 70
18 10 126
18 10 130
18 10 134
18 10 138
18 10 142
18 10 146
18 10 150
18 10 154
18 10 182
18 10 186
18 14 10
18 14 14
18 14 18
18 14 42
18 14 46
18 14 50
18 14 54
18 14 58
18 14 62
18 14 66
18 14 70
18 14 126
18 14 130
18 14 134
18 14 138
18 14 142
18 14 146
18 14 150
18 14 154
18 14 182
18 14 186
18 18 10
18 18 14
18 18 18
18 18 42
18 18 46
18 18 50
18 18 54
18 18 58
18 18 62
18 18 66
18 18 70
18 18 126
18 18 130
18 18 134
18 18 138
18 18 142
18 18 146
18 18 150
18 18 154
18 18 182
18 18 186
18 42 10
18 42 14
18 42 18
18 42 42
18 42 46
18 42 50
18 42 54
18 42 58
18 42 62
18 42 66
18 42 70
18 42 126
18 42 130
18 42 134
18 42 138
18 42 142
18 42 146
18 42 150
18 42 154
18 42 182
18 42 186
18 46 10
18 46 14
18 46 18
18 46 42
18 46 46
18 46 50
18 46 54
18 46 58
18 46 62
18 46 66
18 46 70
18 46 126
18 46 130
18 46 134
18 46 138
18 46 142
18 46 146
18 46 150
18 46 154
18 46 182
18 46 186
18 50 10
18 50 14
18 50 18
18 50 42
18 50 46
18 50 50
18 50 54
18 50 58
18 50 62
18 50 66
18 50 70
18 50 126
18 50 130
18 50 134
18 50 138
18 50 142
18 50 146
18 50 150
18 50 154
18 50 182
18 50 186
18 54 10
18 54 14
18 54 18
18 54 42
18 54 46
18 54 50
18 54 54
18 54 58
18 54 62
18 54 66
18 54 70
18 54 126
18 54 130
18 54 134
18 54 138
18 54 142
18 54 146
18 54 150
18 54 154
18 54 182
18 54 186
18 58 10
18 58 14
18 58 18
18 58 42
18 58 46
18 58 50
18 58 54
18 58 58
18 58 62
18 58 66
18 58 70
18 58 126
18 58 130
18 58 134
18 58 138
18 58 142
18 58 146
18 58 150
18 58 154
18 58 182
18 58 186
18 62 10
18 62 14
18 62 18
18 62 42
18 62 46
18 62 50
18 62 54
18 62 58
18 62 62
18 62 66
18 62 70
18 62 126
18 62 130
18 62 134
18 62 138
18 62 142
18 62 146
18 62 150
18 62 154
18 62 182
18 62 186
18 66 10
18 66 14
18 66 18
18 66 42
18 66 46
18 66 50
18 66 54
18 66 58
18 66 62
18 66 66
18 66 70
18 66 126
18 66 130
18 66 134
18 66 138
18 66 142
18 66 146
18 66 150
18 66 154
18 66 182
18 66 186
18 70 10
18 70 14
18 70 18
18 70 42
18 70 46
18 70 50
18 70 54
18 70 58
18 70 62
18 70 66
18 70 70
18 70 126
18 70 130
18 70 134
18 70 138
18 70 142
18 70 146
18 70 150
18 70 154
18 70 182
18 70 186
18 126 10
18 126 14
18 126 18
18 126 42
18 126 46
18 126 50
18 126 54
18 126 58
18 126 62
18 126 66
18 126 70
18 126 126
18 126 130
18 126 134
18 126 138
18 126 142
18 126 146
18 126 150
18 126 154
18 126 182
18 126 186
18 130 10
18 130 14
18 130 18
18 130 42
18 130 46
18 130 50
18 130 54
18 130 58
18 130 62
18 130 66
18 130 70
18 130 126
18 130 130
18 130 134
18 130 138
18 130 142
18 130 146
18 130 150
18 130 154
18 130 182
18 130 186
18 134 10
18 134 14
18 134 18
18 134 42
18 134 46
18 134 50
18 134 54
18 134 58
18 134 62
18 134 66
18 134 70
18 134 126
18 134 130
18 134 134
18 134 138
18 134 142
18 134 146
18 134 150
18 134 154
18 134 182
18 134 186
18 138 10
18 138 14
18 138 18
18 138 42
18 138 46
18 138 50
18 138 54
18 138 58
18 138 62
18 138 66
18 138 70
18 138 126
18 138 130
18 138 134
18 138 138
18 138 142
18 138 146
18 138 150
18 138 154
18 138 182
18 138 186
18 142 10
18 142 14
18 142 18
18 142 42
18 142 46
18 142 50
18 142 54
18 142 58
18 142 62
18 142 66
18 142 70
18 142 126
18 142 130
18 142 134
18 142 138
18 142 142
18 142 146
18 142 150
18 142 154
18 142 182
18 142 186
18 146 10
18 146 14
18 146 18
18 146 42
18 146 46
18 146 50
18 146 54
18 146 58
18 146 62
18 146 66
18 146 70
18 146 126
18 146 130
18 146 134
18 146 138
18 146 142
18 146 146
18 146 150
18 146 154
18 146 182
18 146 186
18 150 10
18 150 14
18 150 18
18 150 42
18 150 46
18 150 50
18 150 54
18 150 58
18 150 62
18 150 66
18 150 70
18 150 126
18 150 130
18 150 134
18 150 138
18 150 142
18 150 146
18 150 150
18 150 154
18 150 182
18 150 186
18 154 10
18 154 14
18 154 18
18 154 42
18 154 46
18 154 50
18 154 54
18 154 58
18 154 62
18 154 66
18 154 70
18 154 126
18 154 130
18 154 134
18 154 138
18 154 142
18 154 146
18 154 150
18 154 154
18 154 182
18 154 186
18 182 10
18 182 14
18 182 18
18 182 42
18 182 46
18 182 50
18 182 54
18 182 58
18 182 62
18 182 66
18 182 70
18 182 126
18 182 130
18 182 134
18 182 138
18 182 142
18 182 146
18 182 150
18 182 154
18 182 182
18 182 186
18 186 10
18 186 14
18 186 18
18 186 42
18 186 46
18 186 50
18 186 54
18 186 58
18 186 62
18 186 66
18 186 70
18 186 126
18 186 130
18 186 134
18 186 138
18 186 142
18 186 146
18 186 150
18 186 154
18 186 182
18 186 186
42 10 10
42 10 14
42 10 18
42 10 42
42 10 46
42 10 50
42 10 54
42 10 58
42 10 62
42 10 66
42 10 70
42 10 126
42 10 130
42 10 134
42 10 138
42 10 142
42 10 146
42 10 150
42 10 154
42 10 182
42 10 186
42 14 10
42 14 14
42 14 18
42 14 42
42 14 46
42 14 50
42 14 54
42 14 58
42 14 62
42 14 66
42 14 70
42 14 126
42 14 130
42 14 134
42 14 138
42 14 142
42 14 146
42 14 150
42 14 154
42 14 182
42 14 186
42 18 10
42 18 14
42 18 18
42 18 42
42 18 46
42 18 50
42 18 54
42 18 58
42 18 62
42 18 66
42 18 70
42 18 126
42 18 130
42 18 134
42 18 138
42 18 142
42 18 146
42 18 150
42 18 154
42 18 182
42 18 186
42 42 10
42 42 14
42 42 18
42 42 42
42 42 46
42 42 50
42 42 54
42 42 58
42 42 62
42 42 66
42 42 70
42 42 126
42 42 130
42 42 134
42 42 138
42 42 142
42 42 146
42 42 150
42 42 154
42 42 182
42 42 186
42 46 10
42 46 14
42 46 18
42 46 42
42 46 46
42 46 50
42 46 54
42 46 58
42 46 62
42 46 66
42 46 70
42 46 126
42 46 130
42 46 134
42 46 138
42 46 142
42 46 146
42 46 150
42 46 154
42 46 182
42 46 186
42 50 10
42 50 14
42 50 18
42 50 42
42 50 46
42 50 50
42 50 54
42 50 58
42 50 62
42 50 66
42 50 70
42 50 126
42 50 130
42 50 134
42 50 138
42 50 142
42 50 146
42 50 150
42 50 154
42 50 182
42 50 186
42 54 10
42 54 14
42 54 18
42 54 42
42 54 46
42 54 50
42 54 54
42 54 58
42 54 62
42 54 66
42 54 70
42 54 126
42 54 130
42 54 134
42 54 138
42 54 142
42 54 146
42 54 150
42 54 154
42 54 182
42 54 186
42 58 10
42 58 14
42 58 18
42 58 42
42 58 46
42 58 50
42 58 54
42 58 58
42 58 62
42 58 66
42 58 70
42 58 126
42 58 130
42 58 134
42 58 138
42 58 142
42 58 146
42 58 150
42 58 154
42 58 182
42 58 186
42 62 10
42 62 14
42 62 18
42 62 42
42 62 46
42 62 50
42 62 54
42 62 58
42 62 62
42 62 66
42 62 70
42 62 126
42 62 130
42 62 134
42 62 138
42 62 142
42 62 146
42 62 150
42 62 154
42 62 182
42 62 186
42 66 10
42 66 14
42 66 18
42 66 42
42 66 46
42 66 50
42 66 54
42 66 58
42 66 62
42 66 66
42 66 70
42 66 126
42 66 130
42 66 134
42 66 138
42 66 142
42 66 146
42 66 150
42 66 154
42 66 182
42 66 186
42 70 10
42 70 14
42 70 18
42 70 42
42 70 46
42 70 50
42 70 54
42 70 58
42 70 62
42 70 66
42 70 70
42 70 126
42 70 130
42 70 134
42 70 138
42 70 142
42 70 146
42 70 150
42 70 154
42 70 182
42 70 186
42 126 10
42 126 14
42 126 18
42 126 42
42 126 46
42 126 50
42 126 54
42 126 58
42 126 62
42 126 66
42 126 70
42 126 126
42 126 130
42 126 134
42 126 138
42 126 142
42 126 146
42 126 150
42 126 154
42 126 182
42 126 186
42 130 10
42 130 14
42 130 18
42 130 42
42 130 46
42 130 50
42 130 54
42 130 58
42 130 62
42 130 66
42 130 70
42 130 126
42 130 130
42 130 134
42 130 138
42 130 142
42 130 146
42 130 150
42 130 154
42 130 182
42 130 186
42 134 10
42 134 14
42 134 18
42 134 42
42 134 46
42 134 50
42 134 54
42 134 58
42 134 62
42 134 66
42 134 70
42 134 126
42 134 130
42 134 134
42 134 138
42 134 142
42 134 146
42 134 150
42 134 154
42 134 182
42 134 186
42 138 10
42 138 14
42 138 18
42 138 42
42 138 46
42 138 50
42 138 54
42 138 58
42 138 62
42 138 66
42 138 70
42 138 126
42 138 130
42 138 134
42 138 138
42 138 142
42 138 146
42 138 150
42 138 154
42 138 182
42 138 186
42 142 10
42 142 14
42 142 18
42 142 42
42 142 46
42 142 50
42 142 54
42 142 58
42 142 62
42 142 66
42 142 70
42 142 126
42 142 130
42 142 134
42 142 138
42 142 142
42 142 146
42 142 150
42 142 154
42 142 182
42 142 186
42 146 10
42 146 14
42 146 18
42 146 42
42 146 46
42 146 50
42 146 54
42 146 58
42 146 62
42 146 66
42 146 70
42 146 126
42 146 130
42 146 134
42 146 138
42 146 142
42 146 146
42 146 150
42 146 154
42 146 182
42 146 186
42 150 10
42 150 14
42 150 18
42 150 42
42 150 46
42 150 50
42 150 54
42 150 58
42 150 62
42 150 66
42 150 70
42 150 126
42 150 130
42 150 134
42 150 138
42 150 142
42 150 146
42 150 150
42 150 154
42 150 182
42 150 186
42 154 10
42 154 14
42 154 18
42 154 42
42 154 46
42 154 50
42 154 54
42 154 58
42 154 62
42 154 66
42 154 70
42 154 126
42 154 130
42 154 134
42 154 138
42 154 142
42 154 146
42 154 150
42 154 154
42 154 182
42 154 186
42 182 10
42 182 14
42 182 18
42 182 42
42 182 46
42 182 50
42 182 54
42 182 58
42 182 62
42 182 66
42 182 70
42 182 126
42 182 130
42 182 134
42 182 138
42 182 142
42 182 146
42 182 150
42 182 154
42 182 182
42 182 186
42 186 10
42 186 14
42 186 18
42 186 42
42 186 46
42 186 50
42 186 54
42 186 58
42 186 62
42 186 66
42 186 70
42 186 126
42 186 130
42 186 134
42 186 138
42 186 142
42 186 146
42 186 150
42 186 154
42 186 182
42 186 186
46 10 10
46 10 14
46 10 18
46 10 42
46 10 46
46 10 50
46 10 54
46 10 58
46 10 62
46 10 66
46 10 70
46 10 126
46 10 130
46 10 134
46 10 138
46 10 142
46 10 146
46 10 150
46 10 154
46 10 182
46 10 186
46 14 10
46 14 14
46 14 18
46 14 42
46 14 46
46 14 50
46 14 54
46 14 58
46 14 62
46 14 66
46 14 70
46 14 126
46 14 130
46 14 134
46 14 138
46 14 142
46 14 146
46 14 150
46 14 154
46 14 182
46 14 186
46 18 10
46 18 14
46 18 18
46 18 42
46 18 46
46 18 50
46 18 54
46 18 58
46 18 62
46 18 66
46 18 70
46 18 126
46 18 130
46 18 134
46 18 138
46 18 142
46 18 146
46 18 150
46 18 154
46 18 182
46 18 186
46 42 10
46 42 14
46 42 18
46 42 42
46 42 46
46 42 50
46 42 54
46 42 58
46 42 62
46 42 66
46 42 70
46 42 126
46 42 130
46 42 134
46 42 138
46 42 142
46 42 146
46 42 150
46 42 154
46 42 182
46 42 186
46 46 10
46 46 14
46 46 18
46 46 42
46 46 46
46 46 50
46 46 54
46 46 58
46 46 62
46 46 66
46 46 70
46 46 126
46 46 130
46 46 134
46 46 138
46 46 142
46 46 146
46 46 150
46 46 154
46 46 182
46 46 186
46 50 10
46 50 14
46 50 18
46 50 42
46 50 46
46 50 50
46 50 54
46 50 58
46 50 62
46 50 66
46 50 70
46 50 126
46 50 130
46 50 134
46 50 138
46 50 142
46 50 146
46 50 150
46 50 154
46 50 182
46 50 186
46 54 10
46 54 14
46 54 18
46 54 42
46 54 46
46 54 50
46 54 54
46 54 58
46 54 62
46 54 66
46 54 70
46 54 126
46 54 130
46 54 134
46 54 138
46 54 142
46 54 146
46 54 150
46 54 154
46 54 182
46 54 186
46 58 10
46 58 14
46 58 18
46 58 42
46 58 46
46 58 50
46 58 54
46 58 58
46 58 62
46 58 66
46 58 70
46 58 126
46 58 130
46 58 134
46 58 138
46 58 142
46 58 146
46 58 150
46 58 154
46 58 182
46 58 186
46 62 10
46 62 14
46 62 18
46 62 42
46 62 46
46 62 50
46 62 54
46 62 58
46 62 62
46 62 66
46 62 70
46 62 126
46 62 130
46 62 134
46 62 138
46 62 142
46 62 146
46 62 150
46 62 154
46 62 182
46 62 186
46 66 10
46 66 14
46 66 18
46 66 42
46 66 46
46 66 50
46 66 54
46 66 58
46 66 62
46 66 66
46 66 70
46 66 126
46 66 130
46 66 134
46 66 138
46 66 142
46 66 146
46 66 150
46 66 154
46 66 182
46 66 186
46 70 10
46 70 14
46 70 18
46 70 42
46 70 46
46 70 50
46 70 54
46 70 58
46 70 62
46 70 66
46 70 70
46 70 126
46 70 130
46 70 134
46 70 138
46 70 142
46 70 146
46 70 150
46 70 154
46 70 182
46 70 186
46 126 10
46 126 14
46 126 18
46 126 42
46 126 46
46 126 50
46 126 54
46 126 58
46 126 62
46 126 66
46 126 70
46 126 126
46 126 130
46 126 134
46 126 138
46 126 142
46 126 146
46 126 150
46 126 154
46 126 182
46 126 186
46 130 10
46 130 14
46 130 18
46 130 42
46 130 46
46 130 50
46 130 54
46 130 58
46 130 62
46 130 66
46 130 70
46 130 126
46 130 130
46 130 134
46 130 138
46 130 142
46 130 146
46 130 150
46 130 154
46 130 182
46 130 186
46 134 10
46 134 14
46 134 18
46 134 42
46 134 46
46 134 50
46 134 54
46 134 58
46 134 62
46 134 66
46 134 70
46 134 126
46 134 130
46 134 134
46 134 138
46 134 142
46 134 146
46 134 150
46 134 154
46 134 182
46 134 186
46 138 10
46 138 14
46 138 18
46 138 42
46 138 46
46 138 50
46 138 54
46 138 58
46 138 62
46 138 66
46 138 70
46 138 126
46 138 130
46 138 134
46 138 138
46 138 142
46 138 146
46 138 150
46 138 154
46 138 182
46 138 186
46 142 10
46 142 14
46 142 18
46 142 42
46 142 46
46 142 50
46 142 54
46 142 58
46 142 62
46 142 66
46 142 70
46 142 126
46 142 130
46 142 134
46 142 138
46 142 142
46 142 146
46 142 150
46 142 154
46 142 182
46 142 186
46 146 10
46 146 14
46 146 18
46 146 42
46 146 46
46 146 50
46 146 54
46 146 58
46 146 62
46 146 66
46 146 70
46 146 126
46 146 130
46 146 134
46 146 138
46 146 142
46 146 146
46 146 150
46 146 154
46 146 182
46 146 186
46 150 10
46 150 14
46 150 18
46 150 42
46 150 46
46 150 50
46 150 54
46 150 58
46 150 62
46 150 66
46 150 70
46 150 126
46 150 130
46 150 134
46 150 138
46 150 142
46 150 146
46 150 150
46 150 154
46 150 182
46 150 186
46 154 10
46 154 14
46 154 18
46 154 42
46 154 46
46 154 50
46 154 54
46 154 58
46 154 62
46 154 66
46 154 70
46 154 126
46 154 130
46 154 134
46 154 138
46 154 142
46 154 146
46 154 150
46 154 154
46 154 182
46 154 186
46 182 10
46 182 14
46 182 18
46 182 42
46 182 46
46 182 50
46 182 54
46 182 58
46 182 62
46 182 66
46 182 70
46 182 126
46 182 130
46 182 134
46 182 138
46 182 142
46 182 146
46 182 150
46 182 154
46 182 182
46 182 186
46 186 10
46 186 14
46 186 18
46 186 42
46 186 46
46 186 50
46 186 54
46 186 58
46 186 62
46 186 66
46 186 70
46 186 126
46 186 130
46 186 134
46 186 138
46 186 142
46 186 146
46 186 150
46 186 154
46 186 182
46 186 186
50 10 10
50 10 14
50 10 18
50 10 42
50 10 46
50 10 50
50 10 54
50 10 58
50 10 62
50 10 66
50 10 70
50 10 126
50 10 130
50 10 134
50 10 138
50 10 142
50 10 146
50 10 150
50 10 154
50 10 182
50 10 186
50 14 10
50 14 14
50 14 18
50 14 42
50 14 46
50 14 50
50 14 54
50 14 58
50 14 62
50 14 66
50 14 70
50 14 126
50 14 130
50 14 134
50 14 138
50 14 142
50 14 146
50 14 150
50 14 154
50 14 182
50 14 186
50 18 10
50 18 14
50 18 18
50 18 42
50 18 46
50 18 50
50 18 54
50 18 58
50 18 62
50 18 66
50 18 70
50 18 126
50 18 130
50 18 134
50 18 138
50 18 142
50 18 146
50 18 150
50 18 154
50 18 182
50 18 186
50 42 10
50 42 14
50 42 18
50 42 42
50 42 46
50 42 50
50 42 54
50 42 58
50 42 62
50 42 66
50 42 70
50 42 126
50 42 130
50 42 134
50 42 138
50 42 142
50 42 146
50 42 150
50 42 154
50 42 182
50 42 186
50 46 10
50 46 14
50 46 18
50 46 42
50 46 46
50 46 50
50 46 54
50 46 58
50 46 62
50 46 66
50 46 70
50 46 126
50 46 130
50 46 134
50 46 138
50 46 142
50 46 146
50 46 150
50 46 154
50 46 182
50 46 186
50 50 10
50 50 14
50 50 18
50 50 42
50 50 46
50 50 50
50 50 54
50 50 58
50 50 62
50 50 66
50 50 70
50 50 126
50 50 130
50 50 134
50 50 138
50 50 142
50 50 146
50 50 150
50 50 154
50 50 182
50 50 186
50 54 10
50 54 14
50 54 18
50 54 42
50 54 46
50 54 50
50 54 54
50 54 58
50 54 62
50 54 66
50 54 70
50 54 126
50 54 130
50 54 134
50 54 138
50 54 142
50 54 146
50 54 150
50 54 154
50 54 182
50 54 186
50 58 10
50 58 14
50 58 18
50 58 42
50 58 46
50 58 50
50 58 54
50 58 58
50 58 62
50 58 66
50 58 70
50 58 126
50 58 130
50 58 134
50 58 138
50 58 142
50 58 146
50 58 150
50 58 154
50 58 182
50 58 186
50 62 10
50 62 14
50 62 18
50 62 42
50 62 46
50 62 50
50 62 54
50 62 58
50 62 62
50 62 66
50 62 70
50 62 126
50 62 130
50 62 134
50 62 138
50 62 142
50 62 146
50 62 150
50 62 154
50 62 182
50 62 186
50 66 10
50 66 14
50 66 18
50 66 42
50 66 46
50 66 50
50 66 54
50 66 58
50 66 62
50 66 66
50 66 70
50 66 126
50 66 130
50 66 134
50 66 138
50 66 142
50 66 146
50 66 150
50 66 154
50 66 182
50 66 186
50 70 10
50 70 14
50 70 18
50 70 42
50 70 46
50 70 50
50 70 54
50 70 58
50 70 62
50 70 66
50 70 70
50 70 126
50 70 130
50 70 134
50 70 138
50 70 142
50 70 146
50 70 150
50 70 154
50 70 182
50 70 186
50 126 10
50 126 14
50 126 18
50 126 42
50 126 46
50 126 50
50 126 54
50 126 58
50 126 62
50 126 66
50 126 70
50 126 126
50 126 130
50 126 134
50 126 138
50 126 142
50 126 146
50 126 150
50 126 154
50 126 182
50 126 186
50 130 10
50 130 14
50 130 18
50 130 42
50 130 46
50 130 50
50 130 54
50 130 58
50 130 62
50 130 66
50 130 70
50 130 126
50 130 130
50 130 134
50 130 138
50 130 142
50 130 146
50 130 150
50 130 154
50 130 182
50 130 186
50 134 10
50 134 14
50 134 18
50 134 42
50 134 46
50 134 50
50 134 54
50 134 58
50 134 62
50 134 66
50 134 70
50 134 126
50 134 130
50 134 134
50 134 138
50 134 142
50 134 146
50 134 150
50 134 154
50 134 182
50 134 186
50 138 10
50 138 14
50 138 18
50 138 42
50 138 46
50 138 50
50 138 54
50 138 58
50 138 62
50 138 66
50 138 70
50 138 126
50 138 130
50 138 134
50 138 138
50 138 142
50 138 146
50 138 150
50 138 154
50 138 182
50 138 186
50 142 10
50 142 14
50 142 18
50 142 42
50 142 46
50 142 50
50 142 54
50 142 58
50 142 62
50 142 66
50 142 70
50 142 126
50 142 130
50 142 134
50 142 138
50 142 142
50 142 146
50 142 150
50 142 154
50 142 182
50 142 186
50 146 10
50 146 14
50 146 18
50 146 42
50 146 46
50 146 50
50 146 54
50 146 58
50 146 62
50 146 66
50 146 70
50 146 126
50 146 130
50 146 134
50 146 138
50 146 142
50 146 146
50 146 150
50 146 154
50 146 182
50 146 186
50 150 10
50 150 14
50 150 18
50 150 42
50 150 46
50 150 50
50 150 54
50 150 58
50 150 62
50 150 66
50 150 70
50 150 126
50 150 130
50 150 134
50 150 138
50 150 142
50 150 146
50 150 150
50 150 154
50 150 182
50 150 186
50 154 10
50 154 14
50 154 18
50 154 42
50 154 46
50 154 50
50 154 54
50 154 58
50 154 62
50 154 66
50 154 70
50 154 126
50 154 130
50 154 134
50 154 138
50 154 142
50 154 146
50 154 150
50 154 154
50 154 182
50 154 186
50 182 10
50 182 14
50 182 18
50 182 42
50 182 46
50 182 50
50 182 54
50 182 58
50 182 62
50 182 66
50 182 70
50 182 126
50 182 130
50 182 134
50 182 138
50 182 142
50 182 146
50 182 150
50 182 154
50 182 182
50 182 186
50 186 10
50 186 14
50 186 18
50 186 42
50 186 46
50 186 50
50 186 54
50 186 58
50 186 62
50 186 66
50 186 70
50 186 126
50 186 130
50 186 134
50 186 138
50 186 142
50 186 146
50 186 150
50 186 154
50 186 182
50 186 186
54 10 10
54 10 14
54 10 18
54 10 42
54 10 46
54 10 50
54 10 54
54 10 58
54 10 62
54 10 66
54 10 70
54 10 126
54 10 130
54 10 134
54 10 138
54 10 142
54 10 146
54 10 150
54 10 154
54 10 182
54 10 186
54 14 10
54 14 14
54 14 18
54 14 42
54 14 46
54 14 50
54 14 54
54 14 58
54 14 62
54 14 66
54 14 70
54 14 126
54 14 130
54 14 134
54 14 138
54 14 142
54 14 146
54 14 150
54 14 154
54 14 182
54 14 186
54 18 10
54 18 14
54 18 18
54 18 42
54 18 46
54 18 50
54 18 54
54 18 58
54 18 62
54 18 66
54 18 70
54 18 126
54 18 130
54 18 134
54 18 138
54 18 142
54 18 146
54 18 150
54 18 154
54 18 182
54 18 186
54 42 10
54 42 14
54 42 18
54 42 42
54 42 46
54 42 50
54 42 54
54 42 58
54 42 62
54 42 66
54 42 70
54 42 126
54 42 130
54 42 134
54 42 138
54 42 142
54 42 146
54 42 150
54 42 154
54 42 182
54 42 186
54 46 10
54 46 14
54 46 18
54 46 42
54 46 46
54 46 50
54 46 54
54 46 58
54 46 62
54 46 66
54 46 70
54 46 126
54 46 130
54 46 134
54 46 138
54 46 142
54 46 146
54 46 150
54 46 154
54 46 182
54 46 186
54 50 10
54 50 14
54 50 18
54 50 42
54 50 46
54 50 50
54 50 54
54 50 58
54 50 62
54 50 66
54 50 70
54 50 126
54 50 130
54 50 134
54 50 138
54 50 142
54 50 146
54 50 150
54 50 154
54 50 182
54 50 186
54 54 10
54 54 14
54 54 18
54 54 42
54 54 46
54 54 50
54 54 54
54 54 58
54 54 62
54 54 66
54 54 70
54 54 126
54 54 130
54 54 134
54 54 138
54 54 142
54 54 146
54 54 150
54 54 154
54 54 182
54 54 186
54 58 10
54 58 14
54 58 18
54 58 42
54 58 46
54 58 50
54 58 54
54 58 58
54 58 62
54 58 66
54 58 70
54 58 126
54 58 130
54 58 134
54 58 138
54 58 142
54 58 146
54 58 150
54 58 154
54 58 182
54 58 186
54 62 10
54 62 14
54 62 18
54 62 42
54 62 46
54 62 50
54 62 54
54 62 58
54 62 62
54 62 66
54 62 70
54 62 126
54 62 130
54 62 134
54 62 138
54 62 142
54 62 146
54 62 150
54 62 154
54 62 182
54 62 186
54 66 10
54 66 14
54 66 18
54 66 42
54 66 46
54 66 50
54 66 54
54 66 58
54 66 62
54 66 66
54 66 70
54 66 126
54 66 130
54 66 134
54 66 138
54 66 142
54 66 146
54 66 150
54 66 154
54 66 182
54 66 186
54 70 10
54 70 14
54 70 18
54 70 42
54 70 46
54 70 50
54 70 54
54 70 58
54 70 62
54 70 66
54 70 70
54 70 126
54 70 130
54 70 134
54 70 138
54 70 142
54 70 146
54 70 150
54 70 154
54 70 182
54 70 186
54 126 10
54 126 14
54 126 18
54 126 42
54 126 46
54 126 50
54 126 54
54 126 58
54 126 62
54 126 66
54 126 70
54 126 126
54 126 130
54 126 134
54 126 138
54 126 142
54 126 146
54 126 150
54 126 154
54 126 182
54 126 186
54 130 10
54 130 14
54 130 18
54 130 42
54 130 46
54 130 50
54 130 54
54 130 58
54 130 62
54 130 66
54 130 70
54 130 126
54 130 130
54 130 134
54 130 138
54 130 142
54 130 146
54 130 150
54 130 154
54 130 182
54 130 186
54 134 10
54 134 14
54 134 18
54 134 42
54 134 46
54 134 50
54 134 54
54 134 58
54 134 62
54 134 66
54 134 70
54 134 126
54 134 130
54 134 134
54 134 138
54 134 142
54 134 146
54 134 150
54 134 154
54 134 182
54 134 186
54 138 10
54 138 14
54 138 18
54 138 42
54 138 46
54 138 50
54 138 54
54 138 58
54 138 62
54 138 66
54 138 70
54 138 126
54 138 130
54 138 134
54 138 138
54 138 142
54 138 146
54 138 150
54 138 154
54 138 182
54 138 186
54 142 10
54 142 14
54 142 18
54 142 42
54 142 46
54 142 50
54 142 54
54 142 58
54 142 62
54 142 66
54 142 70
54 142 126
54 142 130
54 142 134
54 142 138
54 142 142
54 142 146
54 142 150
54 142 154
54 142 182
54 142 186
54 146 10
54 146 14
54 146 18
54 146 42
54 146 46
54 146 50
54 146 54
54 146 58
54 146 62
54 146 66
54 146 70
54 146 126
54 146 130
54 146 134
54 146 138
54 146 142
54 146 146
54 146 150
54 146 154
54 146 182
54 146 186
54 150 10
54 150 14
54 150 18
54 150 42
54 150 46
54 150 50
54 150 54
54 150 58
54 150 62
54 150 66
54 150 70
54 150 126
54 150 130
54 150 134
54 150 138
54 150 142
54 150 146
54 150 150
54 150 154
54 150 182
54 150 186
54 154 10
54 154 14
54 154 18
54 154 42
54 154 46
54 154 50
54 154 54
54 154 58
54 154 62
54 154 66
54 154 70
54 154 126
54 154 130
54 154 134
54 154 138
54 154 142
54 154 146
54 154 150
54 154 154
54 154 182
54 154 186
54 182 10
54 182 14
54 182 18
54 182 42
54 182 46
54 182 50
54 182 54
54 182 58
54 182 62
54 182 66
54 182 70
54 182 126
54 182 130
54 182 134
54 182 138
54 182 142
54 182 146
54 182 150
54 182 154
54 182 182
54 182 186
54 186 10
54 186 14
54 186 18
54 186 42
54 186 46
54 186 50
54 186 54
54 186 58
54 186 62
54 186 66
54 186 70
54 186 126
54 186 130
54 186 134
54 186 138
54 186 142
54 186 146
54 186 150
54 186 154
54 186 182
54 186 186
58 10 10
58 10 14
58 10 18
58 10 42
58 10 46
58 10 50
58 10 54
58 10 58
58 10 62
58 10 66
58 10 70
58 10 126
58 10 130
58 10 134
58 10 138
58 10 142
58 10 146
58 10 150
58 10 154
58 10 182
58 10 186
58 14 10
58 14 14
58 14 18
58 14 42
58 14 46
58 14 50
58 14 54
58 14 58
58 14 62
58 14 66
58 14 70
58 14 126
58 14 130
58 14 134
58 14 138
58 14 142
58 14 146
58 14 150
58 14 154
58 14 182
58 14 186
58 18 10
58 18 14
58 18 18
58 18 42
58 18 46
58 18 50
58 18 54
58 18 58
58 18 62
58 18 66
58 18 70
58 18 126
58 18 130
58 18 134
58 18 138
58 18 142
58 18 146
58 18 150
58 18 154
58 18 182
58 18 186
58 42 10
58 42 14
58 42 18
58 42 42
58 42 46
58 42 50
58 42 54
58 42 58
58 42 62
58 42 66
58 42 70
58 42 126
58 42 130
58 42 134
58 42 138
58 42 142
58 42 146
58 42 150
58 42 154
58 42 182
58 42 186
58 46 10
58 46 14
58 46 18
58 46 42
58 46 46
58 46 50
58 46 54
58 46 58
58 46 62
58 46 66
58 46 70
58 46 126
58 46 130
58 46 134
58 46 138
58 46 142
58 46 146
58 46 150
58 46 154
58 46 182
58 46 186
58 50 10
58 50 14
58 50 18
58 50 42
58 50 46
58 50 50
58 50 54
58 50 58
58 50 62
58 50 66
58 50 70
58 50 126
58 50 130
58 50 134
58 50 138
58 50 142
58 50 146
58 50 150
58 50 154
58 50 182
58 50 186
58 54 10
58 54 14
58 54 18
58 54 42
58 54 46
58 54 50
58 54 54
58 54 58
58 54 62
58 54 66
58 54 70
58 54 126
58 54 130
58 54 134
58 54 138
58 54 142
58 54 146
58 54 150
58 54 154
58 54 182
58 54 186
58 58 10
58 58 14
58 58 18
58 58 42
58 58 46
58 58 50
58 58 54
58 58 58
58 58 62
58 58 66
58 58 70
58 58 126
58 58 130
58 58 134
58 58 138
58 58 142
58 58 146
58 58 150
58 58 154
58 58 182
58 58 186
58 62 10
58 62 14
58 62 18
58 62 42
58 62 46
58 62 50
58 62 54
58 62 58
58 62 62
58 62 66
58 62 70
58 62 126
58 62 130
58 62 134
58 62 138
58 62 142
58 62 146
58 62 150
58 62 154
58 62 182
58 62 186
58 66 10
58 66 14
58 66 18
58 66 42
58 66 46
58 66 50
58 66 54
58 66 58
58 66 62
58 66 66
58 66 70
58 66 126
58 66 130
58 66 134
58 66 138
58 66 142
58 66 146
58 66 150
58 66 154
58 66 182
58 66 186
58 70 10
58 70 14
58 70 18
58 70 42
58 70 46
58 70 50
58 70 54
58 70 58
58 70 62
58 70 66
58 70 70
58 70 126
58 70 130
58 70 134
58 70 138
58 70 142
58 70 146
58 70 150
58 70 154
58 70 182
58 70 186
58 126 10
58 126 14
58 126 18
58 126 42
58 126 46
58 126 50
58 126 54
58 126 58
58 126 62
58 126 66
58 126 70
58 126 126
58 126 130
58 126 134
58 126 138
58 126 142
58 126 146
58 126 150
58 126 154
58 126 182
58 126 186
58 130 10
58 130 14
58 130 18
58 130 42
58 130 46
58 130 50
58 130 54
58 130 58
58 130 62
58 130 66
58 130 70
58 130 126
58 130 130
58 130 134
58 130 138
58 130 142
58 130 146
58 130 150
58 130 154
58 130 182
58 130 186
58 134 10
58 134 14
58 134 18
58 134 42
58 134 46
58 134 50
58 134 54
58 134 58
58 134 62
58 134 66
58 134 70
58 134 126
58 134 130
58 134 134
58 134 138
58 134 142
58 134 146
58 134 150
58 134 154
58 134 182
58 134 186
58 138 10
58 138 14
58 138 18
58 138 42
58 138 46
58 138 50
58 138 54
58 138 58
58 138 62
58 138 66
58 138 70
58 138 126
58 138 130
58 138 134
58 138 138
58 138 142
58 138 146
58 138 150
58 138 154
58 138 182
58 138 186
58 142 10
58 142 14
58 142 18
58 142 42
58 142 46
58 142 50
58 142 54
58 142 58
58 142 62
58 142 66
58 142 70
58 142 126
58 142 130
58 142 134
58 142 138
58 142 142
58 142 146
58 142 150
58 142 154
58 142 182
58 142 186
58 146 10
58 146 14
58 146 18
58 146 42
58 146 46
58 146 50
58 146 54
58 146 58
58 146 62
58 146 66
58 146 70
58 146 126
58 146 130
58 146 134
58 146 138
58 146 142
58 146 146
58 146 150
58 146 154
58 146 182
58 146 186
58 150 10
58 150 14
58 150 18
58 150 42
58 150 46
58 150 50
58 150 54
58 150 58
58 150 62
58 150 66
58 150 70
58 150 126
58 150 130
58 150 134
58 150 138
58 150 142
58 150 146
58 150 150
58 150 154
58 150 182
58 150 186
58 154 10
58 154 14
58 154 18
58 154 42
58 154 46
58 154 50
58 154 54
58 154 58
58 154 62
58 154 66
58 154 70
58 154 126
58 154 130
58 154 134
58 154 138
58 154 142
58 154 146
58 154 150
58 154 154
58 154 182
58 154 186
58 182 10
58 182 14
58 182 18
58 182 42
58 182 46
58 182 50
58 182 54
58 182 58
58 182 62
58 182 66
58 182 70
58 182 126
58 182 130
58 182 134
58 182 138
58 182 142
58 182 146
58 182 150
58 182 154
58 182 182
58 182 186
58 186 10
58 186 14
58 186 18
58 186 42
58 186 46
58 186 50
58 186 54
58 186 58
58 186 62
58 186 66
58 186 70
58 186 126
58 186 130
58 186 134
58 186 138
58 186 142
58 186 146
58 186 150
58 186 154
58 186 182
58 186 186
62 10 10
62 10 14
62 10 18
62 10 42
62 10 46
62 10 50
62 10 54
62 10 58
62 10 62
62 10 66
62 10 70
62 10 126
62 10 130
62 10 134
62 10 138
62 10 142
62 10 146
62 10 150
62 10 154
62 10 182
62 10 186
62 14 10
62 14 14
62 14 18
62 14 42
62 14 46
62 14 50
62 14 54
62 14 58
62 14 62
62 14 66
62 14 70
62 14 126
62 14 130
62 14 134
62 14 138
62 14 142
62 14 146
62 14 150
62 14 154
62 14 182
62 14 186
62 18 10
62 18 14
62 18 18
62 18 42
62 18 46
62 18 50
62 18 54
62 18 58
62 18 62
62 18 66
62 18 70
62 18 126
62 18 130
62 18 134
62 18 138
62 18 142
62 18 146
62 18 150
62 18 154
62 18 182
62 18 186
62 42 10
62 42 14
62 42 18
62 42 42
62 42 46
62 42 50
62 42 54
62 42 58
62 42 62
62 42 66
62 42 70
62 42 126
62 42 130
62 42 134
62 42 138
62 42 142
62 42 146
62 42 150
62 42 154
62 42 182
62 42 186
62 46 10
62 46 14
62 46 18
62 46 42
62 46 46
62 46 50
62 46 54
62 46 58
62 46 62
62 46 66
62 46 70
62 46 126
62 46 130
62 46 134
62 46 138
62 46 142
62 46 146
62 46 150
62 46 154
62 46 182
62 46 186
62 50 10
62 50 14
62 50 18
62 50 42
62 50 46
62 50 50
62 50 54
62 50 58
62 50 62
62 50 66
62 50 70
62 50 126
62 50 130
62 50 134
62 50 138
62 50 142
62 50 146
62 50 150
62 50 154
62 50 182
62 50 186
62 54 10
62 54 14
62 54 18
62 54 42
62 54 46
62 54 50
62 54 54
62 54 58
62 54 62
62 54 66
62 54 70
62 54 126
62 54 130
62 54 134
62 54 138
62 54 142
62 54 146
62 54 150
62 54 154
62 54 182
62 54 186
62 58 10
62 58 14
62 58 18
62 58 42
62 58 46
62 58 50
62 58 54
62 58 58
62 58 62
62 58 66
62 58 70
62 58 126
62 58 130
62 58 134
62 58 138
62 58 142
62 58 146
62 58 150
62 58 154
62 58 182
62 58 186
62 62 10
62 62 14
62 62 18
62 62 42
62 62 46
62 62 50
62 62 54
62 62 58
62 62 62
62 62 66
62 62 70
62 62 126
62 62 130
62 62 134
62 62 138
62 62 142
62 62 146
62 62 150
62 62 154
62 62 182
62 62 186
62 66 10
62 66 14
62 66 18
62 66 42
62 66 46
62 66 50
62 66 54
62 66 58
62 66 62
62 66 66
62 66 70
62 66 126
62 66 130
62 66 134
62 66 138
62 66 142
62 66 146
62 66 150
62 66 154
62 66 182
62 66 186
62 70 10
62 70 14
62 70 18
62 70 42
62 70 46
62 70 50
62 70 54
62 70 58
62 70 62
62 70 66
62 70 70
62 70 126
62 70 130
62 70 134
62 70 138
62 70 142
62 70 146
62 70 150
62 70 154
62 70 182
62 70 186
62 126 10
62 126 14
62 126 18
62 126 42
62 126 46
62 126 50
62 126 54
62 126 58
62 126 62
62 126 66
62 126 70
62 126 126
62 126 130
62 126 134
62 126 138
62 126 142
62 126 146
62 126 150
62 126 154
62 126 182
62 126 186
62 130 10
62 130 14
62 130 18
62 130 42
62 130 46
62 130 50
62 130 54
62 130 58
62 130 62
62 130 66
62 130 70
62 130 126
62 130 130
62 130 134
62 130 138
62 130 142
62 130 146
62 130 150
62 130 154
62 130 182
62 130 186
62 134 10
62 134 14
62 134 18
62 134 42
62 134 46
62 134 50
62 134 54
62 134 58
62 134 62
62 134 66
62 134 70
62 134 126
62 134 130
62 134 134
62 134 138
62 134 142
62 134 146
62 134 150
62 134 154
62 134 182
62 134 186
62 138 10
62 138 14
62 138 18
62 138 42
62 138 46
62 138 50
62 138 54
62 138 58
62 138 62
62 138 66
62 138 70
62 138 126
62 138 130
62 138 134
62 138 138
62 138 142
62 138 146
62 138 150
62 138 154
62 138 182
62 138 186
62 142 10
62 142 14
62 142 18
62 142 42
62 142 46
62 142 50
62 142 54
62 142 58
62 142 62
62 142 66
62 142 70
62 142 126
62 142 130
62 142 134
62 142 138
62 142 142
62 142 146
62 142 150
62 142 154
62 142 182
62 142 186
62 146 10
62 146 14
62 146 18
62 146 42
62 146 46
62 146 50
62 146 54
62 146 58
62 146 62
62 146 66
62 146 70
62 146 126
62 146 130
62 146 134
62 146 138
62 146 142
62 146 146
62 146 150
62 146 154
62 146 182
62 146 186
62 150 10
62 150 14
62 150 18
62 150 42
62 150 46
62 150 50
62 150 54
62 150 58
62 150 62
62 150 66
62 150 70
62 150 126
62 150 130
62 150 134
62 150 138
62 150 142
62 150 146
62 150 150
62 150 154
62 150 182
62 150 186
62 154 10
62 154 14
62 154 18
62 154 42
62 154 46
62 154 50
62 154 54
62 154 58
62 154 62
62 154 66
62 154 70
62 154 126
62 154 130
62 154 134
62 154 138
62 154 142
62 154 146
62 154 150
62 154 154
62 154 182
62 154 186
62 182 10
62 182 14
62 182 18
62 182 42
62 182 46
62 182 50
62 182 54
62 182 58
62 182 62
62 182 66
62 182 70
62 182 126
62 182 130
62 182 134
62 182 138
62 182 142
62 182 146
62 182 150
62 182 154
62 182 182
62 182 186
62 186 10
62 186 14
62 186 18
62 186 42
62 186 46
62 186 50
62 186 54
62 186 58
62 186 62
62 186 66
62 186 70
62 186 126
62 186 130
62 186 134
62 186 138
62 186 142
62 186 146
62 186 150
62 186 154
62 186 182
62 186 186
66 10 10
66 10 14
66 10 18
66 10 42
66 10 46
66 10 50
66 10 54
66 10 58
66 10 62
66 10 66
66 10 70
66 10 126
66 10 130
66 10 134
66 10 138
66 10 142
66 10 146
66 10 150
66 10 154
66 10 182
66 10 186
66 14 10
66 14 14
66 14 18
66 14 42
66 14 46
66 14 50
66 14 54
66 14 58
66 14 62
66 14 66
66 14 70
66 14 126
66 14 130
66 14 134
66 14 138
66 14 142
66 14 146
66 14 150
66 14 154
66 14 182
66 14 186
66 18 10
66 18 14
66 18 18
66 18 42
66 18 46
66 18 50
66 18 54
66 18 58
66 18 62
66 18 66
66 18 70
66 18 126
66 18 130
66 18 134
66 18 138
66 18 142
66 18 146
66 18 150
66 18 154
66 18 182
66 18 186
66 42 10
66 42 14
66 42 18
66 42 42
66 42 46
66 42 50
66 42 54
66 42 58
66 42 62
66 42 66
66 42 70
66 42 126
66 42 130
66 42 134
66 42 138
66 42 142
66 42 146
66 42 150
66 42 154
66 42 182
66 42 186
66 46 10
66 46 14
66 46 18
66 46 42
66 46 46
66 46 50
66 46 54
66 46 58
66 46 62
66 46 66
66 46 70
66 46 126
66 46 130
66 46 134
66 46 138
66 46 142
66 46 146
66 46 150
66 46 154
66 46 182
66 46 186
66 50 10
66 50 14
66 50 18
66 50 42
66 50 46
66 50 50
66 50 54
66 50 58
66 50 62
66 50 66
66 50 70
66 50 126
66 50 130
66 50 134
66 50 138
66 50 142
66 50 146
66 50 150
66 50 154
66 50 182
66 50 186
66 54 10
66 54 14
66 54 18
66 54 42
66 54 46
66 54 50
66 54 54
66 54 58
66 54 62
66 54 66
66 54 70
66 54 126
66 54 130
66 54 134
66 54 138
66 54 142
66 54 146
66 54 150
66 54 154
66 54 182
66 54 186
66 58 10
66 58 14
66 58 18
66 58 42
66 58 46
66 58 50
66 58 54
66 58 58
66 58 62
66 58 66
66 58 70
66 58 126
66 58 130
66 58 134
66 58 138
66 58 142
66 58 146
66 58 150
66 58 154
66 58 182
66 58 186
66 62 10
66 62 14
66 62 18
66 62 42
66 62 46
66 62 50
66 62 54
66 62 58
66 62 62
66 62 66
66 62 70
66 62 126
66 62 130
66 62 134
66 62 138
66 62 142
66 62 146
66 62 150
66 62 154
66 62 182
66 62 186
66 66 10
66 66 14
66 66 18
66 66 42
66 66 46
66 66 50
66 66 54
66 66 58
66 66 62
66 66 66
66 66 70
66 66 126
66 66 130
66 66 134
66 66 138
66 66 142
66 66 146
66 66 150
66 66 154
66 66 182
66 66 186
66 70 10
66 70 14
66 70 18
66 70 42
66 70 46
66 70 50
66 70 54
66 70 58
66 70 62
66 70 66
66 70 70
66 70 126
66 70 130
66 70 134
66 70 138
66 70 142
66 70 146
66 70 150
66 70 154
66 70 182
66 70 186
66 126 10
66 126 14
66 126 18
66 126 42
66 126 46
66 126 50
66 126 54
66 126 58
66 126 62
66 126 66
66 126 70
66 126 126
66 126 130
66 126 134
66 126 138
66 126 142
66 126 146
66 126 150
66 126 154
66 126 182
66 126 186
66 130 10
66 130 14
66 130 18
66 130 42
66 130 46
66 130 50
66 130 54
66 130 58
66 130 62
66 130 66
66 130 70
66 130 126
66 130 130
66 130 134
66 130 138
66 130 142
66 130 146
66 130 150
66 130 154
66 130 182
66 130 186
66 134 10
66 134 14
66 134 18
66 134 42
66 134 46
66 134 50
66 134 54
66 134 58
66 134 62
66 134 66
66 134 70
66 134 126
66 134 130
66 134 134
66 134 138
66 134 142
66 134 146
66 134 150
66 134 154
66 134 182
66 134 186
66 138 10
66 138 14
66 138 18
66 138 42
66 138 46
66 138 50
66 138 54
66 138 58
66 138 62
66 138 66
66 138 70
66 138 126
66 138 130
66 138 134
66 138 138
66 138 142
66 138 146
66 138 150
66 138 154
66 138 182
66 138 186
66 142 10
66 142 14
66 142 18
66 142 42
66 142 46
66 142 50
66 142 54
66 142 58
66 142 62
66 142 66
66 142 70
66 142 126
66 142 130
66 142 134
66 142 138
66 142 142
66 142 146
66 142 150
66 142 154
66 142 182
66 142 186
66 146 10
66 146 14
66 146 18
66 146 42
66 146 46
66 146 50
66 146 54
66 146 58
66 146 62
66 146 66
66 146 70
66 146 126
66 146 130
66 146 134
66 146 138
66 146 142
66 146 146
66 146 150
66 146 154
66 146 182
66 146 186
66 150 10
66 150 14
66 150 18
66 150 42
66 150 46
66 150 50
66 150 54
66 150 58
66 150 62
66 150 66
66 150 70
66 150 126
66 150 130
66 150 134
66 150 138
66 150 142
66 150 146
66 150 150
66 150 154
66 150 182
66 150 186
66 154 10
66 154 14
66 154 18
66 154 42
66 154 46
66 154 50
66 154 54
66 154 58
66 154 62
66 154 66
66 154 70
66 154 126
66 154 130
66 154 134
66 154 138
66 154 142
66 154 146
66 154 150
66 154 154
66 154 182
66 154 186
66 182 10
66 182 14
66 182 18
66 182 42
66 182 46
66 182 50
66 182 54
66 182 58
66 182 62
66 182 66
66 182 70
66 182 126
66 182 130
66 182 134
66 182 138
66 182 142
66 182 146
66 182 150
66 182 154
66 182 182
66 182 186
66 186 10
66 186 14
66 186 18
66 186 42
66 186 46
66 186 50
66 186 54
66 186 58
66 186 62
66 186 66
66 186 70
66 186 126
66 186 130
66 186 134
66 186 138
66 186 142
66 186 146
66 186 150
66 186 154
66 186 182
66 186 186
70 10 10
70 10 14
70 10 18
70 10 42
70 10 46
70 10 50
70 10 54
70 10 58
70 10 62
70 10 66
70 10 70
70 10 126
70 10 130
70 10 134
70 10 138
70 10 142
70 10 146
70 10 150
70 10 154
70 10 182
70 10 186
70 14 10
70 14 14
70 14 18
70 14 42
70 14 46
70 14 50
70 14 54
70 14 58
70 14 62
70 14 66
70 14 70
70 14 126
70 14 130
70 14 134
70 14 138
70 14 142
70 14 146
70 14 150
70 14 154
70 14 182
70 14 186
70 18 10
70 18 14
70 18 18
70 18 42
70 18 46
70 18 50
70 18 54
70 18 58
70 18 62
70 18 66
70 18 70
70 18 126
70 18 130
70 18 134
70 18 138
70 18 142
70 18 146
70 18 150
70 18 154
70 18 182
70 18 186
70 42 10
70 42 14
70 42 18
70 42 42
70 42 46
70 42 50
70 42 54
70 42 58
70 42 62
70 42 66
70 42 70
70 42 126
70 42 130
70 42 134
70 42 138
70 42 142
70 42 146
70 42 150
70 42 154
70 42 182
70 42 186
70 46 10
70 46 14
70 46 18
70 46 42
70 46 46
70 46 50
70 46 54
70 46 58
70 46 62
70 46 66
70 46 70
70 46 126
70 46 130
70 46 134
70 46 138
70 46 142
70 46 146
70 46 150
70 46 154
70 46 182
70 46 186
70 50 10
70 50 14
70 50 18
70 50 42
70 50 46
70 50 50
70 50 54
70 50 58
70 50 62
70 50 66
70 50 70
70 50 126
70 50 130
70 50 134
70 50 138
70 50 142
70 50 146
70 50 150
70 50 154
70 50 182
70 50 186
70 54 10
70 54 14
70 54 18
70 54 42
70 54 46
70 54 50
70 54 54
70 54 58
70 54 62
70 54 66
70 54 70
70 54 126
70 54 130
70 54 134
70 54 138
70 54 142
70 54 146
70 54 150
70 54 154
70 54 182
70 54 186
70 58 10
70 58 14
70 58 18
70 58 42
70 58 46
70 58 50
70 58 54
70 58 58
70 58 62
70 58 66
70 58 70
70 58 126
70 58 130
70 58 134
70 58 138
70 58 142
70 58 146
70 58 150
70 58 154
70 58 182
70 58 186
70 62 10
70 62 14
70 62 18
70 62 42
70 62 46
70 62 50
70 62 54
70 62 58
70 62 62
70 62 66
70 62 70
70 62 126
70 62 130
70 62 134
70 62 138
70 62 142
70 62 146
70 62 150
70 62 154
70 62 182
70 62 186
70 66 10
70 66 14
70 66 18
70 66 42
70 66 46
70 66 50
70 66 54
70 66 58
70 66 62
70 66 66
70 66 70
70 66 126
70 66 130
70 66 134
70 66 138
70 66 142
70 66 146
70 66 150
70 66 154
70 66 182
70 66 186
70 70 10
70 70 14
70 70 18
70 70 42
70 70 46
70 70 50
70 70 54
70 70 58
70 70 62
70 70 66
70 70 70
70 70 126
70 70 130
70 70 134
70 70 138
70 70 142
70 70 146
70 70 150
70 70 154
70 70 182
70 70 186
70 126 10
70 126 14
70 126 18
70 126 42
70 126 46
70 126 50
70 126 54
70 126 58
70 126 62
70 126 66
70 126 70
70 126 126
70 126 130
70 126 134
70 126 138
70 126 142
70 126 146
70 126 150
70 126 154
70 126 182
70 126 186
70 130 10
70 130 14
70 130 18
70 130 42
70 130 46
70 130 50
70 130 54
70 130 58
70 130 62
70 130 66
70 130 70
70 130 126
70 130 130
70 130 134
70 130 138
70 130 142
70 130 146
70 130 150
70 130 154
70 130 182
70 130 186
70 134 10
70 134 14
70 134 18
70 134 42
70 134 46
70 134 50
70 134 54
70 134 58
70 134 62
70 134 66
70 134 70
70 134 126
70 134 130
70 134 134
70 134 138
70 134 142
70 134 146
70 134 150
70 134 154
70 134 182
70 134 186
70 138 10
70 138 14
70 138 18
70 138 42
70 138 46
70 138 50
70 138 54
70 138 58
70 138 62
70 138 66
70 138 70
70 138 126
70 138 130
70 138 134
70 138 138
70 138 142
70 138 146
70 138 150
70 138 154
70 138 182
70 138 186
70 142 10
70 142 14
70 142 18
70 142 42
70 142 46
70 142 50
70 142 54
70 142 58
70 142 62
70 142 66
70 142 70
70 142 126
70 142 130
70 142 134
70 142 138
70 142 142
70 142 146
70 142 150
70 142 154
70 142 182
70 142 186
70 146 10
70 146 14
70 146 18
70 146 42
70 146 46
70 146 50
70 146 54
70 146 58
70 146 62
70 146 66
70 146 70
70 146 126
70 146 130
70 146 134
70 146 138
70 146 142
70 146 146
70 146 150
70 146 154
70 146 182
70 146 186
70 150 10
70 150 14
70 150 18
70 150 42
70 150 46
70 150 50
70 150 54
70 150 58
70 150 62
70 150 66
70 150 70
70 150 126
70 150 130
70 150 134
70 150 138
70 150 142
70 150 146
70 150 150
70 150 154
70 150 182
70 150 186
70 154 10
70 154 14
70 154 18
70 154 42
70 154 46
70 154 50
70 154 54
70 154 58
70 154 62
70 154 66
70 154 70
70 154 126
70 154 130
70 154 134
70 154 138
70 154 142
70 154 146
70 154 150
70 154 154
70 154 182
70 154 186
70 182 10
70 182 14
70 182 18
70 182 42
70 182 46
70 182 50
70 182 54
70 182 58
70 182 62
70 182 66
70 182 70
70 182 126
70 182 130
70 182 134
70 182 138
70 182 142
70 182 146
70 182 150
70 182 154
70 182 182
70 182 186
70 186 10
70 186 14
70 186 18
70 186 42
70 186 46
70 186 50
70 186 54
70 186 58
70 186 62
70 186 66
70 186 70
70 186 126
70 186 130
70 186 134
70 186 138
70 186 142
70 186 146
70 186 150
70 186 154
70 186 182
70 186 186
126 10 10
126 10 14
126 10 18
126 10 42
126 10 46
126 10 50
126 10 54
126 10 58
126 10 62
126 10 66
126 10 70
126 10 126
126 10 130
126 10 134
126 10 138
126 10 142
126 10 146
126 10 150
126 10 154
126 10 182
126 10 186
126 14 10
126 14 14
126 14 18
126 14 42
126 14 46
126 14 50
126 14 54
126 14 58
126 14 62
126 14 66
126 14 70
126 14 126
126 14 130
126 14 134
126 14 138
126 14 142
126 14 146
126 14 150
126 14 154
126 14 182
126 14 186
126 18 10
126 18 14
126 18 18
126 18 42
126 18 46
126 18 50
126 18 54
126 18 58
126 18 62
126 18 66
126 18 70
126 18 126
126 18 130
126 18 134
126 18 138
126 18 142
126 18 146
126 18 150
126 18 154
126 18 182
126 18 186
126 42 10
126 42 14
126 42 18
126 42 42
126 42 46
126 42 50
126 42 54
126 42 58
126 42 62
126 42 66
126 42 70
126 42 126
126 42 130
126 42 134
126 42 138
126 42 142
126 42 146
126 42 150
126 42 154
126 42 182
126 42 186
126 46 10
126 46 14
126 46 18
126 46 42
126 46 46
126 46 50
126 46 54
126 46 58
126 46 62
126 46 66
126 46 70
126 46 126
126 46 130
126 46 134
126 46 138
126 46 142
126 46 146
126 46 150
126 46 154
126 46 182
126 46 186
126 50 10
126 50 14
126 50 18
126 50 42
126 50 46
126 50 50
126 50 54
126 50 58
126 50 62
126 50 66
126 50 70
126 50 126
126 50 130
126 50 134
126 50 138
126 50 142
126 50 146
126 50 150
126 50 154
126 50 182
126 50 186
126 54 10
126 54 14
126 54 18
126 54 42
126 54 46
126 54 50
126 54 54
126 54 58
126 54 62
126 54 66
126 54 70
126 54 126
126 54 130
126 54 134
126 54 138
126 54 142
126 54 146
126 54 150
126 54 154
126 54 182
126 54 186
126 58 10
126 58 14
126 58 18
126 58 42
126 58 46
126 58 50
126 58 54
126 58 58
126 58 62
126 58 66
126 58 70
126 58 126
126 58 130
126 58 134
126 58 138
126 58 142
126 58 146
126 58 150
126 58 154
126 58 182
126 58 186
126 62 10
126 62 14
126 62 18
126 62 42
126 62 46
126 62 50
126 62 54
126 62 58
126 62 62
126 62 66
126 62 70
126 62 126
126 62 130
126 62 134
126 62 138
126 62 142
126 62 146
126 62 150
126 62 154
126 62 182
126 62 186
126 66 10
126 66 14
126 66 18
126 66 42
126 66 46
126 66 50
126 66 54
126 66 58
126 66 62
126 66 66
126 66 70
126 66 126
126 66 130
126 66 134
126 66 138
126 66 142
126 66 146
126 66 150
126 66 154
126 66 182
126 66 186
126 70 10
126 70 14
126 70 18
126 70 42
126 70 46
126 70 50
126 70 54
126 70 58
126 70 62
126 70 66
126 70 70
126 70 126
126 70 130
126 70 134
126 70 138
126 70 142
126 70 146
126 70 150
126 70 154
126 70 182
126 70 186
126 126 10
126 126 14
126 126 18
126 126 42
126 126 46
126 126 50
126 126 54
126 126 58
126 126 62
126 126 66
126 126 70
126 126 126
126 126 130
126 126 134
126 126 138
126 126 142
126 126 146
126 126 150
126 126 154
126 126 182
126 126 186
126 130 10
126 130 14
126 130 18
126 130 42
126 130 46
126 130 50
126 130 54
126 130 58
126 130 62
126 130 66
126 130 70
126 130 126
126 130 130
126 130 134
126 130 138
126 130 142
126 130 146
126 130 150
126 130 154
126 130 182
126 130 186
126 134 10
126 134 14
126 134 18
126 134 42
126 134 46
126 134 50
126 134 54
126 134 58
126 134 62
126 134 66
126 134 70
126 134 126
126 134 130
126 134 134
126 134 138
126 134 142
126 134 146
126 134 150
126 134 154
126 134 182
126 134 186
126 138 10
126 138 14
126 138 18
126 138 42
126 138 46
126 138 50
126 138 54
126 138 58
126 138 62
126 138 66
126 138 70
126 138 126
126 138 130
126 138 134
126 138 138
126 138 142
126 138 146
126 138 150
126 138 154
126 138 182
126 138 186
126 142 10
126 142 14
126 142 18
126 142 42
126 142 46
126 142 50
126 142 54
126 142 58
126 142 62
126 142 66
126 142 70
126 142 126
126 142 130
126 142 134
126 142 138
126 142 142
126 142 146
126 142 150
126 142 154
126 142 182
126 142 186
126 146 10
126 146 14
126 146 18
126 146 42
126 146 46
126 146 50
126 146 54
126 146 58
126 146 62
126 146 66
126 146 70
126 146 126
126 146 130
126 146 134
126 146 138
126 146 142
126 146 146
126 146 150
126 146 154
126 146 182
126 146 186
126 150 10
126 150 14
126 150 18
126 150 42
126 150 46
126 150 50
126 150 54
126 150 58
126 150 62
126 150 66
126 150 70
126 150 126
126 150 130
126 150 134
126 150 138
126 150 142
126 150 146
126 150 150
126 150 154
126 150 182
126 150 186
126 154 10
126 154 14
126 154 18
126 154 42
126 154 46
126 154 50
126 154 54
126 154 58
126 154 62
126 154 66
126 154 70
126 154 126
126 154 130
126 154 134
126 154 138
126 154 142
126 154 146
126 154 150
126 154 154
126 154 182
126 154 186
126 182 10
126 182 14
126 182 18
126 182 42
126 182 46
126 182 50
126 182 54
126 182 58
126 182 62
126 182 66
126 182 70
126 182 126
126 182 130
126 182 134
126 182 138
126 182 142
126 182 146
126 182 150
126 182 154
126 182 182
126 182 186
126 186 10
126 186 14
126 186 18
126 186 42
126 186 46
126 186 50
126 186 54
126 186 58
126 186 62
126 186 66
126 186 70
126 186 126
126 186 130
126 186 134
126 186 138
126 186 142
126 186 146
126 186 150
126 186 154
126 186 182
126 186 186
130 10 10
130 10 14
130 10 18
130 10 42
130 10 46
130 10 50
130 10 54
130 10 58
130 10 62
130 10 66
130 10 70
130 10 126
130 10 130
130 10 134
130 10 138
130 10 142
130 10 146
130 10 150
130 10 154
130 10 182
130 10 186
130 14 10
130 14 14
130 14 18
130 14 42
130 14 46
130 14 50
130 14 54
130 14 58
130 14 62
130 14 66
130 14 70
130 14 126
130 14 130
130 14 134
130 14 138
130 14 142
130 14 146
130 14 150
130 14 154
130 14 182
130 14 186
130 18 10
130 18 14
130 18 18
130 18 42
130 18 46
130 18 50
130 18 54
130 18 58
130 18 62
130 18 66
130 18 70
130 18 126
130 18 130
130 18 134
130 18 138
130 18 142
130 18 146
130 18 150
130 18 154
130 18 182
130 18 186
130 42 10
130 42 14
130 42 18
130 42 42
130 42 46
130 42 50
130 42 54
130 42 58
130 42 62
130 42 66
130 42 70
130 42 126
130 42 130
130 42 134
130 42 138
130 42 142
130 42 146
130 42 150
130 42 154
130 42 182
130 42 186
130 46 10
130 46 14
130 46 18
130 46 42
130 46 46
130 46 50
130 46 54
130 46 58
130 46 62
130 46 66
130 46 70
130 46 126
130 46 130
130 46 134
130 46 138
130 46 142
130 46 146
130 46 150
130 46 154
130 46 182
130 46 186
130 50 10
130 50 14
130 50 18
130 50 42
130 50 46
130 50 50
130 50 54
130 50 58
130 50 62
130 50 66
130 50 70
130 50 126
130 50 130
130 50 134
130 50 138
130 50 142
130 50 146
130 50 150
130 50 154
130 50 182
130 50 186
130 54 10
130 54 14
130 54 18
130 54 42
130 54 46
130 54 50
130 54 54
130 54 58
130 54 62
130 54 66
130 54 70
130 54 126
130 54 130
130 54 134
130 54 138
130 54 142
130 54 146
130 54 150
130 54 154
130 54 182
130 54 186
130 58 10
130 58 14
130 58 18
130 58 42
130 58 46
130 58 50
130 58 54
130 58 58
130 58 62
130 58 66
130 58 70
130 58 126
130 58 130
130 58 134
130 58 138
130 58 142
130 58 146
130 58 150
130 58 154
130 58 182
130 58 186
130 62 10
130 62 14
130 62 18
130 62 42
130 62 46
130 62 50
130 62 54
130 62 58
130 62 62
130 62 66
130 62 70
130 62 126
130 62 130
130 62 134
130 62 138
130 62 142
130 62 146
130 62 150
130 62 154
130 62 182
130 62 186
130 66 10
130 66 14
130 66 18
130 66 42
130 66 46
130 66 50
130 66 54
130 66 58
130 66 62
130 66 66
130 66 70
130 66 126
130 66 130
130 66 134
130 66 138
130 66 142
130 66 146
130 66 150
130 66 154
130 66 182
130 66 186
130 70 10
130 70 14
130 70 18
130 70 42
130 70 46
130 70 50
130 70 54
130 70 58
130 70 62
130 70 66
130 70 70
130 70 126
130 70 130
130 70 134
130 70 138
130 70 142
130 70 146
130 70 150
130 70 154
130 70 182
130 70 186
130 126 10
130 126 14
130 126 18
130 126 42
130 126 46
130 126 50
130 126 54
130 126 58
130 126 62
130 126 66
130 126 70
130 126 126
130 126 130
130 126 134
130 126 138
130 126 142
130 126 146
130 126 150
130 126 154
130 126 182
130 126 186
130 130 10
130 130 14
130 130 18
130 130 42
130 130 46
130 130 50
130 130 54
130 130 58
130 130 62
130 130 66
130 130 70
130 130 126
130 130 130
130 130 134
130 130 138
130 130 142
130 130 146
130 130 150
130 130 154
130 130 182
130 130 186
130 134 10
130 134 14
130 134 18
130 134 42
130 134 46
130 134 50
130 134 54
130 134 58
130 134 62
130 134 66
130 134 70
130 134 126
130 134 130
130 134 134
130 134 138
130 134 142
130 134 146
130 134 150
130 134 154
130 134 182
130 134 186
130 138 10
130 138 14
130 138 18
130 138 42
130 138 46
130 138 50
130 138 54
130 138 58
130 138 62
130 138 66
130 138 70
130 138 126
130 138 130
130 138 134
130 138 138
130 138 142
130 138 146
130 138 150
130 138 154
130 138 182
130 138 186
130 142 10
130 142 14
130 142 18
130 142 42
130 142 46
130 142 50
130 142 54
130 142 58
130 142 62
130 142 66
130 142 70
130 142 126
130 142 130
130 142 134
130 142 138
130 142 142
130 142 146
130 142 150
130 142 154
130 142 182
130 142 186
130 146 10
130 146 14
130 146 18
130 146 42
130 146 46
130 146 50
130 146 54
130 146 58
130 146 62
130 146 66
130 146 70
130 146 126
130 146 130
130 146 134
130 146 138
130 146 142
130 146 146
130 146 150
130 146 154
130 146 182
130 146 186
130 150 10
130 150 14
130 150 18
130 150 42
130 150 46
130 150 50
130 150 54
130 150 58
130 150 62
130 150 66
130 150 70
130 150 126
130 150 130
130 150 134
130 150 138
130 150 142
130 150 146
130 150 150
130 150 154
130 150 182
130 150 186
130 154 10
130 154 14
130 154 18
130 154 42
130 154 46
130 154 50
130 154 54
130 154 58
130 154 62
130 154 66
130 154 70
130 154 126
130 154 130
130 154 134
130 154 138
130 154 142
130 154 146
130 154 150
130 154 154
130 154 182
130 154 186
130 182 10
130 182 14
130 182 18
130 182 42
130 182 46
130 182 50
130 182 54
130 182 58
130 182 62
130 182 66
130 182 70
130 182 126
130 182 130
130 182 134
130 182 138
130 182 142
130 182 146
130 182 150
130 182 154
130 182 182
130 182 186
130 186 10
130 186 14
130 186 18
130 186 42
130 186 46
130 186 50
130 186 54
130 186 58
130 186 62
130 186 66
130 186 70
130 186 126
130 186 130
130 186 134
130 186 138
130 186 142
130 186 146
130 186 150
130 186 154
130 186 182
130 186 186
134 10 10
134 10 14
134 10 18
134 10 42
134 10 46
134 10 50
134 10 54
134 10 58
134 10 62
134 10 66
134 10 70
134 10 126
134 10 130
134 10 134
134 10 138
134 10 142
134 10 146
134 10 150
134 10 154
134 10 182
134 10 186
134 14 10
134 14 14
134 14 18
134 14 42
134 14 46
134 14 50
134 14 54
134 14 58
134 14 62
134 14 66
134 14 70
134 14 126
134 14 130
134 14 134
134 14 138
134 14 142
134 14 146
134 14 150
134 14 154
134 14 182
134 14 186
134 18 10
134 18 14
134 18 18
134 18 42
134 18 46
134 18 50
134 18 54
134 18 58
134 18 62
134 18 66
134 18 70
134 18 126
134 18 130
134 18 134
134 18 138
134 18 142
134 18 146
134 18 150
134 18 154
134 18 182
134 18 186
134 42 10
134 42 14
134 42 18
134 42 42
134 42 46
134 42 50
134 42 54
134 42 58
134 42 62
134 42 66
134 42 70
134 42 126
134 42 130
134 42 134
134 42 138
134 42 142
134 42 146
134 42 150
134 42 154
134 42 182
134 42 186
134 46 10
134 46 14
134 46 18
134 46 42
134 46 46
134 46 50
134 46 54
134 46 58
134 46 62
134 46 66
134 46 70
134 46 126
134 46 130
134 46 134
134 46 138
134 46 142
134 46 146
134 46 150
134 46 154
134 46 182
134 46 186
134 50 10
134 50 14
134 50 18
134 50 42
134 50 46
134 50 50
134 50 54
134 50 58
134 50 62
134 50 66
134 50 70
134 50 126
134 50 130
134 50 134
134 50 138
134 50 142
134 50 146
134 50 150
134 50 154
134 50 182
134 50 186
134 54 10
134 54 14
134 54 18
134 54 42
134 54 46
134 54 50
134 54 54
134 54 58
134 54 62
134 54 66
134 54 70
134 54 126
134 54 130
134 54 134
134 54 138
134 54 142
134 54 146
134 54 150
134 54 154
134 54 182
134 54 186
134 58 10
134 58 14
134 58 18
134 58 42
134 58 46
134 58 50
134 58 54
134 58 58
134 58 62
134 58 66
134 58 70
134 58 126
134 58 130
134 58 134
134 58 138
134 58 142
134 58 146
134 58 150
134 58 154
134 58 182
134 58 186
134 62 10
134 62 14
134 62 18
134 62 42
134 62 46
134 62 50
134 62 54
134 62 58
134 62 62
134 62 66
134 62 70
134 62 126
134 62 130
134 62 134
134 62 138
134 62 142
134 62 146
134 62 150
134 62 154
134 62 182
134 62 186
134 66 10
134 66 14
134 66 18
134 66 42
134 66 46
134 66 50
134 66 54
134 66 58
134 66 62
134 66 66
134 66 70
134 66 126
134 66 130
134 66 134
134 66 138
134 66 142
134 66 146
134 66 150
134 66 154
134 66 182
134 66 186
134 70 10
134 70 14
134 70 18
134 70 42
134 70 46
134 70 50
134 70 54
134 70 58
134 70 62
134 70 66
134 70 70
134 70 126
134 70 130
134 70 134
134 70 138
134 70 142
134 70 146
134 70 150
134 70 154
134 70 182
134 70 186
134 126 10
134 126 14
134 126 18
134 126 42
134 126 46
134 126 50
134 126 54
134 126 58
134 126 62
134 126 66
134 126 70
134 126 126
134 126 130
134 126 134
134 126 138
134 126 142
134 126 146
134 126 150
134 126 154
134 126 182
134 126 186
134 130 10
134 130 14
134 130 18
134 130 42
134 130 46
134 130 50
134 130 54
134 130 58
134 130 62
134 130 66
134 130 70
134 130 126
134 130 130
134 130 134
134 130 138
134 130 142
134 130 146
134 130 150
134 130 154
134 130 182
134 130 186
134 134 10
134 134 14
134 134 18
134 134 42
134 134 46
134 134 50
134 134 54
134 134 58
134 134 62
134 134 66
134 134 70
134 134 126
134 134 130
134 134 134
134 134 138
134 134 142
134 134 146
134 134 150
134 134 154
134 134 182
134 134 186
134 138 10
134 138 14
134 138 18
134 138 42
134 138 46
134 138 50
134 138 54
134 138 58
134 138 62
134 138 66
134 138 70
134 138 126
134 138 130
134 138 134
134 138 138
134 138 142
134 138 146
134 138 150
134 138 154
134 138 182
134 138 186
134 142 10
134 142 14
134 142 18
134 142 42
134 142 46
134 142 50
134 142 54
134 142 58
134 142 62
134 142 66
134 142 70
134 142 126
134 142 130
134 142 134
134 142 138
134 142 142
134 142 146
134 142 150
134 142 154
134 142 182
134 142 186
134 146 10
134 146 14
134 146 18
134 146 42
134 146 46
134 146 50
134 146 54
134 146 58
134 146 62
134 146 66
134 146 70
134 146 126
134 146 130
134 146 134
134 146 138
134 146 142
134 146 146
134 146 150
134 146 154
134 146 182
134 146 186
134 150 10
134 150 14
134 150 18
134 150 42
134 150 46
134 150 50
134 150 54
134 150 58
134 150 62
134 150 66
134 150 70
134 150 126
134 150 130
134 150 134
134 150 138
134 150 142
134 150 146
134 150 150
134 150 154
134 150 182
134 150 186
134 154 10
134 154 14
134 154 18
134 154 42
134 154 46
134 154 50
134 154 54
134 154 58
134 154 62
134 154 66
134 154 70
134 154 126
134 154 130
134 154 134
134 154 138
134 154 142
134 154 146
134 154 150
134 154 154
134 154 182
134 154 186
134 182 10
134 182 14
134 182 18
134 182 42
134 182 46
134 182 50
134 182 54
134 182 58
134 182 62
134 182 66
134 182 70
134 182 126
134 182 130
134 182 134
134 182 138
134 182 142
134 182 146
134 182 150
134 182 154
134 182 182
134 182 186
134 186 10
134 186 14
134 186 18
134 186 42
134 186 46
134 186 50
134 186 54
134 186 58
134 186 62
134 186 66
134 186 70
134 186 126
134 186 130
134 186 134
134 186 138
134 186 142
134 186 146
134 186 150
134 186 154
134 186 182
134 186 186
138 10 10
138 10 14
138 10 18
138 10 42
138 10 46
138 10 50
138 10 54
138 10 58
138 10 62
138 10 66
138 10 70
138 10 126
138 10 130
138 10 134
138 10 138
138 10 142
138 10 146
138 10 150
138 10 154
138 10 182
138 10 186
138 14 10
138 14 14
138 14 18
138 14 42
138 14 46
138 14 50
138 14 54
138 14 58
138 14 62
138 14 66
138 14 70
138 14 126
138 14 130
138 14 134
138 14 138
138 14 142
138 14 146
138 14 150
138 14 154
138 14 182
138 14 186
138 18 10
138 18 14
138 18 18
138 18 42
138 18 46
138 18 50
138 18 54
138 18 58
138 18 62
138 18 66
138 18 70
138 18 126
138 18 130
138 18 134
138 18 138
138 18 142
138 18 146
138 18 150
138 18 154
138 18 182
138 18 186
138 42 10
138 42 14
138 42 18
138 42 42
138 42 46
138 42 50
138 42 54
138 42 58
138 42 62
138 42 66
138 42 70
138 42 126
138 42 130
138 42 134
138 42 138
138 42 142
138 42 146
138 42 150
138 42 154
138 42 182
138 42 186
138 46 10
138 46 14
138 46 18
138 46 42
138 46 46
138 46 50
138 46 54
138 46 58
138 46 62
138 46 66
138 46 70
138 46 126
138 46 130
138 46 134
138 46 138
138 46 142
138 46 146
138 46 150
138 46 154
138 46 182
138 46 186
138 50 10
138 50 14
138 50 18
138 50 42
138 50 46
138 50 50
138 50 54
138 50 58
138 50 62
138 50 66
138 50 70
138 50 126
138 50 130
138 50 134
138 50 138
138 50 142
138 50 146
138 50 150
138 50 154
138 50 182
138 50 186
138 54 10
138 54 14
138 54 18
138 54 42
138 54 46
138 54 50
138 54 54
138 54 58
138 54 62
138 54 66
138 54 70
138 54 126
138 54 130
138 54 134
138 54 138
138 54 142
138 54 146
138 54 150
138 54 154
138 54 182
138 54 186
138 58 10
138 58 14
138 58 18
138 58 42
138 58 46
138 58 50
138 58 54
138 58 58
138 58 62
138 58 66
138 58 70
138 58 126
138 58 130
138 58 134
138 58 138
138 58 142
138 58 146
138 58 150
138 58 154
138 58 182
138 58 186
138 62 10
138 62 14
138 62 18
138 62 42
138 62 46
138 62 50
138 62 54
138 62 58
138 62 62
138 62 66
138 62 70
138 62 126
138 62 130
138 62 134
138 62 138
138 62 142
138 62 146
138 62 150
138 62 154
138 62 182
138 62 186
138 66 10
138 66 14
138 66 18
138 66 42
138 66 46
138 66 50
138 66 54
138 66 58
138 66 62
138 66 66
138 66 70
138 66 126
138 66 130
138 66 134
138 66 138
138 66 142
138 66 146
138 66 150
138 66 154
138 66 182
138 66 186
138 70 10
138 70 14
138 70 18
138 70 42
138 70 46
138 70 50
138 70 54
138 70 58
138 70 62
138 70 66
138 70 70
138 70 126
138 70 130
138 70 134
138 70 138
138 70 142
138 70 146
138 70 150
138 70 154
138 70 182
138 70 186
138 126 10
138 126 14
138 126 18
138 126 42
138 126 46
138 126 50
138 126 54
138 126 58
138 126 62
138 126 66
138 126 70
138 126 126
138 126 130
138 126 134
138 126 138
138 126 142
138 126 146
138 126 150
138 126 154
138 126 182
138 126 186
138 130 10
138 130 14
138 130 18
138 130 42
138 130 46
138 130 50
138 130 54
138 130 58
138 130 62
138 130 66
138 130 70
138 130 126
138 130 130
138 130 134
138 130 138
138 130 142
138 130 146
138 130 150
138 130 154
138 130 182
138 130 186
138 134 10
138 134 14
138 134 18
138 134 42
138 134 46
138 134 50
138 134 54
138 134 58
138 134 62
138 134 66
138 134 70
138 134 126
138 134 130
138 134 134
138 134 138
138 134 142
138 134 146
138 134 150
138 134 154
138 134 182
138 134 186
138 138 10
138 138 14
138 138 18
138 138 42
138 138 46
138 138 50
138 138 54
138 138 58
138 138 62
138 138 66
138 138 70
138 138 126
138 138 130
138 138 134
138 138 138
138 138 142
138 138 146
138 138 150
138 138 154
138 138 182
138 138 186
138 142 10
138 142 14
138 142 18
138 142 42
138 142 46
138 142 50
138 142 54
138 142 58
138 142 62
138 142 66
138 142 70
138 142 126
138 142 130
138 142 134
138 142 138
138 142 142
138 142 146
138 142 150
138 142 154
138 142 182
138 142 186
138 146 10
138 146 14
138 146 18
138 146 42
138 146 46
138 146 50
138 146 54
138 146 58
138 146 62
138 146 66
138 146 70
138 146 126
138 146 130
138 146 134
138 146 138
138 146 142
138 146 146
138 146 150
138 146 154
138 146 182
138 146 186
138 150 10
138 150 14
138 150 18
138 150 42
138 150 46
138 150 50
138 150 54
138 150 58
138 150 62
138 150 66
138 150 70
138 150 126
138 150 130
138 150 134
138 150 138
138 150 142
138 150 146
138 150 150
138 150 154
138 150 182
138 150 186
138 154 10
138 154 14
138 154 18
138 154 42
138 154 46
138 154 50
138 154 54
138 154 58
138 154 62
138 154 66
138 154 70
138 154 126
138 154 130
138 154 134
138 154 138
138 154 142
138 154 146
138 154 150
138 154 154
138 154 182
138 154 186
138 182 10
138 182 14
138 182 18
138 182 42
138 182 46
138 182 50
138 182 54
138 182 58
138 182 62
138 182 66
138 182 70
138 182 126
138 182 130
138 182 134
138 182 138
138 182 142
138 182 146
138 182 150
138 182 154
138 182 182
138 182 186
138 186 10
138 186 14
138 186 18
138 186 42
138 186 46
138 186 50
138 186 54
138 186 58
138 186 62
138 186 66
138 186 70
138 186 126
138 186 130
138 186 134
138 186 138
138 186 142
138 186 146
138 186 150
138 186 154
138 186 182
138 186 186
142 10 10
142 10 14
142 10 18
142 10 42
142 10 46
142 10 50
142 10 54
142 10 58
142 10 62
142 10 66
142 10 70
142 10 126
142 10 130
142 10 134
142 10 138
142 10 142
142 10 146
142 10 150
142 10 154
142 10 182
142 10 186
142 14 10
142 14 14
142 14 18
142 14 42
142 14 46
142 14 50
142 14 54
142 14 58
142 14 62
142 14 66
142 14 70
142 14 126
142 14 130
142 14 134
142 14 138
142 14 142
142 14 146
142 14 150
142 14 154
142 14 182
142 14 186
142 18 10
142 18 14
142 18 18
142 18 42
142 18 46
142 18 50
142 18 54
142 18 58
142 18 62
142 18 66
142 18 70
142 18 126
142 18 130
142 18 134
142 18 138
142 18 142
142 18 146
142 18 150
142 18 154
142 18 182
142 18 186
142 42 10
142 42 14
142 42 18
142 42 42
142 42 46
142 42 50
142 42 54
142 42 58
142 42 62
142 42 66
142 42 70
142 42 126
142 42 130
142 42 134
142 42 138
142 42 142
142 42 146
142 42 150
142 42 154
142 42 182
142 42 186
142 46 10
142 46 14
142 46 18
142 46 42
142 46 46
142 46 50
142 46 54
142 46 58
142 46 62
142 46 66
142 46 70
142 46 126
142 46 130
142 46 134
142 46 138
142 46 142
142 46 146
142 46 150
142 46 154
142 46 182
142 46 186
142 50 10
142 50 14
142 50 18
142 50 42
142 50 46
142 50 50
142 50 54
142 50 58
142 50 62
142 50 66
142 50 70
142 50 126
142 50 130
142 50 134
142 50 138
142 50 142
142 50 146
142 50 150
142 50 154
142 50 182
142 50 186
142 54 10
142 54 14
142 54 18
142 54 42
142 54 46
142 54 50
142 54 54
142 54 58
142 54 62
142 54 66
142 54 70
142 54 126
142 54 130
142 54 134
142 54 138
142 54 142
142 54 146
142 54 150
142 54 154
142 54 182
142 54 186
142 58 10
142 58 14
142 58 18
142 58 42
142 58 46
142 58 50
142 58 54
142 58 58
142 58 62
142 58 66
142 58 70
142 58 126
142 58 130
142 58 134
142 58 138
142 58 142
142 58 146
142 58 150
142 58 154
142 58 182
142 58 186
142 62 10
142 62 14
142 62 18
142 62 42
142 62 46
142 62 50
142 62 54
142 62 58
142 62 62
142 62 66
142 62 70
142 62 126
142 62 130
142 62 134
142 62 138
142 62 142
142 62 146
142 62 150
142 62 154
142 62 182
142 62 186
142 66 10
142 66 14
142 66 18
142 66 42
142 66 46
142 66 50
142 66 54
142 66 58
142 66 62
142 66 66
142 66 70
142 66 126
142 66 130
142 66 134
142 66 138
142 66 142
142 66 146
142 66 150
142 66 154
142 66 182
142 66 186
142 70 10
142 70 14
142 70 18
142 70 42
142 70 46
142 70 50
142 70 54
142 70 58
142 70 62
142 70 66
142 70 70
142 70 126
142 70 130
142 70 134
142 70 138
142 70 142
142 70 146
142 70 150
142 70 154
142 70 182
142 70 186
142 126 10
142 126 14
142 126 18
142 126 42
142 126 46
142 126 50
142 126 54
142 126 58
142 126 62
142 126 66
142 126 70
142 126 126
142 126 130
142 126 134
142 126 138
142 126 142
142 126 146
142 126 150
142 126 154
142 126 182
142 126 186
142 130 10
142 130 14
142 130 18
142 130 42
142 130 46
142 130 50
142 130 54
142 130 58
142 130 62
142 130 66
142 130 70
142 130 126
142 130 130
142 130 134
142 130 138
142 130 142
142 130 146
142 130 150
142 130 154
142 130 182
142 130 186
142 134 10
142 134 14
142 134 18
142 134 42
142 134 46
142 134 50
142 134 54
142 134 58
142 134 62
142 134 66
142 134 70
142 134 126
142 134 130
142 134 134
142 134 138
142 134 142
142 134 146
142 134 150
142 134 154
142 134 182
142 134 186
142 138 10
142 138 14
142 138 18
142 138 42
142 138 46
142 138 50
142 138 54
142 138 58
142 138 62
142 138 66
142 138 70
142 138 126
142 138 130
142 138 134
142 138 138
142 138 142
142 138 146
142 138 150
142 138 154
142 138 182
142 138 186
142 142 10
142 142 14
142 142 18
142 142 42
142 142 46
142 142 50
142 142 54
142 142 58
142 142 62
142 142 66
142 142 70
142 142 126
142 142 130
142 142 134
142 142 138
142 142 142
142 142 146
142 142 150
142 142 154
142 142 182
142 142 186
142 146 10
142 146 14
142 146 18
142 146 42
142 146 46
142 146 50
142 146 54
142 146 58
142 146 62
142 146 66
142 146 70
142 146 126
142 146 130
142 146 134
142 146 138
142 146 142
142 146 146
142 146 150
142 146 154
142 146 182
142 146 186
142 150 10
142 150 14
142 150 18
142 150 42
142 150 46
142 150 50
142 150 54
142 150 58
142 150 62
142 150 66
142 150 70
142 150 126
142 150 130
142 150 134
142 150 138
142 150 142
142 150 146
142 150 150
142 150 154
142 150 182
142 150 186
142 154 10
142 154 14
142 154 18
142 154 42
142 154 46
142 154 50
142 154 54
142 154 58
142 154 62
142 154 66
142 154 70
142 154 126
142 154 130
142 154 134
142 154 138
142 154 142
142 154 146
142 154 150
142 154 154
142 154 182
142 154 186
142 182 10
142 182 14
142 182 18
142 182 42
142 182 46
142 182 50
142 182 54
142 182 58
142 182 62
142 182 66
142 182 70
142 182 126
142 182 130
142 182 134
142 182 138
142 182 142
142 182 146
142 182 150
142 182 154
142 182 182
142 182 186
142 186 10
142 186 14
142 186 18
142 186 42
142 186 46
142 186 50
142 186 54
142 186 58
142 186 62
142 186 66
142 186 70
142 186 126
142 186 130
142 186 134
142 186 138
142 186 142
142 186 146
142 186 150
142 186 154
142 186 182
142 186 186
146 10 10
146 10 14
146 10 18
146 10 42
146 10 46
146 10 50
146 10 54
146 10 58
146 10 62
146 10 66
146 10 70
146 10 126
146 10 130
146 10 134
146 10 138
146 10 142
146 10 146
146 10 150
146 10 154
146 10 182
146 10 186
146 14 10
146 14 14
146 14 18
146 14 42
146 14 46
146 14 50
146 14 54
146 14 58
146 14 62
146 14 66
146 14 70
146 14 126
146 14 130
146 14 134
146 14 138
146 14 142
146 14 146
146 14 150
146 14 154
146 14 182
146 14 186
146 18 10
146 18 14
146 18 18
146 18 42
146 18 46
146 18 50
146 18 54
146 18 58
146 18 62
146 18 66
146 18 70
146 18 126
146 18 130
146 18 134
146 18 138
146 18 142
146 18 146
146 18 150
146 18 154
146 18 182
146 18 186
146 42 10
146 42 14
146 42 18
146 42 42
146 42 46
146 42 50
146 42 54
146 42 58
146 42 62
146 42 66
146 42 70
146 42 126
146 42 130
146 42 134
146 42 138
146 42 142
146 42 146
146 42 150
146 42 154
146 42 182
146 42 186
146 46 10
146 46 14
146 46 18
146 46 42
146 46 46
146 46 50
146 46 54
146 46 58
146 46 62
146 46 66
146 46 70
146 46 126
146 46 130
146 46 134
146 46 138
146 46 142
146 46 146
146 46 150
146 46 154
146 46 182
146 46 186
146 50 10
146 50 14
146 50 18
146 50 42
146 50 46
146 50 50
146 50 54
146 50 58
146 50 62
146 50 66
146 50 70
146 50 126
146 50 130
146 50 134
146 50 138
146 50 142
146 50 146
146 50 150
146 50 154
146 50 182
146 50 186
146 54 10
146 54 14
146 54 18
146 54 42
146 54 46
146 54 50
146 54 54
146 54 58
146 54 62
146 54 66
146 54 70
146 54 126
146 54 130
146 54 134
146 54 138
146 54 142
146 54 146
146 54 150
146 54 154
146 54 182
146 54 186
146 58 10
146 58 14
146 58 18
146 58 42
146 58 46
146 58 50
146 58 54
146 58 58
146 58 62
146 58 66
146 58 70
146 58 126
146 58 130
146 58 134
146 58 138
146 58 142
146 58 146
146 58 150
146 58 154
146 58 182
146 58 186
146 62 10
146 62 14
146 62 18
146 62 42
146 62 46
146 62 50
146 62 54
146 62 58
146 62 62
146 62 66
146 62 70
146 62 126
146 62 130
146 62 134
146 62 138
146 62 142
146 62 146
146 62 150
146 62 154
146 62 182
146 62 186
146 66 10
146 66 14
146 66 18
146 66 42
146 66 46
146 66 50
146 66 54
146 66 58
146 66 62
146 66 66
146 66 70
146 66 126
146 66 130
146 66 134
146 66 138
146 66 142
146 66 146
146 66 150
146 66 154
146 66 182
146 66 186
146 70 10
146 70 14
146 70 18
146 70 42
146 70 46
146 70 50
146 70 54
146 70 58
146 70 62
146 70 66
146 70 70
146 70 126
146 70 130
146 70 134
146 70 138
146 70 142
146 70 146
146 70 150
146 70 154
146 70 182
146 70 186
146 126 10
146 126 14
146 126 18
146 126 42
146 126 46
146 126 50
146 126 54
146 126 58
146 126 62
146 126 66
146 126 70
146 126 126
146 126 130
146 126 134
146 126 138
146 126 142
146 126 146
146 126 150
146 126 154
146 126 182
146 126 186
146 130 10
146 130 14
146 130 18
146 130 42
146 130 46
146 130 50
146 130 54
146 130 58
146 130 62
146 130 66
146 130 70
146 130 126
146 130 130
146 130 134
146 130 138
146 130 142
146 130 146
146 130 150
146 130 154
146 130 182
146 130 186
146 134 10
146 134 14
146 134 18
146 134 42
146 134 46
146 134 50
146 134 54
146 134 58
146 134 62
146 134 66
146 134 70
146 134 126
146 134 130
146 134 134
146 134 138
146 134 142
146 134 146
146 134 150
146 134 154
146 134 182
146 134 186
146 138 10
146 138 14
146 138 18
146 138 42
146 138 46
146 138 50
146 138 54
146 138 58
146 138 62
146 138 66
146 138 70
146 138 126
146 138 130
146 138 134
146 138 138
146 138 142
146 138 146
146 138 150
146 138 154
146 138 182
146 138 186
146 142 10
146 142 14
146 142 18
146 142 42
146 142 46
146 142 50
146 142 54
146 142 58
146 142 62
146 142 66
146 142 70
146 142 126
146 142 130
146 142 134
146 142 138
146 142 142
146 142 146
146 142 150
146 142 154
146 142 182
146 142 186
146 146 10
146 146 14
146 146 18
146 146 42
146 146 46
146 146 50
146 146 54
146 146 58
146 146 62
146 146 66
146 146 70
146 146 126
146 146 130
146 146 134
146 146 138
146 146 142
146 146 146
146 146 150
146 146 154
146 146 182
146 146 186
146 150 10
146 150 14
146 150 18
146 150 42
146 150 46
146 150 50
146 150 54
146 150 58
146 150 62
146 150 66
146 150 70
146 150 126
146 150 130
146 150 134
146 150 138
146 150 142
146 150 146
146 150 150
146 150 154
146 150 182
146 150 186
146 154 10
146 154 14
146 154 18
146 154 42
146 154 46
146 154 50
146 154 54
146 154 58
146 154 62
146 154 66
146 154 70
146 154 126
146 154 130
146 154 134
146 154 138
146 154 142
146 154 146
146 154 150
146 154 154
146 154 182
146 154 186
146 182 10
146 182 14
146 182 18
146 182 42
146 182 46
146 182 50
146 182 54
146 182 58
146 182 62
146 182 66
146 182 70
146 182 126
146 182 130
146 182 134
146 182 138
146 182 142
146 182 146
146 182 150
146 182 154
146 182 182
146 182 186
146 186 10
146 186 14
146 186 18
146 186 42
146 186 46
146 186 50
146 186 54
146 186 58
146 186 62
146 186 66
146 186 70
146 186 126
146 186 130
146 186 134
146 186 138
146 186 142
146 186 146
146 186 150
146 186 154
146 186 182
146 186 186
150 10 10
150 10 14
150 10 18
150 10 42
150 10 46
150 10 50
150 10 54
150 10 58
150 10 62
150 10 66
150 10 70
150 10 126
150 10 130
150 10 134
150 10 138
150 10 142
150 10 146
150 10 150
150 10 154
150 10 182
150 10 186
150 14 10
150 14 14
150 14 18
150 14 42
150 14 46
150 14 50
150 14 54
150 14 58
150 14 62
150 14 66
150 14 70
150 14 126
150 14 130
150 14 134
150 14 138
150 14 142
150 14 146
150 14 150
150 14 154
150 14 182
150 14 186
150 18 10
150 18 14
150 18 18
150 18 42
150 18 46
150 18 50
150 18 54
150 18 58
150 18 62
150 18 66
150 18 70
150 18 126
150 18 130
150 18 134
150 18 138
150 18 142
150 18 146
150 18 150
150 18 154
150 18 182
150 18 186
150 42 10
150 42 14
150 42 18
150 42 42
150 42 46
150 42 50
150 42 54
150 42 58
150 42 62
150 42 66
150 42 70
150 42 126
150 42 130
150 42 134
150 42 138
150 42 142
150 42 146
150 42 150
150 42 154
150 42 182
150 42 186
150 46 10
150 46 14
150 46 18
150 46 42
150 46 46
150 46 50
150 46 54
150 46 58
150 46 62
150 46 66
150 46 70
150 46 126
150 46 130
150 46 134
150 46 138
150 46 142
150 46 146
150 46 150
150 46 154
150 46 182
150 46 186
150 50 10
150 50 14
150 50 18
150 50 42
150 50 46
150 50 50
150 50 54
150 50 58
150 50 62
150 50 66
150 50 70
150 50 126
150 50 130
150 50 134
150 50 138
150 50 142
150 50 146
150 50 150
150 50 154
150 50 182
150 50 186
150 54 10
150 54 14
150 54 18
150 54 42
150 54 46
150 54 50
150 54 54
150 54 58
150 54 62
150 54 66
150 54 70
150 54 126
150 54 130
150 54 134
150 54 138
150 54 142
150 54 146
150 54 150
150 54 154
150 54 182
150 54 186
150 58 10
150 58 14
150 58 18
150 58 42
150 58 46
150 58 50
150 58 54
150 58 58
150 58 62
150 58 66
150 58 70
150 58 126
150 58 130
150 58 134
150 58 138
150 58 142
150 58 146
150 58 150
150 58 154
150 58 182
150 58 186
150 62 10
150 62 14
150 62 18
150 62 42
150 62 46
150 62 50
150 62 54
150 62 58
150 62 62
150 62 66
150 62 70
150 62 126
150 62 130
150 62 134
150 62 138
150 62 142
150 62 146
150 62 150
150 62 154
150 62 182
150 62 186
150 66 10
150 66 14
150 66 18
150 66 42
150 66 46
150 66 50
150 66 54
150 66 58
150 66 62
150 66 66
150 66 70
150 66 126
150 66 130
150 66 134
150 66 138
150 66 142
150 66 146
150 66 150
150 66 154
150 66 182
150 66 186
150 70 10
150 70 14
150 70 18
150 70 42
150 70 46
150 70 50
150 70 54
150 70 58
150 70 62
150 70 66
150 70 70
150 70 126
150 70 130
150 70 134
150 70 138
150 70 142
150 70 146
150 70 150
150 70 154
150 70 182
150 70 186
150 126 10
150 126 14
150 126 18
150 126 42
150 126 46
150 126 50
150 126 54
150 126 58
150 126 62
150 126 66
150 126 70
150 126 126
150 126 130
150 126 134
150 126 138
150 126 142
150 126 146
150 126 150
150 126 154
150 126 182
150 126 186
150 130 10
150 130 14
150 130 18
150 130 42
150 130 46
150 130 50
150 130 54
150 130 58
150 130 62
150 130 66
150 130 70
150 130 126
150 130 130
150 130 134
150 130 138
150 130 142
150 130 146
150 130 150
150 130 154
150 130 182
150 130 186
150 134 10
150 134 14
150 134 18
150 134 42
150 134 46
150 134 50
150 134 54
150 134 58
150 134 62
150 134 66
150 134 70
150 134 126
150 134 130
150 134 134
150 134 138
150 134 142
150 134 146
150 134 150
150 134 154
150 134 182
150 134 186
150 138 10
150 138 14
150 138 18
150 138 42
150 138 46
150 138 50
150 138 54
150 138 58
150 138 62
150 138 66
150 138 70
150 138 126
150 138 130
150 138 134
150 138 138
150 138 142
150 138 146
150 138 150
150 138 154
150 138 182
150 138 186
150 142 10
150 142 14
150 142 18
150 142 42
150 142 46
150 142 50
150 142 54
150 142 58
150 142 62
150 142 66
150 142 70
150 142 126
150 142 130
150 142 134
150 142 138
150 142 142
150 142 146
150 142 150
150 142 154
150 142 182
150 142 186
150 146 10
150 146 14
150 146 18
150 146 42
150 146 46
150 146 50
150 146 54
150 146 58
150 146 62
150 146 66
150 146 70
150 146 126
150 146 130
150 146 134
150 146 138
150 146 142
150 146 146
150 146 150
150 146 154
150 146 182
150 146 186
150 150 10
150 150 14
150 150 18
150 150 42
150 150 46
150 150 50
150 150 54
150 150 58
150 150 62
150 150 66
150 150 70
150 150 126
150 150 130
150 150 134
150 150 138
150 150 142
150 150 146
150 150 150
150 150 154
150 150 182
150 150 186
150 154 10
150 154 14
150 154 18
150 154 42
150 154 46
150 154 50
150 154 54
150 154 58
150 154 62
150 154 66
150 154 70
150 154 126
150 154 130
150 154 134
150 154 138
150 154 142
150 154 146
150 154 150
150 154 154
150 154 182
150 154 186
150 182 10
150 182 14
150 182 18
150 182 42
150 182 46
150 182 50
150 182 54
150 182 58
150 182 62
150 182 66
150 182 70
150 182 126
150 182 130
150 182 134
150 182 138
150 182 142
150 182 146
150 182 150
150 182 154
150 182 182
150 182 186
150 186 10
150 186 14
150 186 18
150 186 42
150 186 46
150 186 50
150 186 54
150 186 58
150 186 62
150 186 66
150 186 70
150 186 126
150 186 130
150 186 134
150 186 138
150 186 142
150 186 146
150 186 150
150 186 154
150 186 182
150 186 186
154 10 10
154 10 14
154 10 18
154 10 42
154 10 46
154 10 50
154 10 54
154 10 58
154 10 62
154 10 66
154 10 70
154 10 126
154 10 130
154 10 134
154 10 138
154 10 142
154 10 146
154 10 150
154 10 154
154 10 182
154 10 186
154 14 10
154 14 14
154 14 18
154 14 42
154 14 46
154 14 50
154 14 54
154 14 58
154 14 62
154 14 66
154 14 70
154 14 126
154 14 130
154 14 134
154 14 138
154 14 142
154 14 146
154 14 150
154 14 154
154 14 182
154 14 186
154 18 10
154 18 14
154 18 18
154 18 42
154 18 46
154 18 50
154 18 54
154 18 58
154 18 62
154 18 66
154 18 70
154 18 126
154 18 130
154 18 134
154 18 138
154 18 142
154 18 146
154 18 150
154 18 154
154 18 182
154 18 186
154 42 10
154 42 14
154 42 18
154 42 42
154 42 46
154 42 50
154 42 54
154 42 58
154 42 62
154 42 66
154 42 70
154 42 126
154 42 130
154 42 134
154 42 138
154 42 142
154 42 146
154 42 150
154 42 154
154 42 182
154 42 186
154 46 10
154 46 14
154 46 18
154 46 42
154 46 46
154 46 50
154 46 54
154 46 58
154 46 62
154 46 66
154 46 70
154 46 126
154 46 130
154 46 134
154 46 138
154 46 142
154 46 146
154 46 150
154 46 154
154 46 182
154 46 186
154 50 10
154 50 14
154 50 18
154 50 42
154 50 46
154 50 50
154 50 54
154 50 58
154 50 62
154 50 66
154 50 70
154 50 126
154 50 130
154 50 134
154 50 138
154 50 142
154 50 146
154 50 150
154 50 154
154 50 182
154 50 186
154 54 10
154 54 14
154 54 18
154 54 42
154 54 46
154 54 50
154 54 54
154 54 58
154 54 62
154 54 66
154 54 70
154 54 126
154 54 130
154 54 134
154 54 138
154 54 142
154 54 146
154 54 150
154 54 154
154 54 182
154 54 186
154 58 10
154 58 14
154 58 18
154 58 42
154 58 46
154 58 50
154 58 54
154 58 58
154 58 62
154 58 66
154 58 70
154 58 126
154 58 130
154 58 134
154 58 138
154 58 142
154 58 146
154 58 150
154 58 154
154 58 182
154 58 186
154 62 10
154 62 14
154 62 18
154 62 42
154 62 46
154 62 50
154 62 54
154 62 58
154 62 62
154 62 66
154 62 70
154 62 126
154 62 130
154 62 134
154 62 138
154 62 142
154 62 146
154 62 150
154 62 154
154 62 182
154 62 186
154 66 10
154 66 14
154 66 18
154 66 42
154 66 46
154 66 50
154 66 54
154 66 58
154 66 62
154 66 66
154 66 70
154 66 126
154 66 130
154 66 134
154 66 138
154 66 142
154 66 146
154 66 150
154 66 154
154 66 182
154 66 186
154 70 10
154 70 14
154 70 18
154 70 42
154 70 46
154 70 50
154 70 54
154 70 58
154 70 62
154 70 66
154 70 70
154 70 126
154 70 130
154 70 134
154 70 138
154 70 142
154 70 146
154 70 150
154 70 154
154 70 182
154 70 186
154 126 10
154 126 14
154 126 18
154 126 42
154 126 46
154 126 50
154 126 54
154 126 58
154 126 62
154 126 66
154 126 70
154 126 126
154 126 130
154 126 134
154 126 138
154 126 142
154 126 146
154 126 150
154 126 154
154 126 182
154 126 186
154 130 10
154 130 14
154 130 18
154 130 42
154 130 46
154 130 50
154 130 54
154 130 58
154 130 62
154 130 66
154 130 70
154 130 126
154 130 130
154 130 134
154 130 138
154 130 142
154 130 146
154 130 150
154 130 154
154 130 182
154 130 186
154 134 10
154 134 14
154 134 18
154 134 42
154 134 46
154 134 50
154 134 54
154 134 58
154 134 62
154 134 66
154 134 70
154 134 126
154 134 130
154 134 134
154 134 138
154 134 142
154 134 146
154 134 150
154 134 154
154 134 182
154 134 186
154 138 10
154 138 14
154 138 18
154 138 42
154 138 46
154 138 50
154 138 54
154 138 58
154 138 62
154 138 66
154 138 70
154 138 126
154 138 130
154 138 134
154 138 138
154 138 142
154 138 146
154 138 150
154 138 154
154 138 182
154 138 186
154 142 10
154 142 14
154 142 18
154 142 42
154 142 46
154 142 50
154 142 54
154 142 58
154 142 62
154 142 66
154 142 70
154 142 126
154 142 130
154 142 134
154 142 138
154 142 142
154 142 146
154 142 150
154 142 154
154 142 182
154 142 186
154 146 10
154 146 14
154 146 18
154 146 42
154 146 46
154 146 50
154 146 54
154 146 58
154 146 62
154 146 66
154 146 70
154 146 126
154 146 130
154 146 134
154 146 138
154 146 142
154 146 146
154 146 150
154 146 154
154 146 182
154 146 186
154 150 10
154 150 14
154 150 18
154 150 42
154 150 46
154 150 50
154 150 54
154 150 58
154 150 62
154 150 66
154 150 70
154 150 126
154 150 130
154 150 134
154 150 138
154 150 142
154 150 146
154 150 150
154 150 154
154 150 182
154 150 186
154 154 10
154 154 14
154 154 18
154 154 42
154 154 46
154 154 50
154 154 54
154 154 58
154 154 62
154 154 66
154 154 70
154 154 126
154 154 130
154 154 134
154 154 138
154 154 142
154 154 146
154 154 150
154 154 154
154 154 182
154 154 186
154 182 10
154 182 14
154 182 18
154 182 42
154 182 46
154 182 50
154 182 54
154 182 58
154 182 62
154 182 66
154 182 70
154 182 126
154 182 130
154 182 134
154 182 138
154 182 142
154 182 146
154 182 150
154 182 154
154 182 182
154 182 186
154 186 10
154 186 14
154 186 18
154 186 42
154 186 46
154 186 50
154 186 54
154 186 58
154 186 62
154 186 66
154 186 70
154 186 126
154 186 130
154 186 134
154 186 138
154 186 142
154 186 146
154 186 150
154 186 154
154 186 182
154 186 186
182 10 10
182 10 14
182 10 18
182 10 42
182 10 46
182 10 50
182 10 54
182 10 58
182 10 62
182 10 66
182 10 70
182 10 126
182 10 130
182 10 134
182 10 138
182 10 142
182 10 146
182 10 150
182 10 154
182 10 182
182 10 186
182 14 10
182 14 14
182 14 18
182 14 42
182 14 46
182 14 50
182 14 54
182 14 58
182 14 62
182 14 66
182 14 70
182 14 126
182 14 130
182 14 134
182 14 138
182 14 142
182 14 146
182 14 150
182 14 154
182 14 182
182 14 186
182 18 10
182 18 14
182 18 18
182 18 42
182 18 46
182 18 50
182 18 54
182 18 58
182 18 62
182 18 66
182 18 70
182 18 126
182 18 130
182 18 134
182 18 138
182 18 142
182 18 146
182 18 150
182 18 154
182 18 182
182 18 186
182 42 10
182 42 14
182 42 18
182 42 42
182 42 46
182 42 50
182 42 54
182 42 58
182 42 62
182 42 66
182 42 70
182 42 126
182 42 130
182 42 134
182 42 138
182 42 142
182 42 146
182 42 150
182 42 154
182 42 182
182 42 186
182 46 10
182 46 14
182 46 18
182 46 42
182 46 46
182 46 50
182 46 54
182 46 58
182 46 62
182 46 66
182 46 70
182 46 126
182 46 130
182 46 134
182 46 138
182 46 142
182 46 146
182 46 150
182 46 154
182 46 182
182 46 186
182 50 10
182 50 14
182 50 18
182 50 42
182 50 46
182 50 50
182 50 54
182 50 58
182 50 62
182 50 66
182 50 70
182 50 126
182 50 130
182 50 134
182 50 138
182 50 142
182 50 146
182 50 150
182 50 154
182 50 182
182 50 186
182 54 10
182 54 14
182 54 18
182 54 42
182 54 46
182 54 50
182 54 54
182 54 58
182 54 62
182 54 66
182 54 70
182 54 126
182 54 130
182 54 134
182 54 138
182 54 142
182 54 146
182 54 150
182 54 154
182 54 182
182 54 186
182 58 10
182 58 14
182 58 18
182 58 42
182 58 46
182 58 50
182 58 54
182 58 58
182 58 62
182 58 66
182 58 70
182 58 126
182 58 130
182 58 134
182 58 138
182 58 142
182 58 146
182 58 150
182 58 154
182 58 182
182 58 186
182 62 10
182 62 14
182 62 18
182 62 42
182 62 46
182 62 50
182 62 54
182 62 58
182 62 62
182 62 66
182 62 70
182 62 126
182 62 130
182 62 134
182 62 138
182 62 142
182 62 146
182 62 150
182 62 154
182 62 182
182 62 186
182 66 10
182 66 14
182 66 18
182 66 42
182 66 46
182 66 50
182 66 54
182 66 58
182 66 62
182 66 66
182 66 70
182 66 126
182 66 130
182 66 134
182 66 138
182 66 142
182 66 146
182 66 150
182 66 154
182 66 182
182 66 186
182 70 10
182 70 14
182 70 18
182 70 42
182 70 46
182 70 50
182 70 54
182 70 58
182 70 62
182 70 66
182 70 70
182 70 126
182 70 130
182 70 134
182 70 138
182 70 142
182 70 146
182 70 150
182 70 154
182 70 182
182 70 186
182 126 10
182 126 14
182 126 18
182 126 42
182 126 46
182 126 50
182 126 54
182 126 58
182 126 62
182 126 66
182 126 70
182 126 126
182 126 130
182 126 134
182 126 138
182 126 142
182 126 146
182 126 150
182 126 154
182 126 182
182 126 186
182 130 10
182 130 14
182 130 18
182 130 42
182 130 46
182 130 50
182 130 54
182 130 58
182 130 62
182 130 66
182 130 70
182 130 126
182 130 130
182 130 134
182 130 138
182 130 142
182 130 146
182 130 150
182 130 154
182 130 182
182 130 186
182 134 10
182 134 14
182 134 18
182 134 42
182 134 46
182 134 50
182 134 54
182 134 58
182 134 62
182 134 66
182 134 70
182 134 126
182 134 130
182 134 134
182 134 138
182 134 142
182 134 146
182 134 150
182 134 154
182 134 182
182 134 186
182 138 10
182 138 14
182 138 18
182 138 42
182 138 46
182 138 50
182 138 54
182 138 58
182 138 62
182 138 66
182 138 70
182 138 126
182 138 130
182 138 134
182 138 138
182 138 142
182 138 146
182 138 150
182 138 154
182 138 182
182 138 186
182 142 10
182 142 14
182 142 18
182 142 42
182 142 46
182 142 50
182 142 54
182 142 58
182 142 62
182 142 66
182 142 70
182 142 126
182 142 130
182 142 134
182 142 138
182 142 142
182 142 146
182 142 150
182 142 154
182 142 182
182 142 186
182 146 10
182 146 14
182 146 18
182 146 42
182 146 46
182 146 50
182 146 54
182 146 58
182 146 62
182 146 66
182 146 70
182 146 126
182 146 130
182 146 134
182 146 138
182 146 142
182 146 146
182 146 150
182 146 154
182 146 182
182 146 186
182 150 10
182 150 14
182 150 18
182 150 42
182 150 46
182 150 50
182 150 54
182 150 58
182 150 62
182 150 66
182 150 70
182 150 126
182 150 130
182 150 134
182 150 138
182 150 142
182 150 146
182 150 150
182 150 154
182 150 182
182 150 186
182 154 10
182 154 14
182 154 18
182 154 42
182 154 46
182 154 50
182 154 54
182 154 58
182 154 62
182 154 66
182 154 70
182 154 126
182 154 130
182 154 134
182 154 138
182 154 142
182 154 146
182 154 150
182 154 154
182 154 182
182 154 186
182 182 10
182 182 14
182 182 18
182 182 42
182 182 46
182 182 50
182 182 54
182 182 58
182 182 62
182 182 66
182 182 70
182 182 126
182 182 130
182 182 134
182 182 138
182 182 142
182 182 146
182 182 150
182 182 154
182 182 182
182 182 186
182 186 10
182 186 14
182 186 18
182 186 42
182 186 46
182 186 50
182 186 54
182 186 58
182 186 62
182 186 66
182 186 70
182 186 126
182 186 130
182 186 134
182 186 138
182 186 142
182 186 146
182 186 150
182 186 154
182 186 182
182 186 186
186 10 10
186 10 14
186 10 18
186 10 42
186 10 46
186 10 50
186 10 54
186 10 58
186 10 62
186 10 66
186 10 70
186 10 126
186 10 130
186 10 134
186 10 138
186 10 142
186 10 146
186 10 150
186 10 154
186 10 182
186 10 186
186 14 10
186 14 14
186 14 18
186 14 42
186 14 46
186 14 50
186 14 54
186 14 58
186 14 62
186 14 66
186 14 70
186 14 126
186 14 130
186 14 134
186 14 138
186 14 142
186 14 146
186 14 150
186 14 154
186 14 182
186 14 186
186 18 10
186 18 14
186 18 18
186 18 42
186 18 46
186 18 50
186 18 54
186 18 58
186 18 62
186 18 66
186 18 70
186 18 126
186 18 130
186 18 134
186 18 138
186 18 142
186 18 146
186 18 150
186 18 154
186 18 182
186 18 186
186 42 10
186 42 14
186 42 18
186 42 42
186 42 46
186 42 50
186 42 54
186 42 58
186 42 62
186 42 66
186 42 70
186 42 126
186 42 130
186 42 134
186 42 138
186 42 142
186 42 146
186 42 150
186 42 154
186 42 182
186 42 186
186 46 10
186 46 14
186 46 18
186 46 42
186 46 46
186 46 50
186 46 54
186 46 58
186 46 62
186 46 66
186 46 70
186 46 126
186 46 130
186 46 134
186 46 138
186 46 142
186 46 146
186 46 150
186 46 154
186 46 182
186 46 186
186 50 10
186 50 14
186 50 18
186 50 42
186 50 46
186 50 50
186 50 54
186 50 58
186 50 62
186 50 66
186 50 70
186 50 126
186 50 130
186 50 134
186 50 138
186 50 142
186 50 146
186 50 150
186 50 154
186 50 182
186 50 186
186 54 10
186 54 14
186 54 18
186 54 42
186 54 46
186 54 50
186 54 54
186 54 58
186 54 62
186 54 66
186 54 70
186 54 126
186 54 130
186 54 134
186 54 138
186 54 142
186 54 146
186 54 150
186 54 154
186 54 182
186 54 186
186 58 10
186 58 14
186 58 18
186 58 42
186 58 46
186 58 50
186 58 54
186 58 58
186 58 62
186 58 66
186 58 70
186 58 126
186 58 130
186 58 134
186 58 138
186 58 142
186 58 146
186 58 150
186 58 154
186 58 182
186 58 186
186 62 10
186 62 14
186 62 18
186 62 42
186 62 46
186 62 50
186 62 54
186 62 58
186 62 62
186 62 66
186 62 70
186 62 126
186 62 130
186 62 134
186 62 138
186 62 142
186 62 146
186 62 150
186 62 154
186 62 182
186 62 186
186 66 10
186 66 14
186 66 18
186 66 42
186 66 46
186 66 50
186 66 54
186 66 58
186 66 62
186 66 66
186 66 70
186 66 126
186 66 130
186 66 134
186 66 138
186 66 142
186 66 146
186 66 150
186 66 154
186 66 182
186 66 186
186 70 10
186 70 14
186 70 18
186 70 42
186 70 46
186 70 50
186 70 54
186 70 58
186 70 62
186 70 66
186 70 70
186 70 126
186 70 130
186 70 134
186 70 138
186 70 142
186 70 146
186 70 150
186 70 154
186 70 182
186 70 186
186 126 10
186 126 14
186 126 18
186 126 42
186 126 46
186 126 50
186 126 54
186 126 58
186 126 62
186 126 66
186 126 70
186 126 126
186 126 130
186 126 134
186 126 138
186 126 142
186 126 146
186 126 150
186 126 154
186 126 182
186 126 186
186 130 10
186 130 14
186 130 18
186 130 42
186 130 46
186 130 50
186 130 54
186 130 58
186 130 62
186 130 66
186 130 70
186 130 126
186 130 130
186 130 134
186 130 138
186 130 142
186 130 146
186 130 150
186 130 154
186 130 182
186 130 186
186 134 10
186 134 14
186 134 18
186 134 42
186 134 46
186 134 50
186 134 54
186 134 58
186 134 62
186 134 66
186 134 70
186 134 126
186 134 130
186 134 134
186 134 138
186 134 142
186 134 146
186 134 150
186 134 154
186 134 182
186 134 186
186 138 10
186 138 14
186 138 18
186 138 42
186 138 46
186 138 50
186 138 54
186 138 58
186 138 62
186 138 66
186 138 70
186 138 126
186 138 130
186 138 134
186 138 138
186 138 142
186 138 146
186 138 150
186 138 154
186 138 182
186 138 186
186 142 10
186 142 14
186 142 18
186 142 42
186 142 46
186 142 50
186 142 54
186 142 58
186 142 62
186 142 66
186 142 70
186 142 126
186 142 130
186 142 134
186 142 138
186 142 142
186 142 146
186 142 150
186 142 154
186 142 182
186 142 186
186 146 10
186 146 14
186 146 18
186 146 42
186 146 46
186 146 50
186 146 54
186 146 58
186 146 62
186 146 66
186 146 70
186 146 126
186 146 130
186 146 134
186 146 138
186 146 142
186 146 146
186 146 150
186 146 154
186 146 182
186 146 186
186 150 10
186 150 14
186 150 18
186 150 42
186 150 46
186 150 50
186 150 54
186 150 58
186 150 62
186 150 66
186 150 70
186 150 126
186 150 130
186 150 134
186 150 138
186 150 142
186 150 146
186 150 150
186 150 154
186 150 182
186 150 186
186 154 10
186 154 14
186 154 18
186 154 42
186 154 46
186 154 50
186 154 54
186 154 58
186 154 62
186 154 66
186 154 70
186 154 126
186 154 130
186 154 134
186 154 138
186 154 142
186 154 146
186 154 150
186 154 154
186 154 182
186 154 186
186 182 10
186 182 14
186 182 18
186 182 42
186 182 46
186 182 50
186 182 54
186 182 58
186 182 62
186 182 66
186 182 70
186 182 126
186 182 130
186 182 134
186 182 138
186 182 142
186 182 146
186 182 150
186 182 154
186 182 182
186 182 186
186 186 10
186 186 14
186 186 18
186 186 42
186 186 46
186 186 50
186 186 54
186 186 58
186 186 62
186 186 66
186 186 70
186 186 126
186 186 130
186 186 134
186 186 138
186 186 142
186 186 146
186 186 150
186 186 154
186 186 182
186 186 186
