200
93 93 93
93 93 94
93 93 95
93 93 97
93 93 98
93 93 99
93 93 101
93 93 102
93 93 103
93 93 105
93 93 106
93 93 107
93 94 93
93 94 94
93 94 95
93 94 97
93 94 98
93 94 99
93 94 101
93 94 102
93 94 103
93 94 105
93 94 106
93 94 107
93 95 93
93 95 94
93 95 95
93 95 97
93 95 98
93 95 99
93 95 101
93 95 102
93 95 103
93 95 105
93 95 106
93 95 107
93 97 93
93 97 94
93 97 95
93 97 97
93 97 98
93 97 99
93 97 101
93 97 102
93 97 103
93 97 105
93 97 106
93 97 107
93 98 93
93 98 94
93 98 95
93 98 97
93 98 98
93 98 99
93 98 101
93 98 102
93 98 103
93 98 105
93 98 106
93 98 107
93 99 93
93 99 94
93 99 95
93 99 97
93 99 98
93 99 99
93 99 101
93 99 102
93 99 103
93 99 105
93 99 106
93 99 107
93 101 93
93 101 94
93 101 95
93 101 97
93 101 98
93 101 99
93 101 101
93 101 102
93 101 103
93 101 105
93 101 106
93 101 107
93 102 93
93 102 94
93 102 95
93 102 97
93 102 98
93 102 99
93 102 101
93 102 102
93 102 103
93 102 105
93 102 106
93 102 107
93 103 93
93 103 94
93 103 95
93 103 97
93 103 98
93 103 99
93 103 101
93 103 102
93 103 103
93 103 105
93 103 106
93 103 107
93 105 93
93 105 94
93 105 95
93 105 97
93 105 98
93 105 99
93 105 101
93 105 102
93 105 103
93 105 105
93 105 106
93 105 107
93 106 93
93 106 94
93 106 95
93 106 97
93 106 98
93 106 99
93 106 101
93 106 102
93 106 103
93 106 105
93 106 106
93 106 107
93 107 93
93 107 94
93 107 95
93 107 97
93 107 98
93 107 99
93 107 101
93 107 102
93 107 103
93 107 105
93 107 106
93 107 107
94 93 93
94 93 94
94 93 95
94 93 97
94 93 98
94 93 99
94 93 101
94 93 102
94 93 103
94 93 105
94 93 106
94 93 107
94 94 93
94 94 95
94 94 97
94 94 99
94 94 101
94 94 103
94 94 105
94 94 107
94 95 93
94 95 94
94 95 95
94 95 97
94 95 98
94 95 99
94 95 101
94 95 102
94 95 103
94 95 105
94 95 106
94 95 107
94 97 93
94 97 94
94 97 95
94 97 97
94 97 98
94 97 99
94 97 101
94 97 102
94 97 103
94 97 105
94 97 106
94 97 107
94 98 93
94 98 95
94 98 97
94 98 99
94 98 101
94 98 103
94 98 105
94 98 107
94 99 93
94 99 94
94 99 95
94 99 97
94 99 98
94 99 99
94 99 101
94 99 102
94 99 103
94 99 105
94 99 106
94 99 107
94 101 93
94 101 94
94 101 95
94 101 97
94 101 98
94 101 99
94 101 101
94 101 102
94 101 103
94 101 105
94 101 106
94 101 107
94 102 93
94 102 95
94 102 97
94 102 99
94 102 101
94 102 103
94 102 105
94 102 107
94 103 93
94 103 94
94 103 95
94 103 97
94 103 98
94 103 99
94 103 101
94 103 102
94 103 103
94 103 105
94 103 106
94 103 107
94 105 93
94 105 94
94 105 95
94 105 97
94 105 98
94 105 99
94 105 101
94 105 102
94 105 103
94 105 105
94 105 106
94 105 107
94 106 93
94 106 95
94 106 97
94 106 99
94 106 101
94 106 103
94 106 105
94 106 107
94 107 93
94 107 94
94 107 95
94 107 97
94 107 98
94 107 99
94 107 101
94 107 102
94 107 103
94 107 105
94 107 106
94 107 107
95 93 93
95 93 94
95 93 95
95 93 97
95 93 98
95 93 99
95 93 101
95 93 102
95 93 103
95 93 105
95 93 106
95 93 107
95 94 93
95 94 94
95 94 95
95 94 97
95 94 98
95 94 99
95 94 101
95 94 102
95 94 103
95 94 105
95 94 106
95 94 107
95 95 93
95 95 94
95 95 95
95 95 97
95 95 98
95 95 99
95 95 101
95 95 102
95 95 103
95 95 105
95 95 106
95 95 107
95 97 93
95 97 94
95 97 95
95 97 97
95 97 98
95 97 99
95 97 101
95 97 102
95 97 103
95 97 105
95 97 106
95 97 107
95 98 93
95 98 94
95 98 95
95 98 97
95 98 98
95 98 99
95 98 101
95 98 102
95 98 103
95 98 105
95 98 106
95 98 107
95 99 93
95 99 94
95 99 95
95 99 97
95 99 98
95 99 99
95 99 101
95 99 102
95 99 103
95 99 105
95 99 106
95 99 107
95 101 93
95 101 94
95 101 95
95 101 97
95 101 98
95 101 99
95 101 101
95 101 102
95 101 103
95 101 105
95 101 106
95 101 107
95 102 93
95 102 94
95 102 95
95 102 97
95 102 98
95 102 99
95 102 101
95 102 102
95 102 103
95 102 105
95 102 106
95 102 107
95 103 93
95 103 94
95 103 95
95 103 97
95 103 98
95 103 99
95 103 101
95 103 102
95 103 103
95 103 105
95 103 106
95 103 107
95 105 93
95 105 94
95 105 95
95 105 97
95 105 98
95 105 99
95 105 101
95 105 102
95 105 103
95 105 105
95 105 106
95 105 107
95 106 93
95 106 94
95 106 95
95 106 97
95 106 98
95 106 99
95 106 101
95 106 102
95 106 103
95 106 105
95 106 106
95 106 107
95 107 93
95 107 94
95 107 95
95 107 97
95 107 98
95 107 99
95 107 101
95 107 102
95 107 103
95 107 105
95 107 106
95 107 107
97 93 93
97 93 94
97 93 95
97 93 97
97 93 98
97 93 99
97 93 101
97 93 102
97 93 103
97 93 105
97 93 106
97 93 107
97 94 93
97 94 94
97 94 95
97 94 97
97 94 98
97 94 99
97 94 101
97 94 102
97 94 103
97 94 105
97 94 106
97 94 107
97 95 93
97 95 94
97 95 95
97 95 97
97 95 98
97 95 99
97 95 101
97 95 102
97 95 103
97 95 105
97 95 106
97 95 107
97 97 93
97 97 94
97 97 95
97 97 97
97 97 98
97 97 99
97 97 101
97 97 102
97 97 103
97 97 105
97 97 106
97 97 107
97 98 93
97 98 94
97 98 95
97 98 97
97 98 98
97 98 99
97 98 101
97 98 102
97 98 103
97 98 105
97 98 106
97 98 107
97 99 93
97 99 94
97 99 95
97 99 97
97 99 98
97 99 99
97 99 101
97 99 102
97 99 103
97 99 105
97 99 106
97 99 107
97 101 93
97 101 94
97 101 95
97 101 97
97 101 98
97 101 99
97 101 101
97 101 102
97 101 103
97 101 105
97 101 106
97 101 107
97 102 93
97 102 94
97 102 95
97 102 97
97 102 98
97 102 99
97 102 101
97 102 102
97 102 103
97 102 105
97 102 106
97 102 107
97 103 93
97 103 94
97 103 95
97 103 97
97 103 98
97 103 99
97 103 101
97 103 102
97 103 103
97 103 105
97 103 106
97 103 107
97 105 93
97 105 94
97 105 95
97 105 97
97 105 98
97 105 99
97 105 101
97 105 102
97 105 103
97 105 105
97 105 106
97 105 107
97 106 93
97 106 94
97 106 95
97 106 97
97 106 98
97 106 99
97 106 101
97 106 102
97 106 103
97 106 105
97 106 106
97 106 107
97 107 93
97 107 94
97 107 95
97 107 97
97 107 98
97 107 99
97 107 101
97 107 102
97 107 103
97 107 105
97 107 106
97 107 107
98 93 93
98 93 94
98 93 95
98 93 97
98 93 98
98 93 99
98 93 101
98 93 102
98 93 103
98 93 105
98 93 106
98 93 107
98 94 93
98 94 95
98 94 97
98 94 99
98 94 101
98 94 103
98 94 105
98 94 107
98 95 93
98 95 94
98 95 95
98 95 97
98 95 98
98 95 99
98 95 101
98 95 102
98 95 103
98 95 105
98 95 106
98 95 107
98 97 93
98 97 94
98 97 95
98 97 97
98 97 98
98 97 99
98 97 101
98 97 102
98 97 103
98 97 105
98 97 106
98 97 107
98 98 93
98 98 95
98 98 97
98 98 99
98 98 101
98 98 103
98 98 105
98 98 107
98 99 93
98 99 94
98 99 95
98 99 97
98 99 98
98 99 99
98 99 101
98 99 102
98 99 103
98 99 105
98 99 106
98 99 107
98 101 93
98 101 94
98 101 95
98 101 97
98 101 98
98 101 99
98 101 101
98 101 102
98 101 103
98 101 105
98 101 106
98 101 107
98 102 93
98 102 95
98 102 97
98 102 99
98 102 101
98 102 103
98 102 105
98 102 107
98 103 93
98 103 94
98 103 95
98 103 97
98 103 98
98 103 99
98 103 101
98 103 102
98 103 103
98 103 105
98 103 106
98 103 107
98 105 93
98 105 94
98 105 95
98 105 97
98 105 98
98 105 99
98 105 101
98 105 102
98 105 103
98 105 105
98 105 106
98 105 107
98 106 93
98 106 95
98 106 97
98 106 99
98 106 101
98 106 103
98 106 105
98 106 107
98 107 93
98 107 94
98 107 95
98 107 97
98 107 98
98 107 99
98 107 101
98 107 102
98 107 103
98 107 105
98 107 106
98 107 107
99 93 93
99 93 94
99 93 95
99 93 97
99 93 98
99 93 99
99 93 101
99 93 102
99 93 103
99 93 105
99 93 106
99 93 107
99 94 93
99 94 94
99 94 95
99 94 97
99 94 98
99 94 99
99 94 101
99 94 102
99 94 103
99 94 105
99 94 106
99 94 107
99 95 93
99 95 94
99 95 95
99 95 97
99 95 98
99 95 99
99 95 101
99 95 102
99 95 103
99 95 105
99 95 106
99 95 107
99 97 93
99 97 94
99 97 95
99 97 97
99 97 98
99 97 99
99 97 101
99 97 102
99 97 103
99 97 105
99 97 106
99 97 107
99 98 93
99 98 94
99 98 95
99 98 97
99 98 98
99 98 99
99 98 101
99 98 102
99 98 103
99 98 105
99 98 106
99 98 107
99 99 93
99 99 94
99 99 95
99 99 97
99 99 98
99 99 99
99 99 101
99 99 102
99 99 103
99 99 105
99 99 106
99 99 107
99 101 93
99 101 94
99 101 95
99 101 97
99 101 98
99 101 99
99 101 101
99 101 102
99 101 103
99 101 105
99 101 106
99 101 107
99 102 93
99 102 94
99 102 95
99 102 97
99 102 98
99 102 99
99 102 101
99 102 102
99 102 103
99 102 105
99 102 106
99 102 107
99 103 93
99 103 94
99 103 95
99 103 97
99 103 98
99 103 99
99 103 101
99 103 102
99 103 103
99 103 105
99 103 106
99 103 107
99 105 93
99 105 94
99 105 95
99 105 97
99 105 98
99 105 99
99 105 101
99 105 102
99 105 103
99 105 105
99 105 106
99 105 107
99 106 93
99 106 94
99 106 95
99 106 97
99 106 98
99 106 99
99 106 101
99 106 102
99 106 103
99 106 105
99 106 106
99 106 107
99 107 93
99 107 94
99 107 95
99 107 97
99 107 98
99 107 99
99 107 101
99 107 102
99 107 103
99 107 105
99 107 106
99 107 107
101 93 93
101 93 94
101 93 95
101 93 97
101 93 98
101 93 99
101 93 101
101 93 102
101 93 103
101 93 105
101 93 106
101 93 107
101 94 93
101 94 94
101 94 95
101 94 97
101 94 98
101 94 99
101 94 101
101 94 102
101 94 103
101 94 105
101 94 106
101 94 107
101 95 93
101 95 94
101 95 95
101 95 97
101 95 98
101 95 99
101 95 101
101 95 102
101 95 103
101 95 105
101 95 106
101 95 107
101 97 93
101 97 94
101 97 95
101 97 97
101 97 98
101 97 99
101 97 101
101 97 102
101 97 103
101 97 105
101 97 106
101 97 107
101 98 93
101 98 94
101 98 95
101 98 97
101 98 98
101 98 99
101 98 101
101 98 102
101 98 103
101 98 105
101 98 106
101 98 107
101 99 93
101 99 94
101 99 95
101 99 97
101 99 98
101 99 99
101 99 101
101 99 102
101 99 103
101 99 105
101 99 106
101 99 107
101 101 93
101 101 94
101 101 95
101 101 97
101 101 98
101 101 99
101 101 101
101 101 102
101 101 103
101 101 105
101 101 106
101 101 107
101 102 93
101 102 94
101 102 95
101 102 97
101 102 98
101 102 99
101 102 101
101 102 102
101 102 103
101 102 105
101 102 106
101 102 107
101 103 93
101 103 94
101 103 95
101 103 97
101 103 98
101 103 99
101 103 101
101 103 102
101 103 103
101 103 105
101 103 106
101 103 107
101 105 93
101 105 94
101 105 95
101 105 97
101 105 98
101 105 99
101 105 101
101 105 102
101 105 103
101 105 105
101 105 106
101 105 107
101 106 93
101 106 94
101 106 95
101 106 97
101 106 98
101 106 99
101 106 101
101 106 102
101 106 103
101 106 105
101 106 106
101 106 107
101 107 93
101 107 94
101 107 95
101 107 97
101 107 98
101 107 99
101 107 101
101 107 102
101 107 103
101 107 105
101 107 106
101 107 107
102 93 93
102 93 94
102 93 95
102 93 97
102 93 98
102 93 99
102 93 101
102 93 102
102 93 103
102 93 105
102 93 106
102 93 107
102 94 93
102 94 95
102 94 97
102 94 99
102 94 101
102 94 103
102 94 105
102 94 107
102 95 93
102 95 94
102 95 95
102 95 97
102 95 98
102 95 99
102 95 101
102 95 102
102 95 103
102 95 105
102 95 106
102 95 107
102 97 93
102 97 94
102 97 95
102 97 97
102 97 98
102 97 99
102 97 101
102 97 102
102 97 103
102 97 105
102 97 106
102 97 107
102 98 93
102 98 95
102 98 97
102 98 99
102 98 101
102 98 103
102 98 105
102 98 107
102 99 93
102 99 94
102 99 95
102 99 97
102 99 98
102 99 99
102 99 101
102 99 102
102 99 103
102 99 105
102 99 106
102 99 107
102 101 93
102 101 94
102 101 95
102 101 97
102 101 98
102 101 99
102 101 101
102 101 102
102 101 103
102 101 105
102 101 106
102 101 107
102 102 93
102 102 95
102 102 97
102 102 99
102 102 101
102 102 103
102 102 105
102 102 107
102 103 93
102 103 94
102 103 95
102 103 97
102 103 98
102 103 99
102 103 101
102 103 102
102 103 103
102 103 105
102 103 106
102 103 107
102 105 93
102 105 94
102 105 95
102 105 97
102 105 98
102 105 99
102 105 101
102 105 102
102 105 103
102 105 105
102 105 106
102 105 107
102 106 93
102 106 95
102 106 97
102 106 99
102 106 101
102 106 103
102 106 105
102 106 107
102 107 93
102 107 94
102 107 95
102 107 97
102 107 98
102 107 99
102 107 101
102 107 102
102 107 103
102 107 105
102 107 106
102 107 107
103 93 93
103 93 94
103 93 95
103 93 97
103 93 98
103 93 99
103 93 101
103 93 102
103 93 103
103 93 105
103 93 106
103 93 107
103 94 93
103 94 94
103 94 95
103 94 97
103 94 98
103 94 99
103 94 101
103 94 102
103 94 103
103 94 105
103 94 106
103 94 107
103 95 93
103 95 94
103 95 95
103 95 97
103 95 98
103 95 99
103 95 101
103 95 102
103 95 103
103 95 105
103 95 106
103 95 107
103 97 93
103 97 94
103 97 95
103 97 97
103 97 98
103 97 99
103 97 101
103 97 102
103 97 103
103 97 105
103 97 106
103 97 107
103 98 93
103 98 94
103 98 95
103 98 97
103 98 98
103 98 99
103 98 101
103 98 102
103 98 103
103 98 105
103 98 106
103 98 107
103 99 93
103 99 94
103 99 95
103 99 97
103 99 98
103 99 99
103 99 101
103 99 102
103 99 103
103 99 105
103 99 106
103 99 107
103 101 93
103 101 94
103 101 95
103 101 97
103 101 98
103 101 99
103 101 101
103 101 102
103 101 103
103 101 105
103 101 106
103 101 107
103 102 93
103 102 94
103 102 95
103 102 97
103 102 98
103 102 99
103 102 101
103 102 102
103 102 103
103 102 105
103 102 106
103 102 107
103 103 93
103 103 94
103 103 95
103 103 97
103 103 98
103 103 99
103 103 101
103 103 102
103 103 103
103 103 105
103 103 106
103 103 107
103 105 93
103 105 94
103 105 95
103 105 97
103 105 98
103 105 99
103 105 101
103 105 102
103 105 103
103 105 105
103 105 106
103 105 107
103 106 93
103 106 94
103 106 95
103 106 97
103 106 98
103 106 99
103 106 101
103 106 102
103 106 103
103 106 105
103 106 106
103 106 107
103 107 93
103 107 94
103 107 95
103 107 97
103 107 98
103 107 99
103 107 101
103 107 102
103 107 103
103 107 105
103 107 106
103 107 107
105 93 93
105 93 94
105 93 95
105 93 97
105 93 98
105 93 99
105 93 101
105 93 102
105 93 103
105 93 105
105 93 106
105 93 107
105 94 93
105 94 94
105 94 95
105 94 97
105 94 98
105 94 99
105 94 101
105 94 102
105 94 103
105 94 105
105 94 106
105 94 107
105 95 93
105 95 94
105 95 95
105 95 97
105 95 98
105 95 99
105 95 101
105 95 102
105 95 103
105 95 105
105 95 106
105 95 107
105 97 93
105 97 94
105 97 95
105 97 97
105 97 98
105 97 99
105 97 101
105 97 102
105 97 103
105 97 105
105 97 106
105 97 107
105 98 93
105 98 94
105 98 95
105 98 97
105 98 98
105 98 99
105 98 101
105 98 102
105 98 103
105 98 105
105 98 106
105 98 107
105 99 93
105 99 94
105 99 95
105 99 97
105 99 98
105 99 99
105 99 101
105 99 102
105 99 103
105 99 105
105 99 106
105 99 107
105 101 93
105 101 94
105 101 95
105 101 97
105 101 98
105 101 99
105 101 101
105 101 102
105 101 103
105 101 105
105 101 106
105 101 107
105 102 93
105 102 94
105 102 95
105 102 97
105 102 98
105 102 99
105 102 101
105 102 102
105 102 103
105 102 105
105 102 106
105 102 107
105 103 93
105 103 94
105 103 95
105 103 97
105 103 98
105 103 99
105 103 101
105 103 102
105 103 103
105 103 105
105 103 106
105 103 107
105 105 93
105 105 94
105 105 95
105 105 97
105 105 98
105 105 99
105 105 101
105 105 102
105 105 103
105 105 105
105 105 106
105 105 107
105 106 93
105 106 94
105 106 95
105 106 97
105 106 98
105 106 99
105 106 101
105 106 102
105 106 103
105 106 105
105 106 106
105 106 107
105 107 93
105 107 94
105 107 95
105 107 97
105 107 98
105 107 99
105 107 101
105 107 102
105 107 103
105 107 105
105 107 106
105 107 107
106 93 93
106 93 94
106 93 95
106 93 97
106 93 98
106 93 99
106 93 101
106 93 102
106 93 103
106 93 105
106 93 106
106 93 107
106 94 93
106 94 95
106 94 97
106 94 99
106 94 101
106 94 103
106 94 105
106 94 107
106 95 93
106 95 94
106 95 95
106 95 97
106 95 98
106 95 99
106 95 101
106 95 102
106 95 103
106 95 105
106 95 106
106 95 107
106 97 93
106 97 94
106 97 95
106 97 97
106 97 98
106 97 99
106 97 101
106 97 102
106 97 103
106 97 105
106 97 106
106 97 107
106 98 93
106 98 95
106 98 97
106 98 99
106 98 101
106 98 103
106 98 105
106 98 107
106 99 93
106 99 94
106 99 95
106 99 97
106 99 98
106 99 99
106 99 101
106 99 102
106 99 103
106 99 105
106 99 106
106 99 107
106 101 93
106 101 94
106 101 95
106 101 97
106 101 98
106 101 99
106 101 101
106 101 102
106 101 103
106 101 105
106 101 106
106 101 107
106 102 93
106 102 95
106 102 97
106 102 99
106 102 101
106 102 103
106 102 105
106 102 107
106 103 93
106 103 94
106 103 95
106 103 97
106 103 98
106 103 99
106 103 101
106 103 102
106 103 103
106 103 105
106 103 106
106 103 107
106 105 93
106 105 94
106 105 95
106 105 97
106 105 98
106 105 99
106 105 101
106 105 102
106 105 103
106 105 105
106 105 106
106 105 107
106 106 93
106 106 95
106 106 97
106 106 99
106 106 101
106 106 103
106 106 105
106 106 107
106 107 93
106 107 94
106 107 95
106 107 97
106 107 98
106 107 99
106 107 101
106 107 102
106 107 103
106 107 105
106 107 106
106 107 107
107 93 93
107 93 94
107 93 95
107 93 97
107 93 98
107 93 99
107 93 101
107 93 102
107 93 103
107 93 105
107 93 106
107 93 107
107 94 93
107 94 94
107 94 95
107 94 97
107 94 98
107 94 99
107 94 101
107 94 102
107 94 103
107 94 105
107 94 106
107 94 107
107 95 93
107 95 94
107 95 95
107 95 97
107 95 98
107 95 99
107 95 101
107 95 102
107 95 103
107 95 105
107 95 106
107 95 107
107 97 93
107 97 94
107 97 95
107 97 97
107 97 98
107 97 99
107 97 101
107 97 102
107 97 103
107 97 105
107 97 106
107 97 107
107 98 93
107 98 94
107 98 95
107 98 97
107 98 98
107 98 99
107 98 101
107 98 102
107 98 103
107 98 105
107 98 106
107 98 107
107 99 93
107 99 94
107 99 95
107 99 97
107 99 98
107 99 99
107 99 101
107 99 102
107 99 103
107 99 105
107 99 106
107 99 107
107 101 93
107 101 94
107 101 95
107 101 97
107 101 98
107 101 99
107 101 101
107 101 102
107 101 103
107 101 105
107 101 106
107 101 107
107 102 93
107 102 94
107 102 95
107 102 97
107 102 98
107 102 99
107 102 101
107 102 102
107 102 103
107 102 105
107 102 106
107 102 107
107 103 93
107 103 94
107 103 95
107 103 97
107 103 98
107 103 99
107 103 101
107 103 102
107 103 103
107 103 105
107 103 106
107 103 107
107 105 93
107 105 94
107 105 95
107 105 97
107 105 98
107 105 99
107 105 101
107 105 102
107 105 103
107 105 105
107 105 106
107 105 107
107 106 93
107 106 94
107 106 95
107 106 97
107 106 98
107 106 99
107 106 101
107 106 102
107 106 103
107 106 105
107 106 106
107 106 107
107 107 93
107 107 94
107 107 95
107 107 97
107 107 98
107 107 99
107 107 101
107 107 102
107 107 103
107 107 105
107 107 106
107 107 107
