20
0 2 12
0 2 13
0 2 17
0 3 11
0 3 17
0 4 12
0 4 13
0 4 17
0 5 13
0 5 15
1 0 6
1 1 8
1 2 12
1 3 11
1 4 11
1 4 13
1 5 4
1 5 10
1 5 12
1 5 13
1 5 15
1 6 3
1 6 16
1 7 5
1 7 15
1 7 16
1 8 15
2 2 1
2 2 4
2 2 17
2 3 12
2 3 13
2 3 14
2 3 18
2 4 1
2 4 12
2 4 13
2 5 2
2 5 4
2 5 5
2 5 9
2 5 12
2 6 3
2 6 4
2 6 7
2 6 10
2 6 11
2 6 15
2 6 18
2 7 4
2 7 6
2 7 7
2 7 17
2 8 13
2 8 16
2 9 14
3 0 9
3 2 1
3 2 5
3 2 16
3 3 4
3 3 14
3 4 4
3 4 9
3 4 10
3 4 11
3 4 19
3 5 1
3 5 5
3 5 9
3 5 10
3 5 11
3 6 9
3 6 10
3 6 11
3 6 12
3 6 16
3 6 19
3 7 3
3 7 4
3 7 7
3 7 12
3 7 17
3 8 5
3 8 16
3 9 15
4 2 10
4 2 11
4 2 14
4 3 1
4 3 4
4 3 9
4 3 11
4 3 13
4 3 19
4 4 1
4 4 13
4 4 19
4 5 7
4 5 8
4 5 10
4 5 11
4 6 2
4 6 5
4 6 6
4 6 15
4 6 16
4 7 3
4 7 5
4 7 9
4 7 10
4 7 19
4 8 16
5 0 9
5 1 10
5 2 14
5 2 19
5 3 8
5 3 19
5 4 13
5 4 14
5 4 19
5 5 2
5 5 3
5 5 7
5 5 13
5 5 14
5 6 7
5 7 8
5 7 19
5 8 17
5 9 14
6 0 8
6 2 6
6 2 11
6 2 14
6 2 15
6 2 19
6 3 12
6 4 9
6 4 19
6 5 7
6 6 7
6 6 19
6 8 10
6 8 11
6 8 12
7 0 4
7 0 6
7 1 4
7 1 6
7 1 13
7 1 14
7 2 9
7 2 13
7 2 14
7 2 15
7 2 18
7 3 17
7 3 19
7 4 9
7 4 17
7 4 19
7 5 7
7 5 8
7 5 14
7 5 18
7 6 7
7 6 13
7 6 15
7 6 17
7 7 10
7 7 15
7 8 9
8 0 13
8 0 14
8 1 12
8 2 14
8 3 11
8 3 14
8 3 18
8 4 18
8 5 10
8 5 14
8 6 9
8 6 10
8 7 9
8 7 10
8 7 11
9 1 13
9 1 14
9 2 14
9 3 11
9 4 11
9 4 13
9 5 10
9 6 9
9 6 10
9 6 11
9 7 10
