200
0 0 0
0 0 12
0 0 48
0 0 64
0 0 132
0 0 148
0 0 188
0 0 196
0 12 0
0 12 12
0 12 48
0 12 64
0 12 132
0 12 148
0 12 188
0 12 196
0 48 0
0 48 12
0 48 48
0 48 64
0 48 132
0 48 148
0 48 188
0 48 196
0 64 0
0 64 12
0 64 48
0 64 64
0 64 132
0 64 148
0 64 188
0 64 196
0 132 0
0 132 12
0 132 48
0 132 64
0 132 132
0 132 148
0 132 188
0 132 196
0 148 0
0 148 12
0 148 48
0 148 64
0 148 132
0 148 148
0 148 188
0 148 196
0 188 0
0 188 12
0 188 48
0 188 64
0 188 132
0 188 148
0 188 188
0 188 196
0 196 0
0 196 12
0 196 48
0 196 64
0 196 132
0 196 148
0 196 188
0 196 196
12 0 0
12 0 12
12 0 48
12 0 64
12 0 132
12 0 148
12 0 188
12 0 196
12 12 0
12 12 12
12 12 48
12 12 64
12 12 132
12 12 148
12 12 188
12 12 196
12 48 0
12 48 12
12 48 48
12 48 64
12 48 132
12 48 148
12 48 188
12 48 196
12 64 0
12 64 12
12 64 48
12 64 64
12 64 132
12 64 148
12 64 188
12 64 196
12 132 0
12 132 12
12 132 48
12 132 64
12 132 132
12 132 148
12 132 188
12 132 196
12 148 0
12 148 12
12 148 48
12 148 64
12 148 132
12 148 148
12 148 188
12 148 196
12 188 0
12 188 12
12 188 48
12 188 64
12 188 132
12 188 148
12 188 188
12 188 196
12 196 0
12 196 12
12 196 48
12 196 64
12 196 132
12 196 148
12 196 188
12 196 196
48 0 0
48 0 12
48 0 48
48 0 64
48 0 132
48 0 148
48 0 188
48 0 196
48 12 0
48 12 12
48 12 48
48 12 64
48 12 132
48 12 148
48 12 188
48 12 196
48 48 0
48 48 12
48 48 48
48 48 64
48 48 132
48 48 148
48 48 188
48 48 196
48 64 0
48 64 12
48 64 48
48 64 64
48 64 132
48 64 148
48 64 188
48 64 196
48 132 0
48 132 12
48 132 48
48 132 64
48 132 132
48 132 148
48 132 188
48 132 196
48 148 0
48 148 12
48 148 48
48 148 64
48 148 132
48 148 148
48 148 188
48 148 196
48 188 0
48 188 12
48 188 48
48 188 64
48 188 132
48 188 148
48 188 188
48 188 196
48 196 0
48 196 12
48 196 48
48 196 64
48 196 132
48 196 148
48 196 188
48 196 196
64 0 0
64 0 12
64 0 48
64 0 64
64 0 132
64 0 148
64 0 188
64 0 196
64 12 0
64 12 12
64 12 48
64 12 64
64 12 132
64 12 148
64 12 188
64 12 196
64 48 0
64 48 12
64 48 48
64 48 64
64 48 132
64 48 148
64 48 188
64 48 196
64 64 0
64 64 12
64 64 48
64 64 64
64 64 132
64 64 148
64 64 188
64 64 196
64 132 0
64 132 12
64 132 48
64 132 64
64 132 132
64 132 148
64 132 188
64 132 196
64 148 0
64 148 12
64 148 48
64 148 64
64 148 132
64 148 148
64 148 188
64 148 196
64 188 0
64 188 12
64 188 48
64 188 64
64 188 132
64 188 148
64 188 188
64 188 196
64 196 0
64 196 12
64 196 48
64 196 64
64 196 132
64 196 148
64 196 188
64 196 196
132 0 0
132 0 12
132 0 48
132 0 64
132 0 132
132 0 148
132 0 188
132 0 196
132 12 0
132 12 12
132 12 48
132 12 64
132 12 132
132 12 148
132 12 188
132 12 196
132 48 0
132 48 12
132 48 48
132 48 64
132 48 132
132 48 148
132 48 188
132 48 196
132 64 0
132 64 12
132 64 48
132 64 64
132 64 132
132 64 148
132 64 188
132 64 196
132 132 0
132 132 12
132 132 48
132 132 64
132 132 132
132 132 148
132 132 188
132 132 196
132 148 0
132 148 12
132 148 48
132 148 64
132 148 132
132 148 148
132 148 188
132 148 196
132 188 0
132 188 12
132 188 48
132 188 64
132 188 132
132 188 148
132 188 188
132 188 196
132 196 0
132 196 12
132 196 48
132 196 64
132 196 132
132 196 148
132 196 188
132 196 196
148 0 0
148 0 12
148 0 48
148 0 64
148 0 132
148 0 148
148 0 188
148 0 196
148 12 0
148 12 12
148 12 48
148 12 64
148 12 132
148 12 148
148 12 188
148 12 196
148 48 0
148 48 12
148 48 48
148 48 64
148 48 132
148 48 148
148 48 188
148 48 196
148 64 0
148 64 12
148 64 48
148 64 64
148 64 132
148 64 148
148 64 188
148 64 196
148 132 0
148 132 12
148 132 48
148 132 64
148 132 132
148 132 148
148 132 188
148 132 196
148 148 0
148 148 12
148 148 48
148 148 64
148 148 132
148 148 148
148 148 188
148 148 196
148 188 0
148 188 12
148 188 48
148 188 64
148 188 132
148 188 148
148 188 188
148 188 196
148 196 0
148 196 12
148 196 48
148 196 64
148 196 132
148 196 148
148 196 188
148 196 196
188 0 0
188 0 12
188 0 48
188 0 64
188 0 132
188 0 148
188 0 188
188 0 196
188 12 0
188 12 12
188 12 48
188 12 64
188 12 132
188 12 148
188 12 188
188 12 196
188 48 0
188 48 12
188 48 48
188 48 64
188 48 132
188 48 148
188 48 188
188 48 196
188 64 0
188 64 12
188 64 48
188 64 64
188 64 132
188 64 148
188 64 188
188 64 196
188 132 0
188 132 12
188 132 48
188 132 64
188 132 132
188 132 148
188 132 188
188 132 196
188 148 0
188 148 12
188 148 48
188 148 64
188 148 132
188 148 148
188 148 188
188 148 196
188 188 0
188 188 12
188 188 48
188 188 64
188 188 132
188 188 148
188 188 188
188 188 196
188 196 0
188 196 12
188 196 48
188 196 64
188 196 132
188 196 148
188 196 188
188 196 196
196 0 0
196 0 12
196 0 48
196 0 64
196 0 132
196 0 148
196 0 188
196 0 196
196 12 0
196 12 12
196 12 48
196 12 64
196 12 132
196 12 148
196 12 188
196 12 196
196 48 0
196 48 12
196 48 48
196 48 64
196 48 132
196 48 148
196 48 188
196 48 196
196 64 0
196 64 12
196 64 48
196 64 64
196 64 132
196 64 148
196 64 188
196 64 196
196 132 0
196 132 12
196 132 48
196 132 64
196 132 132
196 132 148
196 132 188
196 132 196
196 148 0
196 148 12
196 148 48
196 148 64
196 148 132
196 148 148
196 148 188
196 148 196
196 188 0
196 188 12
196 188 48
196 188 64
196 188 132
196 188 148
196 188 188
196 188 196
196 196 0
196 196 12
196 196 48
196 196 64
196 196 132
196 196 148
196 196 188
196 196 196
