200
0 0 1
0 0 7
0 0 9
0 0 63
0 0 65
0 0 71
0 0 73
0 0 127
0 0 129
0 0 135
0 0 137
0 0 191
0 0 193
0 1 0
0 1 1
0 1 7
0 1 8
0 1 9
0 1 63
0 1 64
0 1 65
0 1 71
0 1 72
0 1 73
0 1 127
0 1 128
0 1 129
0 1 135
0 1 136
0 1 137
0 1 191
0 1 192
0 1 193
0 7 0
0 7 1
0 7 7
0 7 8
0 7 9
0 7 63
0 7 64
0 7 65
0 7 71
0 7 72
0 7 73
0 7 127
0 7 128
0 7 129
0 7 135
0 7 136
0 7 137
0 7 191
0 7 192
0 7 193
0 8 1
0 8 7
0 8 9
0 8 63
0 8 65
0 8 71
0 8 73
0 8 127
0 8 129
0 8 135
0 8 137
0 8 191
0 8 193
0 9 0
0 9 1
0 9 7
0 9 8
0 9 9
0 9 63
0 9 64
0 9 65
0 9 71
0 9 72
0 9 73
0 9 127
0 9 128
0 9 129
0 9 135
0 9 136
0 9 137
0 9 191
0 9 192
0 9 193
0 63 0
0 63 1
0 63 7
0 63 8
0 63 9
0 63 63
0 63 64
0 63 65
0 63 71
0 63 72
0 63 73
0 63 127
0 63 128
0 63 129
0 63 135
0 63 136
0 63 137
0 63 191
0 63 192
0 63 193
0 64 1
0 64 7
0 64 9
0 64 63
0 64 65
0 64 71
0 64 73
0 64 127
0 64 129
0 64 135
0 64 137
0 64 191
0 64 193
0 65 0
0 65 1
0 65 7
0 65 8
0 65 9
0 65 63
0 65 64
0 65 65
0 65 71
0 65 72
0 65 73
0 65 127
0 65 128
0 65 129
0 65 135
0 65 136
0 65 137
0 65 191
0 65 192
0 65 193
0 71 0
0 71 1
0 71 7
0 71 8
0 71 9
0 71 63
0 71 64
0 71 65
0 71 71
0 71 72
0 71 73
0 71 127
0 71 128
0 71 129
0 71 135
0 71 136
0 71 137
0 71 191
0 71 192
0 71 193
0 72 1
0 72 7
0 72 9
0 72 63
0 72 65
0 72 71
0 72 73
0 72 127
0 72 129
0 72 135
0 72 137
0 72 191
0 72 193
0 73 0
0 73 1
0 73 7
0 73 8
0 73 9
0 73 63
0 73 64
0 73 65
0 73 71
0 73 72
0 73 73
0 73 127
0 73 128
0 73 129
0 73 135
0 73 136
0 73 137
0 73 191
0 73 192
0 73 193
0 127 0
0 127 1
0 127 7
0 127 8
0 127 9
0 127 63
0 127 64
0 127 65
0 127 71
0 127 72
0 127 73
0 127 127
0 127 128
0 127 129
0 127 135
0 127 136
0 127 137
0 127 191
0 127 192
0 127 193
0 128 1
0 128 7
0 128 9
0 128 63
0 128 65
0 128 71
0 128 73
0 128 127
0 128 129
0 128 135
0 128 137
0 128 191
0 128 193
0 129 0
0 129 1
0 129 7
0 129 8
0 129 9
0 129 63
0 129 64
0 129 65
0 129 71
0 129 72
0 129 73
0 129 127
0 129 128
0 129 129
0 129 135
0 129 136
0 129 137
0 129 191
0 129 192
0 129 193
0 135 0
0 135 1
0 135 7
0 135 8
0 135 9
0 135 63
0 135 64
0 135 65
0 135 71
0 135 72
0 135 73
0 135 127
0 135 128
0 135 129
0 135 135
0 135 136
0 135 137
0 135 191
0 135 192
0 135 193
0 136 1
0 136 7
0 136 9
0 136 63
0 136 65
0 136 71
0 136 73
0 136 127
0 136 129
0 136 135
0 136 137
0 136 191
0 136 193
0 137 0
0 137 1
0 137 7
0 137 8
0 137 9
0 137 63
0 137 64
0 137 65
0 137 71
0 137 72
0 137 73
0 137 127
0 137 128
0 137 129
0 137 135
0 137 136
0 137 137
0 137 191
0 137 192
0 137 193
0 191 0
0 191 1
0 191 7
0 191 8
0 191 9
0 191 63
0 191 64
0 191 65
0 191 71
0 191 72
0 191 73
0 191 127
0 191 128
0 191 129
0 191 135
0 191 136
0 191 137
0 191 191
0 191 192
0 191 193
0 192 1
0 192 7
0 192 9
0 192 63
0 192 65
0 192 71
0 192 73
0 192 127
0 192 129
0 192 135
0 192 137
0 192 191
0 192 193
0 193 0
0 193 1
0 193 7
0 193 8
0 193 9
0 193 63
0 193 64
0 193 65
0 193 71
0 193 72
0 193 73
0 193 127
0 193 128
0 193 129
0 193 135
0 193 136
0 193 137
0 193 191
0 193 192
0 193 193
1 0 0
1 0 1
1 0 7
1 0 8
1 0 9
1 0 63
1 0 64
1 0 65
1 0 71
1 0 72
1 0 73
1 0 127
1 0 128
1 0 129
1 0 135
1 0 136
1 0 137
1 0 191
1 0 192
1 0 193
1 1 0
1 1 1
1 1 7
1 1 8
1 1 9
1 1 63
1 1 64
1 1 65
1 1 71
1 1 72
1 1 73
1 1 127
1 1 128
1 1 129
1 1 135
1 1 136
1 1 137
1 1 191
1 1 192
1 1 193
1 7 0
1 7 1
1 7 7
1 7 8
1 7 9
1 7 63
1 7 64
1 7 65
1 7 71
1 7 72
1 7 73
1 7 127
1 7 128
1 7 129
1 7 135
1 7 136
1 7 137
1 7 191
1 7 192
1 7 193
1 8 0
1 8 1
1 8 7
1 8 8
1 8 9
1 8 63
1 8 64
1 8 65
1 8 71
1 8 72
1 8 73
1 8 127
1 8 128
1 8 129
1 8 135
1 8 136
1 8 137
1 8 191
1 8 192
1 8 193
1 9 0
1 9 1
1 9 7
1 9 8
1 9 9
1 9 63
1 9 64
1 9 65
1 9 71
1 9 72
1 9 73
1 9 127
1 9 128
1 9 129
1 9 135
1 9 136
1 9 137
1 9 191
1 9 192
1 9 193
1 63 0
1 63 1
1 63 7
1 63 8
1 63 9
1 63 63
1 63 64
1 63 65
1 63 71
1 63 72
1 63 73
1 63 127
1 63 128
1 63 129
1 63 135
1 63 136
1 63 137
1 63 191
1 63 192
1 63 193
1 64 0
1 64 1
1 64 7
1 64 8
1 64 9
1 64 63
1 64 64
1 64 65
1 64 71
1 64 72
1 64 73
1 64 127
1 64 128
1 64 129
1 64 135
1 64 136
1 64 137
1 64 191
1 64 192
1 64 193
1 65 0
1 65 1
1 65 7
1 65 8
1 65 9
1 65 63
1 65 64
1 65 65
1 65 71
1 65 72
1 65 73
1 65 127
1 65 128
1 65 129
1 65 135
1 65 136
1 65 137
1 65 191
1 65 192
1 65 193
1 71 0
1 71 1
1 71 7
1 71 8
1 71 9
1 71 63
1 71 64
1 71 65
1 71 71
1 71 72
1 71 73
1 71 127
1 71 128
1 71 129
1 71 135
1 71 136
1 71 137
1 71 191
1 71 192
1 71 193
1 72 0
1 72 1
1 72 7
1 72 8
1 72 9
1 72 63
1 72 64
1 72 65
1 72 71
1 72 72
1 72 73
1 72 127
1 72 128
1 72 129
1 72 135
1 72 136
1 72 137
1 72 191
1 72 192
1 72 193
1 73 0
1 73 1
1 73 7
1 73 8
1 73 9
1 73 63
1 73 64
1 73 65
1 73 71
1 73 72
1 73 73
1 73 127
1 73 128
1 73 129
1 73 135
1 73 136
1 73 137
1 73 191
1 73 192
1 73 193
1 127 0
1 127 1
1 127 7
1 127 8
1 127 9
1 127 63
1 127 64
1 127 65
1 127 71
1 127 72
1 127 73
1 127 127
1 127 128
1 127 129
1 127 135
1 127 136
1 127 137
1 127 191
1 127 192
1 127 193
1 128 0
1 128 1
1 128 7
1 128 8
1 128 9
1 128 63
1 128 64
1 128 65
1 128 71
1 128 72
1 128 73
1 128 127
1 128 128
1 128 129
1 128 135
1 128 136
1 128 137
1 128 191
1 128 192
1 128 193
1 129 0
1 129 1
1 129 7
1 129 8
1 129 9
1 129 63
1 129 64
1 129 65
1 129 71
1 129 72
1 129 73
1 129 127
1 129 128
1 129 129
1 129 135
1 129 136
1 129 137
1 129 191
1 129 192
1 129 193
1 135 0
1 135 1
1 135 7
1 135 8
1 135 9
1 135 63
1 135 64
1 135 65
1 135 71
1 135 72
1 135 73
1 135 127
1 135 128
1 135 129
1 135 135
1 135 136
1 135 137
1 135 191
1 135 192
1 135 193
1 136 0
1 136 1
1 136 7
1 136 8
1 136 9
1 136 63
1 136 64
1 136 65
1 136 71
1 136 72
1 136 73
1 136 127
1 136 128
1 136 129
1 136 135
1 136 136
1 136 137
1 136 191
1 136 192
1 136 193
1 137 0
1 137 1
1 137 7
1 137 8
1 137 9
1 137 63
1 137 64
1 137 65
1 137 71
1 137 72
1 137 73
1 137 127
1 137 128
1 137 129
1 137 135
1 137 136
1 137 137
1 137 191
1 137 192
1 137 193
1 191 0
1 191 1
1 191 7
1 191 8
1 191 9
1 191 63
1 191 64
1 191 65
1 191 71
1 191 72
1 191 73
1 191 127
1 191 128
1 191 129
1 191 135
1 191 136
1 191 137
1 191 191
1 191 192
1 191 193
1 192 0
1 192 1
1 192 7
1 192 8
1 192 9
1 192 63
1 192 64
1 192 65
1 192 71
1 192 72
1 192 73
1 192 127
1 192 128
1 192 129
1 192 135
1 192 136
1 192 137
1 192 191
1 192 192
1 192 193
1 193 0
1 193 1
1 193 7
1 193 8
1 193 9
1 193 63
1 193 64
1 193 65
1 193 71
1 193 72
1 193 73
1 193 127
1 193 128
1 193 129
1 193 135
1 193 136
1 193 137
1 193 191
1 193 192
1 193 193
7 0 0
7 0 1
7 0 7
7 0 8
7 0 9
7 0 63
7 0 64
7 0 65
7 0 71
7 0 72
7 0 73
7 0 127
7 0 128
7 0 129
7 0 135
7 0 136
7 0 137
7 0 191
7 0 192
7 0 193
7 1 0
7 1 1
7 1 7
7 1 8
7 1 9
7 1 63
7 1 64
7 1 65
7 1 71
7 1 72
7 1 73
7 1 127
7 1 128
7 1 129
7 1 135
7 1 136
7 1 137
7 1 191
7 1 192
7 1 193
7 7 0
7 7 1
7 7 7
7 7 8
7 7 9
7 7 63
7 7 64
7 7 65
7 7 71
7 7 72
7 7 73
7 7 127
7 7 128
7 7 129
7 7 135
7 7 136
7 7 137
7 7 191
7 7 192
7 7 193
7 8 0
7 8 1
7 8 7
7 8 8
7 8 9
7 8 63
7 8 64
7 8 65
7 8 71
7 8 72
7 8 73
7 8 127
7 8 128
7 8 129
7 8 135
7 8 136
7 8 137
7 8 191
7 8 192
7 8 193
7 9 0
7 9 1
7 9 7
7 9 8
7 9 9
7 9 63
7 9 64
7 9 65
7 9 71
7 9 72
7 9 73
7 9 127
7 9 128
7 9 129
7 9 135
7 9 136
7 9 137
7 9 191
7 9 192
7 9 193
7 63 0
7 63 1
7 63 7
7 63 8
7 63 9
7 63 63
7 63 64
7 63 65
7 63 71
7 63 72
7 63 73
7 63 127
7 63 128
7 63 129
7 63 135
7 63 136
7 63 137
7 63 191
7 63 192
7 63 193
7 64 0
7 64 1
7 64 7
7 64 8
7 64 9
7 64 63
7 64 64
7 64 65
7 64 71
7 64 72
7 64 73
7 64 127
7 64 128
7 64 129
7 64 135
7 64 136
7 64 137
7 64 191
7 64 192
7 64 193
7 65 0
7 65 1
7 65 7
7 65 8
7 65 9
7 65 63
7 65 64
7 65 65
7 65 71
7 65 72
7 65 73
7 65 127
7 65 128
7 65 129
7 65 135
7 65 136
7 65 137
7 65 191
7 65 192
7 65 193
7 71 0
7 71 1
7 71 7
7 71 8
7 71 9
7 71 63
7 71 64
7 71 65
7 71 71
7 71 72
7 71 73
7 71 127
7 71 128
7 71 129
7 71 135
7 71 136
7 71 137
7 71 191
7 71 192
7 71 193
7 72 0
7 72 1
7 72 7
7 72 8
7 72 9
7 72 63
7 72 64
7 72 65
7 72 71
7 72 72
7 72 73
7 72 127
7 72 128
7 72 129
7 72 135
7 72 136
7 72 137
7 72 191
7 72 192
7 72 193
7 73 0
7 73 1
7 73 7
7 73 8
7 73 9
7 73 63
7 73 64
7 73 65
7 73 71
7 73 72
7 73 73
7 73 127
7 73 128
7 73 129
7 73 135
7 73 136
7 73 137
7 73 191
7 73 192
7 73 193
7 127 0
7 127 1
7 127 7
7 127 8
7 127 9
7 127 63
7 127 64
7 127 65
7 127 71
7 127 72
7 127 73
7 127 127
7 127 128
7 127 129
7 127 135
7 127 136
7 127 137
7 127 191
7 127 192
7 127 193
7 128 0
7 128 1
7 128 7
7 128 8
7 128 9
7 128 63
7 128 64
7 128 65
7 128 71
7 128 72
7 128 73
7 128 127
7 128 128
7 128 129
7 128 135
7 128 136
7 128 137
7 128 191
7 128 192
7 128 193
7 129 0
7 129 1
7 129 7
7 129 8
7 129 9
7 129 63
7 129 64
7 129 65
7 129 71
7 129 72
7 129 73
7 129 127
7 129 128
7 129 129
7 129 135
7 129 136
7 129 137
7 129 191
7 129 192
7 129 193
7 135 0
7 135 1
7 135 7
7 135 8
7 135 9
7 135 63
7 135 64
7 135 65
7 135 71
7 135 72
7 135 73
7 135 127
7 135 128
7 135 129
7 135 135
7 135 136
7 135 137
7 135 191
7 135 192
7 135 193
7 136 0
7 136 1
7 136 7
7 136 8
7 136 9
7 136 63
7 136 64
7 136 65
7 136 71
7 136 72
7 136 73
7 136 127
7 136 128
7 136 129
7 136 135
7 136 136
7 136 137
7 136 191
7 136 192
7 136 193
7 137 0
7 137 1
7 137 7
7 137 8
7 137 9
7 137 63
7 137 64
7 137 65
7 137 71
7 137 72
7 137 73
7 137 127
7 137 128
7 137 129
7 137 135
7 137 136
7 137 137
7 137 191
7 137 192
7 137 193
7 191 0
7 191 1
7 191 7
7 191 8
7 191 9
7 191 63
7 191 64
7 191 65
7 191 71
7 191 72
7 191 73
7 191 127
7 191 128
7 191 129
7 191 135
7 191 136
7 191 137
7 191 191
7 191 192
7 191 193
7 192 0
7 192 1
7 192 7
7 192 8
7 192 9
7 192 63
7 192 64
7 192 65
7 192 71
7 192 72
7 192 73
7 192 127
7 192 128
7 192 129
7 192 135
7 192 136
7 192 137
7 192 191
7 192 192
7 192 193
7 193 0
7 193 1
7 193 7
7 193 8
7 193 9
7 193 63
7 193 64
7 193 65
7 193 71
7 193 72
7 193 73
7 193 127
7 193 128
7 193 129
7 193 135
7 193 136
7 193 137
7 193 191
7 193 192
7 193 193
8 0 1
8 0 7
8 0 9
8 0 63
8 0 65
8 0 71
8 0 73
8 0 127
8 0 129
8 0 135
8 0 137
8 0 191
8 0 193
8 1 0
8 1 1
8 1 7
8 1 8
8 1 9
8 1 63
8 1 64
8 1 65
8 1 71
8 1 72
8 1 73
8 1 127
8 1 128
8 1 129
8 1 135
8 1 136
8 1 137
8 1 191
8 1 192
8 1 193
8 7 0
8 7 1
8 7 7
8 7 8
8 7 9
8 7 63
8 7 64
8 7 65
8 7 71
8 7 72
8 7 73
8 7 127
8 7 128
8 7 129
8 7 135
8 7 136
8 7 137
8 7 191
8 7 192
8 7 193
8 8 1
8 8 7
8 8 9
8 8 63
8 8 65
8 8 71
8 8 73
8 8 127
8 8 129
8 8 135
8 8 137
8 8 191
8 8 193
8 9 0
8 9 1
8 9 7
8 9 8
8 9 9
8 9 63
8 9 64
8 9 65
8 9 71
8 9 72
8 9 73
8 9 127
8 9 128
8 9 129
8 9 135
8 9 136
8 9 137
8 9 191
8 9 192
8 9 193
8 63 0
8 63 1
8 63 7
8 63 8
8 63 9
8 63 63
8 63 64
8 63 65
8 63 71
8 63 72
8 63 73
8 63 127
8 63 128
8 63 129
8 63 135
8 63 136
8 63 137
8 63 191
8 63 192
8 63 193
8 64 1
8 64 7
8 64 9
8 64 63
8 64 65
8 64 71
8 64 73
8 64 127
8 64 129
8 64 135
8 64 137
8 64 191
8 64 193
8 65 0
8 65 1
8 65 7
8 65 8
8 65 9
8 65 63
8 65 64
8 65 65
8 65 71
8 65 72
8 65 73
8 65 127
8 65 128
8 65 129
8 65 135
8 65 136
8 65 137
8 65 191
8 65 192
8 65 193
8 71 0
8 71 1
8 71 7
8 71 8
8 71 9
8 71 63
8 71 64
8 71 65
8 71 71
8 71 72
8 71 73
8 71 127
8 71 128
8 71 129
8 71 135
8 71 136
8 71 137
8 71 191
8 71 192
8 71 193
8 72 1
8 72 7
8 72 9
8 72 63
8 72 65
8 72 71
8 72 73
8 72 127
8 72 129
8 72 135
8 72 137
8 72 191
8 72 193
8 73 0
8 73 1
8 73 7
8 73 8
8 73 9
8 73 63
8 73 64
8 73 65
8 73 71
8 73 72
8 73 73
8 73 127
8 73 128
8 73 129
8 73 135
8 73 136
8 73 137
8 73 191
8 73 192
8 73 193
8 127 0
8 127 1
8 127 7
8 127 8
8 127 9
8 127 63
8 127 64
8 127 65
8 127 71
8 127 72
8 127 73
8 127 127
8 127 128
8 127 129
8 127 135
8 127 136
8 127 137
8 127 191
8 127 192
8 127 193
8 128 1
8 128 7
8 128 9
8 128 63
8 128 65
8 128 71
8 128 73
8 128 127
8 128 129
8 128 135
8 128 137
8 128 191
8 128 193
8 129 0
8 129 1
8 129 7
8 129 8
8 129 9
8 129 63
8 129 64
8 129 65
8 129 71
8 129 72
8 129 73
8 129 127
8 129 128
8 129 129
8 129 135
8 129 136
8 129 137
8 129 191
8 129 192
8 129 193
8 135 0
8 135 1
8 135 7
8 135 8
8 135 9
8 135 63
8 135 64
8 135 65
8 135 71
8 135 72
8 135 73
8 135 127
8 135 128
8 135 129
8 135 135
8 135 136
8 135 137
8 135 191
8 135 192
8 135 193
8 136 1
8 136 7
8 136 9
8 136 63
8 136 65
8 136 71
8 136 73
8 136 127
8 136 129
8 136 135
8 136 137
8 136 191
8 136 193
8 137 0
8 137 1
8 137 7
8 137 8
8 137 9
8 137 63
8 137 64
8 137 65
8 137 71
8 137 72
8 137 73
8 137 127
8 137 128
8 137 129
8 137 135
8 137 136
8 137 137
8 137 191
8 137 192
8 137 193
8 191 0
8 191 1
8 191 7
8 191 8
8 191 9
8 191 63
8 191 64
8 191 65
8 191 71
8 191 72
8 191 73
8 191 127
8 191 128
8 191 129
8 191 135
8 191 136
8 191 137
8 191 191
8 191 192
8 191 193
8 192 1
8 192 7
8 192 9
8 192 63
8 192 65
8 192 71
8 192 73
8 192 127
8 192 129
8 192 135
8 192 137
8 192 191
8 192 193
8 193 0
8 193 1
8 193 7
8 193 8
8 193 9
8 193 63
8 193 64
8 193 65
8 193 71
8 193 72
8 193 73
8 193 127
8 193 128
8 193 129
8 193 135
8 193 136
8 193 137
8 193 191
8 193 192
8 193 193
9 0 0
9 0 1
9 0 7
9 0 8
9 0 9
9 0 63
9 0 64
9 0 65
9 0 71
9 0 72
9 0 73
9 0 127
9 0 128
9 0 129
9 0 135
9 0 136
9 0 137
9 0 191
9 0 192
9 0 193
9 1 0
9 1 1
9 1 7
9 1 8
9 1 9
9 1 63
9 1 64
9 1 65
9 1 71
9 1 72
9 1 73
9 1 127
9 1 128
9 1 129
9 1 135
9 1 136
9 1 137
9 1 191
9 1 192
9 1 193
9 7 0
9 7 1
9 7 7
9 7 8
9 7 9
9 7 63
9 7 64
9 7 65
9 7 71
9 7 72
9 7 73
9 7 127
9 7 128
9 7 129
9 7 135
9 7 136
9 7 137
9 7 191
9 7 192
9 7 193
9 8 0
9 8 1
9 8 7
9 8 8
9 8 9
9 8 63
9 8 64
9 8 65
9 8 71
9 8 72
9 8 73
9 8 127
9 8 128
9 8 129
9 8 135
9 8 136
9 8 137
9 8 191
9 8 192
9 8 193
9 9 0
9 9 1
9 9 7
9 9 8
9 9 9
9 9 63
9 9 64
9 9 65
9 9 71
9 9 72
9 9 73
9 9 127
9 9 128
9 9 129
9 9 135
9 9 136
9 9 137
9 9 191
9 9 192
9 9 193
9 63 0
9 63 1
9 63 7
9 63 8
9 63 9
9 63 63
9 63 64
9 63 65
9 63 71
9 63 72
9 63 73
9 63 127
9 63 128
9 63 129
9 63 135
9 63 136
9 63 137
9 63 191
9 63 192
9 63 193
9 64 0
9 64 1
9 64 7
9 64 8
9 64 9
9 64 63
9 64 64
9 64 65
9 64 71
9 64 72
9 64 73
9 64 127
9 64 128
9 64 129
9 64 135
9 64 136
9 64 137
9 64 191
9 64 192
9 64 193
9 65 0
9 65 1
9 65 7
9 65 8
9 65 9
9 65 63
9 65 64
9 65 65
9 65 71
9 65 72
9 65 73
9 65 127
9 65 128
9 65 129
9 65 135
9 65 136
9 65 137
9 65 191
9 65 192
9 65 193
9 71 0
9 71 1
9 71 7
9 71 8
9 71 9
9 71 63
9 71 64
9 71 65
9 71 71
9 71 72
9 71 73
9 71 127
9 71 128
9 71 129
9 71 135
9 71 136
9 71 137
9 71 191
9 71 192
9 71 193
9 72 0
9 72 1
9 72 7
9 72 8
9 72 9
9 72 63
9 72 64
9 72 65
9 72 71
9 72 72
9 72 73
9 72 127
9 72 128
9 72 129
9 72 135
9 72 136
9 72 137
9 72 191
9 72 192
9 72 193
9 73 0
9 73 1
9 73 7
9 73 8
9 73 9
9 73 63
9 73 64
9 73 65
9 73 71
9 73 72
9 73 73
9 73 127
9 73 128
9 73 129
9 73 135
9 73 136
9 73 137
9 73 191
9 73 192
9 73 193
9 127 0
9 127 1
9 127 7
9 127 8
9 127 9
9 127 63
9 127 64
9 127 65
9 127 71
9 127 72
9 127 73
9 127 127
9 127 128
9 127 129
9 127 135
9 127 136
9 127 137
9 127 191
9 127 192
9 127 193
9 128 0
9 128 1
9 128 7
9 128 8
9 128 9
9 128 63
9 128 64
9 128 65
9 128 71
9 128 72
9 128 73
9 128 127
9 128 128
9 128 129
9 128 135
9 128 136
9 128 137
9 128 191
9 128 192
9 128 193
9 129 0
9 129 1
9 129 7
9 129 8
9 129 9
9 129 63
9 129 64
9 129 65
9 129 71
9 129 72
9 129 73
9 129 127
9 129 128
9 129 129
9 129 135
9 129 136
9 129 137
9 129 191
9 129 192
9 129 193
9 135 0
9 135 1
9 135 7
9 135 8
9 135 9
9 135 63
9 135 64
9 135 65
9 135 71
9 135 72
9 135 73
9 135 127
9 135 128
9 135 129
9 135 135
9 135 136
9 135 137
9 135 191
9 135 192
9 135 193
9 136 0
9 136 1
9 136 7
9 136 8
9 136 9
9 136 63
9 136 64
9 136 65
9 136 71
9 136 72
9 136 73
9 136 127
9 136 128
9 136 129
9 136 135
9 136 136
9 136 137
9 136 191
9 136 192
9 136 193
9 137 0
9 137 1
9 137 7
9 137 8
9 137 9
9 137 63
9 137 64
9 137 65
9 137 71
9 137 72
9 137 73
9 137 127
9 137 128
9 137 129
9 137 135
9 137 136
9 137 137
9 137 191
9 137 192
9 137 193
9 191 0
9 191 1
9 191 7
9 191 8
9 191 9
9 191 63
9 191 64
9 191 65
9 191 71
9 191 72
9 191 73
9 191 127
9 191 128
9 191 129
9 191 135
9 191 136
9 191 137
9 191 191
9 191 192
9 191 193
9 192 0
9 192 1
9 192 7
9 192 8
9 192 9
9 192 63
9 192 64
9 192 65
9 192 71
9 192 72
9 192 73
9 192 127
9 192 128
9 192 129
9 192 135
9 192 136
9 192 137
9 192 191
9 192 192
9 192 193
9 193 0
9 193 1
9 193 7
9 193 8
9 193 9
9 193 63
9 193 64
9 193 65
9 193 71
9 193 72
9 193 73
9 193 127
9 193 128
9 193 129
9 193 135
9 193 136
9 193 137
9 193 191
9 193 192
9 193 193
63 0 0
63 0 1
63 0 7
63 0 8
63 0 9
63 0 63
63 0 64
63 0 65
63 0 71
63 0 72
63 0 73
63 0 127
63 0 128
63 0 129
63 0 135
63 0 136
63 0 137
63 0 191
63 0 192
63 0 193
63 1 0
63 1 1
63 1 7
63 1 8
63 1 9
63 1 63
63 1 64
63 1 65
63 1 71
63 1 72
63 1 73
63 1 127
63 1 128
63 1 129
63 1 135
63 1 136
63 1 137
63 1 191
63 1 192
63 1 193
63 7 0
63 7 1
63 7 7
63 7 8
63 7 9
63 7 63
63 7 64
63 7 65
63 7 71
63 7 72
63 7 73
63 7 127
63 7 128
63 7 129
63 7 135
63 7 136
63 7 137
63 7 191
63 7 192
63 7 193
63 8 0
63 8 1
63 8 7
63 8 8
63 8 9
63 8 63
63 8 64
63 8 65
63 8 71
63 8 72
63 8 73
63 8 127
63 8 128
63 8 129
63 8 135
63 8 136
63 8 137
63 8 191
63 8 192
63 8 193
63 9 0
63 9 1
63 9 7
63 9 8
63 9 9
63 9 63
63 9 64
63 9 65
63 9 71
63 9 72
63 9 73
63 9 127
63 9 128
63 9 129
63 9 135
63 9 136
63 9 137
63 9 191
63 9 192
63 9 193
63 63 0
63 63 1
63 63 7
63 63 8
63 63 9
63 63 63
63 63 64
63 63 65
63 63 71
63 63 72
63 63 73
63 63 127
63 63 128
63 63 129
63 63 135
63 63 136
63 63 137
63 63 191
63 63 192
63 63 193
63 64 0
63 64 1
63 64 7
63 64 8
63 64 9
63 64 63
63 64 64
63 64 65
63 64 71
63 64 72
63 64 73
63 64 127
63 64 128
63 64 129
63 64 135
63 64 136
63 64 137
63 64 191
63 64 192
63 64 193
63 65 0
63 65 1
63 65 7
63 65 8
63 65 9
63 65 63
63 65 64
63 65 65
63 65 71
63 65 72
63 65 73
63 65 127
63 65 128
63 65 129
63 65 135
63 65 136
63 65 137
63 65 191
63 65 192
63 65 193
63 71 0
63 71 1
63 71 7
63 71 8
63 71 9
63 71 63
63 71 64
63 71 65
63 71 71
63 71 72
63 71 73
63 71 127
63 71 128
63 71 129
63 71 135
63 71 136
63 71 137
63 71 191
63 71 192
63 71 193
63 72 0
63 72 1
63 72 7
63 72 8
63 72 9
63 72 63
63 72 64
63 72 65
63 72 71
63 72 72
63 72 73
63 72 127
63 72 128
63 72 129
63 72 135
63 72 136
63 72 137
63 72 191
63 72 192
63 72 193
63 73 0
63 73 1
63 73 7
63 73 8
63 73 9
63 73 63
63 73 64
63 73 65
63 73 71
63 73 72
63 73 73
63 73 127
63 73 128
63 73 129
63 73 135
63 73 136
63 73 137
63 73 191
63 73 192
63 73 193
63 127 0
63 127 1
63 127 7
63 127 8
63 127 9
63 127 63
63 127 64
63 127 65
63 127 71
63 127 72
63 127 73
63 127 127
63 127 128
63 127 129
63 127 135
63 127 136
63 127 137
63 127 191
63 127 192
63 127 193
63 128 0
63 128 1
63 128 7
63 128 8
63 128 9
63 128 63
63 128 64
63 128 65
63 128 71
63 128 72
63 128 73
63 128 127
63 128 128
63 128 129
63 128 135
63 128 136
63 128 137
63 128 191
63 128 192
63 128 193
63 129 0
63 129 1
63 129 7
63 129 8
63 129 9
63 129 63
63 129 64
63 129 65
63 129 71
63 129 72
63 129 73
63 129 127
63 129 128
63 129 129
63 129 135
63 129 136
63 129 137
63 129 191
63 129 192
63 129 193
63 135 0
63 135 1
63 135 7
63 135 8
63 135 9
63 135 63
63 135 64
63 135 65
63 135 71
63 135 72
63 135 73
63 135 127
63 135 128
63 135 129
63 135 135
63 135 136
63 135 137
63 135 191
63 135 192
63 135 193
63 136 0
63 136 1
63 136 7
63 136 8
63 136 9
63 136 63
63 136 64
63 136 65
63 136 71
63 136 72
63 136 73
63 136 127
63 136 128
63 136 129
63 136 135
63 136 136
63 136 137
63 136 191
63 136 192
63 136 193
63 137 0
63 137 1
63 137 7
63 137 8
63 137 9
63 137 63
63 137 64
63 137 65
63 137 71
63 137 72
63 137 73
63 137 127
63 137 128
63 137 129
63 137 135
63 137 136
63 137 137
63 137 191
63 137 192
63 137 193
63 191 0
63 191 1
63 191 7
63 191 8
63 191 9
63 191 63
63 191 64
63 191 65
63 191 71
63 191 72
63 191 73
63 191 127
63 191 128
63 191 129
63 191 135
63 191 136
63 191 137
63 191 191
63 191 192
63 191 193
63 192 0
63 192 1
63 192 7
63 192 8
63 192 9
63 192 63
63 192 64
63 192 65
63 192 71
63 192 72
63 192 73
63 192 127
63 192 128
63 192 129
63 192 135
63 192 136
63 192 137
63 192 191
63 192 192
63 192 193
63 193 0
63 193 1
63 193 7
63 193 8
63 193 9
63 193 63
63 193 64
63 193 65
63 193 71
63 193 72
63 193 73
63 193 127
63 193 128
63 193 129
63 193 135
63 193 136
63 193 137
63 193 191
63 193 192
63 193 193
64 0 1
64 0 7
64 0 9
64 0 63
64 0 65
64 0 71
64 0 73
64 0 127
64 0 129
64 0 135
64 0 137
64 0 191
64 0 193
64 1 0
64 1 1
64 1 7
64 1 8
64 1 9
64 1 63
64 1 64
64 1 65
64 1 71
64 1 72
64 1 73
64 1 127
64 1 128
64 1 129
64 1 135
64 1 136
64 1 137
64 1 191
64 1 192
64 1 193
64 7 0
64 7 1
64 7 7
64 7 8
64 7 9
64 7 63
64 7 64
64 7 65
64 7 71
64 7 72
64 7 73
64 7 127
64 7 128
64 7 129
64 7 135
64 7 136
64 7 137
64 7 191
64 7 192
64 7 193
64 8 1
64 8 7
64 8 9
64 8 63
64 8 65
64 8 71
64 8 73
64 8 127
64 8 129
64 8 135
64 8 137
64 8 191
64 8 193
64 9 0
64 9 1
64 9 7
64 9 8
64 9 9
64 9 63
64 9 64
64 9 65
64 9 71
64 9 72
64 9 73
64 9 127
64 9 128
64 9 129
64 9 135
64 9 136
64 9 137
64 9 191
64 9 192
64 9 193
64 63 0
64 63 1
64 63 7
64 63 8
64 63 9
64 63 63
64 63 64
64 63 65
64 63 71
64 63 72
64 63 73
64 63 127
64 63 128
64 63 129
64 63 135
64 63 136
64 63 137
64 63 191
64 63 192
64 63 193
64 64 1
64 64 7
64 64 9
64 64 63
64 64 65
64 64 71
64 64 73
64 64 127
64 64 129
64 64 135
64 64 137
64 64 191
64 64 193
64 65 0
64 65 1
64 65 7
64 65 8
64 65 9
64 65 63
64 65 64
64 65 65
64 65 71
64 65 72
64 65 73
64 65 127
64 65 128
64 65 129
64 65 135
64 65 136
64 65 137
64 65 191
64 65 192
64 65 193
64 71 0
64 71 1
64 71 7
64 71 8
64 71 9
64 71 63
64 71 64
64 71 65
64 71 71
64 71 72
64 71 73
64 71 127
64 71 128
64 71 129
64 71 135
64 71 136
64 71 137
64 71 191
64 71 192
64 71 193
64 72 1
64 72 7
64 72 9
64 72 63
64 72 65
64 72 71
64 72 73
64 72 127
64 72 129
64 72 135
64 72 137
64 72 191
64 72 193
64 73 0
64 73 1
64 73 7
64 73 8
64 73 9
64 73 63
64 73 64
64 73 65
64 73 71
64 73 72
64 73 73
64 73 127
64 73 128
64 73 129
64 73 135
64 73 136
64 73 137
64 73 191
64 73 192
64 73 193
64 127 0
64 127 1
64 127 7
64 127 8
64 127 9
64 127 63
64 127 64
64 127 65
64 127 71
64 127 72
64 127 73
64 127 127
64 127 128
64 127 129
64 127 135
64 127 136
64 127 137
64 127 191
64 127 192
64 127 193
64 128 1
64 128 7
64 128 9
64 128 63
64 128 65
64 128 71
64 128 73
64 128 127
64 128 129
64 128 135
64 128 137
64 128 191
64 128 193
64 129 0
64 129 1
64 129 7
64 129 8
64 129 9
64 129 63
64 129 64
64 129 65
64 129 71
64 129 72
64 129 73
64 129 127
64 129 128
64 129 129
64 129 135
64 129 136
64 129 137
64 129 191
64 129 192
64 129 193
64 135 0
64 135 1
64 135 7
64 135 8
64 135 9
64 135 63
64 135 64
64 135 65
64 135 71
64 135 72
64 135 73
64 135 127
64 135 128
64 135 129
64 135 135
64 135 136
64 135 137
64 135 191
64 135 192
64 135 193
64 136 1
64 136 7
64 136 9
64 136 63
64 136 65
64 136 71
64 136 73
64 136 127
64 136 129
64 136 135
64 136 137
64 136 191
64 136 193
64 137 0
64 137 1
64 137 7
64 137 8
64 137 9
64 137 63
64 137 64
64 137 65
64 137 71
64 137 72
64 137 73
64 137 127
64 137 128
64 137 129
64 137 135
64 137 136
64 137 137
64 137 191
64 137 192
64 137 193
64 191 0
64 191 1
64 191 7
64 191 8
64 191 9
64 191 63
64 191 64
64 191 65
64 191 71
64 191 72
64 191 73
64 191 127
64 191 128
64 191 129
64 191 135
64 191 136
64 191 137
64 191 191
64 191 192
64 191 193
64 192 1
64 192 7
64 192 9
64 192 63
64 192 65
64 192 71
64 192 73
64 192 127
64 192 129
64 192 135
64 192 137
64 192 191
64 192 193
64 193 0
64 193 1
64 193 7
64 193 8
64 193 9
64 193 63
64 193 64
64 193 65
64 193 71
64 193 72
64 193 73
64 193 127
64 193 128
64 193 129
64 193 135
64 193 136
64 193 137
64 193 191
64 193 192
64 193 193
65 0 0
65 0 1
65 0 7
65 0 8
65 0 9
65 0 63
65 0 64
65 0 65
65 0 71
65 0 72
65 0 73
65 0 127
65 0 128
65 0 129
65 0 135
65 0 136
65 0 137
65 0 191
65 0 192
65 0 193
65 1 0
65 1 1
65 1 7
65 1 8
65 1 9
65 1 63
65 1 64
65 1 65
65 1 71
65 1 72
65 1 73
65 1 127
65 1 128
65 1 129
65 1 135
65 1 136
65 1 137
65 1 191
65 1 192
65 1 193
65 7 0
65 7 1
65 7 7
65 7 8
65 7 9
65 7 63
65 7 64
65 7 65
65 7 71
65 7 72
65 7 73
65 7 127
65 7 128
65 7 129
65 7 135
65 7 136
65 7 137
65 7 191
65 7 192
65 7 193
65 8 0
65 8 1
65 8 7
65 8 8
65 8 9
65 8 63
65 8 64
65 8 65
65 8 71
65 8 72
65 8 73
65 8 127
65 8 128
65 8 129
65 8 135
65 8 136
65 8 137
65 8 191
65 8 192
65 8 193
65 9 0
65 9 1
65 9 7
65 9 8
65 9 9
65 9 63
65 9 64
65 9 65
65 9 71
65 9 72
65 9 73
65 9 127
65 9 128
65 9 129
65 9 135
65 9 136
65 9 137
65 9 191
65 9 192
65 9 193
65 63 0
65 63 1
65 63 7
65 63 8
65 63 9
65 63 63
65 63 64
65 63 65
65 63 71
65 63 72
65 63 73
65 63 127
65 63 128
65 63 129
65 63 135
65 63 136
65 63 137
65 63 191
65 63 192
65 63 193
65 64 0
65 64 1
65 64 7
65 64 8
65 64 9
65 64 63
65 64 64
65 64 65
65 64 71
65 64 72
65 64 73
65 64 127
65 64 128
65 64 129
65 64 135
65 64 136
65 64 137
65 64 191
65 64 192
65 64 193
65 65 0
65 65 1
65 65 7
65 65 8
65 65 9
65 65 63
65 65 64
65 65 65
65 65 71
65 65 72
65 65 73
65 65 127
65 65 128
65 65 129
65 65 135
65 65 136
65 65 137
65 65 191
65 65 192
65 65 193
65 71 0
65 71 1
65 71 7
65 71 8
65 71 9
65 71 63
65 71 64
65 71 65
65 71 71
65 71 72
65 71 73
65 71 127
65 71 128
65 71 129
65 71 135
65 71 136
65 71 137
65 71 191
65 71 192
65 71 193
65 72 0
65 72 1
65 72 7
65 72 8
65 72 9
65 72 63
65 72 64
65 72 65
65 72 71
65 72 72
65 72 73
65 72 127
65 72 128
65 72 129
65 72 135
65 72 136
65 72 137
65 72 191
65 72 192
65 72 193
65 73 0
65 73 1
65 73 7
65 73 8
65 73 9
65 73 63
65 73 64
65 73 65
65 73 71
65 73 72
65 73 73
65 73 127
65 73 128
65 73 129
65 73 135
65 73 136
65 73 137
65 73 191
65 73 192
65 73 193
65 127 0
65 127 1
65 127 7
65 127 8
65 127 9
65 127 63
65 127 64
65 127 65
65 127 71
65 127 72
65 127 73
65 127 127
65 127 128
65 127 129
65 127 135
65 127 136
65 127 137
65 127 191
65 127 192
65 127 193
65 128 0
65 128 1
65 128 7
65 128 8
65 128 9
65 128 63
65 128 64
65 128 65
65 128 71
65 128 72
65 128 73
65 128 127
65 128 128
65 128 129
65 128 135
65 128 136
65 128 137
65 128 191
65 128 192
65 128 193
65 129 0
65 129 1
65 129 7
65 129 8
65 129 9
65 129 63
65 129 64
65 129 65
65 129 71
65 129 72
65 129 73
65 129 127
65 129 128
65 129 129
65 129 135
65 129 136
65 129 137
65 129 191
65 129 192
65 129 193
65 135 0
65 135 1
65 135 7
65 135 8
65 135 9
65 135 63
65 135 64
65 135 65
65 135 71
65 135 72
65 135 73
65 135 127
65 135 128
65 135 129
65 135 135
65 135 136
65 135 137
65 135 191
65 135 192
65 135 193
65 136 0
65 136 1
65 136 7
65 136 8
65 136 9
65 136 63
65 136 64
65 136 65
65 136 71
65 136 72
65 136 73
65 136 127
65 136 128
65 136 129
65 136 135
65 136 136
65 136 137
65 136 191
65 136 192
65 136 193
65 137 0
65 137 1
65 137 7
65 137 8
65 137 9
65 137 63
65 137 64
65 137 65
65 137 71
65 137 72
65 137 73
65 137 127
65 137 128
65 137 129
65 137 135
65 137 136
65 137 137
65 137 191
65 137 192
65 137 193
65 191 0
65 191 1
65 191 7
65 191 8
65 191 9
65 191 63
65 191 64
65 191 65
65 191 71
65 191 72
65 191 73
65 191 127
65 191 128
65 191 129
65 191 135
65 191 136
65 191 137
65 191 191
65 191 192
65 191 193
65 192 0
65 192 1
65 192 7
65 192 8
65 192 9
65 192 63
65 192 64
65 192 65
65 192 71
65 192 72
65 192 73
65 192 127
65 192 128
65 192 129
65 192 135
65 192 136
65 192 137
65 192 191
65 192 192
65 192 193
65 193 0
65 193 1
65 193 7
65 193 8
65 193 9
65 193 63
65 193 64
65 193 65
65 193 71
65 193 72
65 193 73
65 193 127
65 193 128
65 193 129
65 193 135
65 193 136
65 193 137
65 193 191
65 193 192
65 193 193
71 0 0
71 0 1
71 0 7
71 0 8
71 0 9
71 0 63
71 0 64
71 0 65
71 0 71
71 0 72
71 0 73
71 0 127
71 0 128
71 0 129
71 0 135
71 0 136
71 0 137
71 0 191
71 0 192
71 0 193
71 1 0
71 1 1
71 1 7
71 1 8
71 1 9
71 1 63
71 1 64
71 1 65
71 1 71
71 1 72
71 1 73
71 1 127
71 1 128
71 1 129
71 1 135
71 1 136
71 1 137
71 1 191
71 1 192
71 1 193
71 7 0
71 7 1
71 7 7
71 7 8
71 7 9
71 7 63
71 7 64
71 7 65
71 7 71
71 7 72
71 7 73
71 7 127
71 7 128
71 7 129
71 7 135
71 7 136
71 7 137
71 7 191
71 7 192
71 7 193
71 8 0
71 8 1
71 8 7
71 8 8
71 8 9
71 8 63
71 8 64
71 8 65
71 8 71
71 8 72
71 8 73
71 8 127
71 8 128
71 8 129
71 8 135
71 8 136
71 8 137
71 8 191
71 8 192
71 8 193
71 9 0
71 9 1
71 9 7
71 9 8
71 9 9
71 9 63
71 9 64
71 9 65
71 9 71
71 9 72
71 9 73
71 9 127
71 9 128
71 9 129
71 9 135
71 9 136
71 9 137
71 9 191
71 9 192
71 9 193
71 63 0
71 63 1
71 63 7
71 63 8
71 63 9
71 63 63
71 63 64
71 63 65
71 63 71
71 63 72
71 63 73
71 63 127
71 63 128
71 63 129
71 63 135
71 63 136
71 63 137
71 63 191
71 63 192
71 63 193
71 64 0
71 64 1
71 64 7
71 64 8
71 64 9
71 64 63
71 64 64
71 64 65
71 64 71
71 64 72
71 64 73
71 64 127
71 64 128
71 64 129
71 64 135
71 64 136
71 64 137
71 64 191
71 64 192
71 64 193
71 65 0
71 65 1
71 65 7
71 65 8
71 65 9
71 65 63
71 65 64
71 65 65
71 65 71
71 65 72
71 65 73
71 65 127
71 65 128
71 65 129
71 65 135
71 65 136
71 65 137
71 65 191
71 65 192
71 65 193
71 71 0
71 71 1
71 71 7
71 71 8
71 71 9
71 71 63
71 71 64
71 71 65
71 71 71
71 71 72
71 71 73
71 71 127
71 71 128
71 71 129
71 71 135
71 71 136
71 71 137
71 71 191
71 71 192
71 71 193
71 72 0
71 72 1
71 72 7
71 72 8
71 72 9
71 72 63
71 72 64
71 72 65
71 72 71
71 72 72
71 72 73
71 72 127
71 72 128
71 72 129
71 72 135
71 72 136
71 72 137
71 72 191
71 72 192
71 72 193
71 73 0
71 73 1
71 73 7
71 73 8
71 73 9
71 73 63
71 73 64
71 73 65
71 73 71
71 73 72
71 73 73
71 73 127
71 73 128
71 73 129
71 73 135
71 73 136
71 73 137
71 73 191
71 73 192
71 73 193
71 127 0
71 127 1
71 127 7
71 127 8
71 127 9
71 127 63
71 127 64
71 127 65
71 127 71
71 127 72
71 127 73
71 127 127
71 127 128
71 127 129
71 127 135
71 127 136
71 127 137
71 127 191
71 127 192
71 127 193
71 128 0
71 128 1
71 128 7
71 128 8
71 128 9
71 128 63
71 128 64
71 128 65
71 128 71
71 128 72
71 128 73
71 128 127
71 128 128
71 128 129
71 128 135
71 128 136
71 128 137
71 128 191
71 128 192
71 128 193
71 129 0
71 129 1
71 129 7
71 129 8
71 129 9
71 129 63
71 129 64
71 129 65
71 129 71
71 129 72
71 129 73
71 129 127
71 129 128
71 129 129
71 129 135
71 129 136
71 129 137
71 129 191
71 129 192
71 129 193
71 135 0
71 135 1
71 135 7
71 135 8
71 135 9
71 135 63
71 135 64
71 135 65
71 135 71
71 135 72
71 135 73
71 135 127
71 135 128
71 135 129
71 135 135
71 135 136
71 135 137
71 135 191
71 135 192
71 135 193
71 136 0
71 136 1
71 136 7
71 136 8
71 136 9
71 136 63
71 136 64
71 136 65
71 136 71
71 136 72
71 136 73
71 136 127
71 136 128
71 136 129
71 136 135
71 136 136
71 136 137
71 136 191
71 136 192
71 136 193
71 137 0
71 137 1
71 137 7
71 137 8
71 137 9
71 137 63
71 137 64
71 137 65
71 137 71
71 137 72
71 137 73
71 137 127
71 137 128
71 137 129
71 137 135
71 137 136
71 137 137
71 137 191
71 137 192
71 137 193
71 191 0
71 191 1
71 191 7
71 191 8
71 191 9
71 191 63
71 191 64
71 191 65
71 191 71
71 191 72
71 191 73
71 191 127
71 191 128
71 191 129
71 191 135
71 191 136
71 191 137
71 191 191
71 191 192
71 191 193
71 192 0
71 192 1
71 192 7
71 192 8
71 192 9
71 192 63
71 192 64
71 192 65
71 192 71
71 192 72
71 192 73
71 192 127
71 192 128
71 192 129
71 192 135
71 192 136
71 192 137
71 192 191
71 192 192
71 192 193
71 193 0
71 193 1
71 193 7
71 193 8
71 193 9
71 193 63
71 193 64
71 193 65
71 193 71
71 193 72
71 193 73
71 193 127
71 193 128
71 193 129
71 193 135
71 193 136
71 193 137
71 193 191
71 193 192
71 193 193
72 0 1
72 0 7
72 0 9
72 0 63
72 0 65
72 0 71
72 0 73
72 0 127
72 0 129
72 0 135
72 0 137
72 0 191
72 0 193
72 1 0
72 1 1
72 1 7
72 1 8
72 1 9
72 1 63
72 1 64
72 1 65
72 1 71
72 1 72
72 1 73
72 1 127
72 1 128
72 1 129
72 1 135
72 1 136
72 1 137
72 1 191
72 1 192
72 1 193
72 7 0
72 7 1
72 7 7
72 7 8
72 7 9
72 7 63
72 7 64
72 7 65
72 7 71
72 7 72
72 7 73
72 7 127
72 7 128
72 7 129
72 7 135
72 7 136
72 7 137
72 7 191
72 7 192
72 7 193
72 8 1
72 8 7
72 8 9
72 8 63
72 8 65
72 8 71
72 8 73
72 8 127
72 8 129
72 8 135
72 8 137
72 8 191
72 8 193
72 9 0
72 9 1
72 9 7
72 9 8
72 9 9
72 9 63
72 9 64
72 9 65
72 9 71
72 9 72
72 9 73
72 9 127
72 9 128
72 9 129
72 9 135
72 9 136
72 9 137
72 9 191
72 9 192
72 9 193
72 63 0
72 63 1
72 63 7
72 63 8
72 63 9
72 63 63
72 63 64
72 63 65
72 63 71
72 63 72
72 63 73
72 63 127
72 63 128
72 63 129
72 63 135
72 63 136
72 63 137
72 63 191
72 63 192
72 63 193
72 64 1
72 64 7
72 64 9
72 64 63
72 64 65
72 64 71
72 64 73
72 64 127
72 64 129
72 64 135
72 64 137
72 64 191
72 64 193
72 65 0
72 65 1
72 65 7
72 65 8
72 65 9
72 65 63
72 65 64
72 65 65
72 65 71
72 65 72
72 65 73
72 65 127
72 65 128
72 65 129
72 65 135
72 65 136
72 65 137
72 65 191
72 65 192
72 65 193
72 71 0
72 71 1
72 71 7
72 71 8
72 71 9
72 71 63
72 71 64
72 71 65
72 71 71
72 71 72
72 71 73
72 71 127
72 71 128
72 71 129
72 71 135
72 71 136
72 71 137
72 71 191
72 71 192
72 71 193
72 72 1
72 72 7
72 72 9
72 72 63
72 72 65
72 72 71
72 72 73
72 72 127
72 72 129
72 72 135
72 72 137
72 72 191
72 72 193
72 73 0
72 73 1
72 73 7
72 73 8
72 73 9
72 73 63
72 73 64
72 73 65
72 73 71
72 73 72
72 73 73
72 73 127
72 73 128
72 73 129
72 73 135
72 73 136
72 73 137
72 73 191
72 73 192
72 73 193
72 127 0
72 127 1
72 127 7
72 127 8
72 127 9
72 127 63
72 127 64
72 127 65
72 127 71
72 127 72
72 127 73
72 127 127
72 127 128
72 127 129
72 127 135
72 127 136
72 127 137
72 127 191
72 127 192
72 127 193
72 128 1
72 128 7
72 128 9
72 128 63
72 128 65
72 128 71
72 128 73
72 128 127
72 128 129
72 128 135
72 128 137
72 128 191
72 128 193
72 129 0
72 129 1
72 129 7
72 129 8
72 129 9
72 129 63
72 129 64
72 129 65
72 129 71
72 129 72
72 129 73
72 129 127
72 129 128
72 129 129
72 129 135
72 129 136
72 129 137
72 129 191
72 129 192
72 129 193
72 135 0
72 135 1
72 135 7
72 135 8
72 135 9
72 135 63
72 135 64
72 135 65
72 135 71
72 135 72
72 135 73
72 135 127
72 135 128
72 135 129
72 135 135
72 135 136
72 135 137
72 135 191
72 135 192
72 135 193
72 136 1
72 136 7
72 136 9
72 136 63
72 136 65
72 136 71
72 136 73
72 136 127
72 136 129
72 136 135
72 136 137
72 136 191
72 136 193
72 137 0
72 137 1
72 137 7
72 137 8
72 137 9
72 137 63
72 137 64
72 137 65
72 137 71
72 137 72
72 137 73
72 137 127
72 137 128
72 137 129
72 137 135
72 137 136
72 137 137
72 137 191
72 137 192
72 137 193
72 191 0
72 191 1
72 191 7
72 191 8
72 191 9
72 191 63
72 191 64
72 191 65
72 191 71
72 191 72
72 191 73
72 191 127
72 191 128
72 191 129
72 191 135
72 191 136
72 191 137
72 191 191
72 191 192
72 191 193
72 192 1
72 192 7
72 192 9
72 192 63
72 192 65
72 192 71
72 192 73
72 192 127
72 192 129
72 192 135
72 192 137
72 192 191
72 192 193
72 193 0
72 193 1
72 193 7
72 193 8
72 193 9
72 193 63
72 193 64
72 193 65
72 193 71
72 193 72
72 193 73
72 193 127
72 193 128
72 193 129
72 193 135
72 193 136
72 193 137
72 193 191
72 193 192
72 193 193
73 0 0
73 0 1
73 0 7
73 0 8
73 0 9
73 0 63
73 0 64
73 0 65
73 0 71
73 0 72
73 0 73
73 0 127
73 0 128
73 0 129
73 0 135
73 0 136
73 0 137
73 0 191
73 0 192
73 0 193
73 1 0
73 1 1
73 1 7
73 1 8
73 1 9
73 1 63
73 1 64
73 1 65
73 1 71
73 1 72
73 1 73
73 1 127
73 1 128
73 1 129
73 1 135
73 1 136
73 1 137
73 1 191
73 1 192
73 1 193
73 7 0
73 7 1
73 7 7
73 7 8
73 7 9
73 7 63
73 7 64
73 7 65
73 7 71
73 7 72
73 7 73
73 7 127
73 7 128
73 7 129
73 7 135
73 7 136
73 7 137
73 7 191
73 7 192
73 7 193
73 8 0
73 8 1
73 8 7
73 8 8
73 8 9
73 8 63
73 8 64
73 8 65
73 8 71
73 8 72
73 8 73
73 8 127
73 8 128
73 8 129
73 8 135
73 8 136
73 8 137
73 8 191
73 8 192
73 8 193
73 9 0
73 9 1
73 9 7
73 9 8
73 9 9
73 9 63
73 9 64
73 9 65
73 9 71
73 9 72
73 9 73
73 9 127
73 9 128
73 9 129
73 9 135
73 9 136
73 9 137
73 9 191
73 9 192
73 9 193
73 63 0
73 63 1
73 63 7
73 63 8
73 63 9
73 63 63
73 63 64
73 63 65
73 63 71
73 63 72
73 63 73
73 63 127
73 63 128
73 63 129
73 63 135
73 63 136
73 63 137
73 63 191
73 63 192
73 63 193
73 64 0
73 64 1
73 64 7
73 64 8
73 64 9
73 64 63
73 64 64
73 64 65
73 64 71
73 64 72
73 64 73
73 64 127
73 64 128
73 64 129
73 64 135
73 64 136
73 64 137
73 64 191
73 64 192
73 64 193
73 65 0
73 65 1
73 65 7
73 65 8
73 65 9
73 65 63
73 65 64
73 65 65
73 65 71
73 65 72
73 65 73
73 65 127
73 65 128
73 65 129
73 65 135
73 65 136
73 65 137
73 65 191
73 65 192
73 65 193
73 71 0
73 71 1
73 71 7
73 71 8
73 71 9
73 71 63
73 71 64
73 71 65
73 71 71
73 71 72
73 71 73
73 71 127
73 71 128
73 71 129
73 71 135
73 71 136
73 71 137
73 71 191
73 71 192
73 71 193
73 72 0
73 72 1
73 72 7
73 72 8
73 72 9
73 72 63
73 72 64
73 72 65
73 72 71
73 72 72
73 72 73
73 72 127
73 72 128
73 72 129
73 72 135
73 72 136
73 72 137
73 72 191
73 72 192
73 72 193
73 73 0
73 73 1
73 73 7
73 73 8
73 73 9
73 73 63
73 73 64
73 73 65
73 73 71
73 73 72
73 73 73
73 73 127
73 73 128
73 73 129
73 73 135
73 73 136
73 73 137
73 73 191
73 73 192
73 73 193
73 127 0
73 127 1
73 127 7
73 127 8
73 127 9
73 127 63
73 127 64
73 127 65
73 127 71
73 127 72
73 127 73
73 127 127
73 127 128
73 127 129
73 127 135
73 127 136
73 127 137
73 127 191
73 127 192
73 127 193
73 128 0
73 128 1
73 128 7
73 128 8
73 128 9
73 128 63
73 128 64
73 128 65
73 128 71
73 128 72
73 128 73
73 128 127
73 128 128
73 128 129
73 128 135
73 128 136
73 128 137
73 128 191
73 128 192
73 128 193
73 129 0
73 129 1
73 129 7
73 129 8
73 129 9
73 129 63
73 129 64
73 129 65
73 129 71
73 129 72
73 129 73
73 129 127
73 129 128
73 129 129
73 129 135
73 129 136
73 129 137
73 129 191
73 129 192
73 129 193
73 135 0
73 135 1
73 135 7
73 135 8
73 135 9
73 135 63
73 135 64
73 135 65
73 135 71
73 135 72
73 135 73
73 135 127
73 135 128
73 135 129
73 135 135
73 135 136
73 135 137
73 135 191
73 135 192
73 135 193
73 136 0
73 136 1
73 136 7
73 136 8
73 136 9
73 136 63
73 136 64
73 136 65
73 136 71
73 136 72
73 136 73
73 136 127
73 136 128
73 136 129
73 136 135
73 136 136
73 136 137
73 136 191
73 136 192
73 136 193
73 137 0
73 137 1
73 137 7
73 137 8
73 137 9
73 137 63
73 137 64
73 137 65
73 137 71
73 137 72
73 137 73
73 137 127
73 137 128
73 137 129
73 137 135
73 137 136
73 137 137
73 137 191
73 137 192
73 137 193
73 191 0
73 191 1
73 191 7
73 191 8
73 191 9
73 191 63
73 191 64
73 191 65
73 191 71
73 191 72
73 191 73
73 191 127
73 191 128
73 191 129
73 191 135
73 191 136
73 191 137
73 191 191
73 191 192
73 191 193
73 192 0
73 192 1
73 192 7
73 192 8
73 192 9
73 192 63
73 192 64
73 192 65
73 192 71
73 192 72
73 192 73
73 192 127
73 192 128
73 192 129
73 192 135
73 192 136
73 192 137
73 192 191
73 192 192
73 192 193
73 193 0
73 193 1
73 193 7
73 193 8
73 193 9
73 193 63
73 193 64
73 193 65
73 193 71
73 193 72
73 193 73
73 193 127
73 193 128
73 193 129
73 193 135
73 193 136
73 193 137
73 193 191
73 193 192
73 193 193
127 0 0
127 0 1
127 0 7
127 0 8
127 0 9
127 0 63
127 0 64
127 0 65
127 0 71
127 0 72
127 0 73
127 0 127
127 0 128
127 0 129
127 0 135
127 0 136
127 0 137
127 0 191
127 0 192
127 0 193
127 1 0
127 1 1
127 1 7
127 1 8
127 1 9
127 1 63
127 1 64
127 1 65
127 1 71
127 1 72
127 1 73
127 1 127
127 1 128
127 1 129
127 1 135
127 1 136
127 1 137
127 1 191
127 1 192
127 1 193
127 7 0
127 7 1
127 7 7
127 7 8
127 7 9
127 7 63
127 7 64
127 7 65
127 7 71
127 7 72
127 7 73
127 7 127
127 7 128
127 7 129
127 7 135
127 7 136
127 7 137
127 7 191
127 7 192
127 7 193
127 8 0
127 8 1
127 8 7
127 8 8
127 8 9
127 8 63
127 8 64
127 8 65
127 8 71
127 8 72
127 8 73
127 8 127
127 8 128
127 8 129
127 8 135
127 8 136
127 8 137
127 8 191
127 8 192
127 8 193
127 9 0
127 9 1
127 9 7
127 9 8
127 9 9
127 9 63
127 9 64
127 9 65
127 9 71
127 9 72
127 9 73
127 9 127
127 9 128
127 9 129
127 9 135
127 9 136
127 9 137
127 9 191
127 9 192
127 9 193
127 63 0
127 63 1
127 63 7
127 63 8
127 63 9
127 63 63
127 63 64
127 63 65
127 63 71
127 63 72
127 63 73
127 63 127
127 63 128
127 63 129
127 63 135
127 63 136
127 63 137
127 63 191
127 63 192
127 63 193
127 64 0
127 64 1
127 64 7
127 64 8
127 64 9
127 64 63
127 64 64
127 64 65
127 64 71
127 64 72
127 64 73
127 64 127
127 64 128
127 64 129
127 64 135
127 64 136
127 64 137
127 64 191
127 64 192
127 64 193
127 65 0
127 65 1
127 65 7
127 65 8
127 65 9
127 65 63
127 65 64
127 65 65
127 65 71
127 65 72
127 65 73
127 65 127
127 65 128
127 65 129
127 65 135
127 65 136
127 65 137
127 65 191
127 65 192
127 65 193
127 71 0
127 71 1
127 71 7
127 71 8
127 71 9
127 71 63
127 71 64
127 71 65
127 71 71
127 71 72
127 71 73
127 71 127
127 71 128
127 71 129
127 71 135
127 71 136
127 71 137
127 71 191
127 71 192
127 71 193
127 72 0
127 72 1
127 72 7
127 72 8
127 72 9
127 72 63
127 72 64
127 72 65
127 72 71
127 72 72
127 72 73
127 72 127
127 72 128
127 72 129
127 72 135
127 72 136
127 72 137
127 72 191
127 72 192
127 72 193
127 73 0
127 73 1
127 73 7
127 73 8
127 73 9
127 73 63
127 73 64
127 73 65
127 73 71
127 73 72
127 73 73
127 73 127
127 73 128
127 73 129
127 73 135
127 73 136
127 73 137
127 73 191
127 73 192
127 73 193
127 127 0
127 127 1
127 127 7
127 127 8
127 127 9
127 127 63
127 127 64
127 127 65
127 127 71
127 127 72
127 127 73
127 127 127
127 127 128
127 127 129
127 127 135
127 127 136
127 127 137
127 127 191
127 127 192
127 127 193
127 128 0
127 128 1
127 128 7
127 128 8
127 128 9
127 128 63
127 128 64
127 128 65
127 128 71
127 128 72
127 128 73
127 128 127
127 128 128
127 128 129
127 128 135
127 128 136
127 128 137
127 128 191
127 128 192
127 128 193
127 129 0
127 129 1
127 129 7
127 129 8
127 129 9
127 129 63
127 129 64
127 129 65
127 129 71
127 129 72
127 129 73
127 129 127
127 129 128
127 129 129
127 129 135
127 129 136
127 129 137
127 129 191
127 129 192
127 129 193
127 135 0
127 135 1
127 135 7
127 135 8
127 135 9
127 135 63
127 135 64
127 135 65
127 135 71
127 135 72
127 135 73
127 135 127
127 135 128
127 135 129
127 135 135
127 135 136
127 135 137
127 135 191
127 135 192
127 135 193
127 136 0
127 136 1
127 136 7
127 136 8
127 136 9
127 136 63
127 136 64
127 136 65
127 136 71
127 136 72
127 136 73
127 136 127
127 136 128
127 136 129
127 136 135
127 136 136
127 136 137
127 136 191
127 136 192
127 136 193
127 137 0
127 137 1
127 137 7
127 137 8
127 137 9
127 137 63
127 137 64
127 137 65
127 137 71
127 137 72
127 137 73
127 137 127
127 137 128
127 137 129
127 137 135
127 137 136
127 137 137
127 137 191
127 137 192
127 137 193
127 191 0
127 191 1
127 191 7
127 191 8
127 191 9
127 191 63
127 191 64
127 191 65
127 191 71
127 191 72
127 191 73
127 191 127
127 191 128
127 191 129
127 191 135
127 191 136
127 191 137
127 191 191
127 191 192
127 191 193
127 192 0
127 192 1
127 192 7
127 192 8
127 192 9
127 192 63
127 192 64
127 192 65
127 192 71
127 192 72
127 192 73
127 192 127
127 192 128
127 192 129
127 192 135
127 192 136
127 192 137
127 192 191
127 192 192
127 192 193
127 193 0
127 193 1
127 193 7
127 193 8
127 193 9
127 193 63
127 193 64
127 193 65
127 193 71
127 193 72
127 193 73
127 193 127
127 193 128
127 193 129
127 193 135
127 193 136
127 193 137
127 193 191
127 193 192
127 193 193
128 0 1
128 0 7
128 0 9
128 0 63
128 0 65
128 0 71
128 0 73
128 0 127
128 0 129
128 0 135
128 0 137
128 0 191
128 0 193
128 1 0
128 1 1
128 1 7
128 1 8
128 1 9
128 1 63
128 1 64
128 1 65
128 1 71
128 1 72
128 1 73
128 1 127
128 1 128
128 1 129
128 1 135
128 1 136
128 1 137
128 1 191
128 1 192
128 1 193
128 7 0
128 7 1
128 7 7
128 7 8
128 7 9
128 7 63
128 7 64
128 7 65
128 7 71
128 7 72
128 7 73
128 7 127
128 7 128
128 7 129
128 7 135
128 7 136
128 7 137
128 7 191
128 7 192
128 7 193
128 8 1
128 8 7
128 8 9
128 8 63
128 8 65
128 8 71
128 8 73
128 8 127
128 8 129
128 8 135
128 8 137
128 8 191
128 8 193
128 9 0
128 9 1
128 9 7
128 9 8
128 9 9
128 9 63
128 9 64
128 9 65
128 9 71
128 9 72
128 9 73
128 9 127
128 9 128
128 9 129
128 9 135
128 9 136
128 9 137
128 9 191
128 9 192
128 9 193
128 63 0
128 63 1
128 63 7
128 63 8
128 63 9
128 63 63
128 63 64
128 63 65
128 63 71
128 63 72
128 63 73
128 63 127
128 63 128
128 63 129
128 63 135
128 63 136
128 63 137
128 63 191
128 63 192
128 63 193
128 64 1
128 64 7
128 64 9
128 64 63
128 64 65
128 64 71
128 64 73
128 64 127
128 64 129
128 64 135
128 64 137
128 64 191
128 64 193
128 65 0
128 65 1
128 65 7
128 65 8
128 65 9
128 65 63
128 65 64
128 65 65
128 65 71
128 65 72
128 65 73
128 65 127
128 65 128
128 65 129
128 65 135
128 65 136
128 65 137
128 65 191
128 65 192
128 65 193
128 71 0
128 71 1
128 71 7
128 71 8
128 71 9
128 71 63
128 71 64
128 71 65
128 71 71
128 71 72
128 71 73
128 71 127
128 71 128
128 71 129
128 71 135
128 71 136
128 71 137
128 71 191
128 71 192
128 71 193
128 72 1
128 72 7
128 72 9
128 72 63
128 72 65
128 72 71
128 72 73
128 72 127
128 72 129
128 72 135
128 72 137
128 72 191
128 72 193
128 73 0
128 73 1
128 73 7
128 73 8
128 73 9
128 73 63
128 73 64
128 73 65
128 73 71
128 73 72
128 73 73
128 73 127
128 73 128
128 73 129
128 73 135
128 73 136
128 73 137
128 73 191
128 73 192
128 73 193
128 127 0
128 127 1
128 127 7
128 127 8
128 127 9
128 127 63
128 127 64
128 127 65
128 127 71
128 127 72
128 127 73
128 127 127
128 127 128
128 127 129
128 127 135
128 127 136
128 127 137
128 127 191
128 127 192
128 127 193
128 128 1
128 128 7
128 128 9
128 128 63
128 128 65
128 128 71
128 128 73
128 128 127
128 128 129
128 128 135
128 128 137
128 128 191
128 128 193
128 129 0
128 129 1
128 129 7
128 129 8
128 129 9
128 129 63
128 129 64
128 129 65
128 129 71
128 129 72
128 129 73
128 129 127
128 129 128
128 129 129
128 129 135
128 129 136
128 129 137
128 129 191
128 129 192
128 129 193
128 135 0
128 135 1
128 135 7
128 135 8
128 135 9
128 135 63
128 135 64
128 135 65
128 135 71
128 135 72
128 135 73
128 135 127
128 135 128
128 135 129
128 135 135
128 135 136
128 135 137
128 135 191
128 135 192
128 135 193
128 136 1
128 136 7
128 136 9
128 136 63
128 136 65
128 136 71
128 136 73
128 136 127
128 136 129
128 136 135
128 136 137
128 136 191
128 136 193
128 137 0
128 137 1
128 137 7
128 137 8
128 137 9
128 137 63
128 137 64
128 137 65
128 137 71
128 137 72
128 137 73
128 137 127
128 137 128
128 137 129
128 137 135
128 137 136
128 137 137
128 137 191
128 137 192
128 137 193
128 191 0
128 191 1
128 191 7
128 191 8
128 191 9
128 191 63
128 191 64
128 191 65
128 191 71
128 191 72
128 191 73
128 191 127
128 191 128
128 191 129
128 191 135
128 191 136
128 191 137
128 191 191
128 191 192
128 191 193
128 192 1
128 192 7
128 192 9
128 192 63
128 192 65
128 192 71
128 192 73
128 192 127
128 192 129
128 192 135
128 192 137
128 192 191
128 192 193
128 193 0
128 193 1
128 193 7
128 193 8
128 193 9
128 193 63
128 193 64
128 193 65
128 193 71
128 193 72
128 193 73
128 193 127
128 193 128
128 193 129
128 193 135
128 193 136
128 193 137
128 193 191
128 193 192
128 193 193
129 0 0
129 0 1
129 0 7
129 0 8
129 0 9
129 0 63
129 0 64
129 0 65
129 0 71
129 0 72
129 0 73
129 0 127
129 0 128
129 0 129
129 0 135
129 0 136
129 0 137
129 0 191
129 0 192
129 0 193
129 1 0
129 1 1
129 1 7
129 1 8
129 1 9
129 1 63
129 1 64
129 1 65
129 1 71
129 1 72
129 1 73
129 1 127
129 1 128
129 1 129
129 1 135
129 1 136
129 1 137
129 1 191
129 1 192
129 1 193
129 7 0
129 7 1
129 7 7
129 7 8
129 7 9
129 7 63
129 7 64
129 7 65
129 7 71
129 7 72
129 7 73
129 7 127
129 7 128
129 7 129
129 7 135
129 7 136
129 7 137
129 7 191
129 7 192
129 7 193
129 8 0
129 8 1
129 8 7
129 8 8
129 8 9
129 8 63
129 8 64
129 8 65
129 8 71
129 8 72
129 8 73
129 8 127
129 8 128
129 8 129
129 8 135
129 8 136
129 8 137
129 8 191
129 8 192
129 8 193
129 9 0
129 9 1
129 9 7
129 9 8
129 9 9
129 9 63
129 9 64
129 9 65
129 9 71
129 9 72
129 9 73
129 9 127
129 9 128
129 9 129
129 9 135
129 9 136
129 9 137
129 9 191
129 9 192
129 9 193
129 63 0
129 63 1
129 63 7
129 63 8
129 63 9
129 63 63
129 63 64
129 63 65
129 63 71
129 63 72
129 63 73
129 63 127
129 63 128
129 63 129
129 63 135
129 63 136
129 63 137
129 63 191
129 63 192
129 63 193
129 64 0
129 64 1
129 64 7
129 64 8
129 64 9
129 64 63
129 64 64
129 64 65
129 64 71
129 64 72
129 64 73
129 64 127
129 64 128
129 64 129
129 64 135
129 64 136
129 64 137
129 64 191
129 64 192
129 64 193
129 65 0
129 65 1
129 65 7
129 65 8
129 65 9
129 65 63
129 65 64
129 65 65
129 65 71
129 65 72
129 65 73
129 65 127
129 65 128
129 65 129
129 65 135
129 65 136
129 65 137
129 65 191
129 65 192
129 65 193
129 71 0
129 71 1
129 71 7
129 71 8
129 71 9
129 71 63
129 71 64
129 71 65
129 71 71
129 71 72
129 71 73
129 71 127
129 71 128
129 71 129
129 71 135
129 71 136
129 71 137
129 71 191
129 71 192
129 71 193
129 72 0
129 72 1
129 72 7
129 72 8
129 72 9
129 72 63
129 72 64
129 72 65
129 72 71
129 72 72
129 72 73
129 72 127
129 72 128
129 72 129
129 72 135
129 72 136
129 72 137
129 72 191
129 72 192
129 72 193
129 73 0
129 73 1
129 73 7
129 73 8
129 73 9
129 73 63
129 73 64
129 73 65
129 73 71
129 73 72
129 73 73
129 73 127
129 73 128
129 73 129
129 73 135
129 73 136
129 73 137
129 73 191
129 73 192
129 73 193
129 127 0
129 127 1
129 127 7
129 127 8
129 127 9
129 127 63
129 127 64
129 127 65
129 127 71
129 127 72
129 127 73
129 127 127
129 127 128
129 127 129
129 127 135
129 127 136
129 127 137
129 127 191
129 127 192
129 127 193
129 128 0
129 128 1
129 128 7
129 128 8
129 128 9
129 128 63
129 128 64
129 128 65
129 128 71
129 128 72
129 128 73
129 128 127
129 128 128
129 128 129
129 128 135
129 128 136
129 128 137
129 128 191
129 128 192
129 128 193
129 129 0
129 129 1
129 129 7
129 129 8
129 129 9
129 129 63
129 129 64
129 129 65
129 129 71
129 129 72
129 129 73
129 129 127
129 129 128
129 129 129
129 129 135
129 129 136
129 129 137
129 129 191
129 129 192
129 129 193
129 135 0
129 135 1
129 135 7
129 135 8
129 135 9
129 135 63
129 135 64
129 135 65
129 135 71
129 135 72
129 135 73
129 135 127
129 135 128
129 135 129
129 135 135
129 135 136
129 135 137
129 135 191
129 135 192
129 135 193
129 136 0
129 136 1
129 136 7
129 136 8
129 136 9
129 136 63
129 136 64
129 136 65
129 136 71
129 136 72
129 136 73
129 136 127
129 136 128
129 136 129
129 136 135
129 136 136
129 136 137
129 136 191
129 136 192
129 136 193
129 137 0
129 137 1
129 137 7
129 137 8
129 137 9
129 137 63
129 137 64
129 137 65
129 137 71
129 137 72
129 137 73
129 137 127
129 137 128
129 137 129
129 137 135
129 137 136
129 137 137
129 137 191
129 137 192
129 137 193
129 191 0
129 191 1
129 191 7
129 191 8
129 191 9
129 191 63
129 191 64
129 191 65
129 191 71
129 191 72
129 191 73
129 191 127
129 191 128
129 191 129
129 191 135
129 191 136
129 191 137
129 191 191
129 191 192
129 191 193
129 192 0
129 192 1
129 192 7
129 192 8
129 192 9
129 192 63
129 192 64
129 192 65
129 192 71
129 192 72
129 192 73
129 192 127
129 192 128
129 192 129
129 192 135
129 192 136
129 192 137
129 192 191
129 192 192
129 192 193
129 193 0
129 193 1
129 193 7
129 193 8
129 193 9
129 193 63
129 193 64
129 193 65
129 193 71
129 193 72
129 193 73
129 193 127
129 193 128
129 193 129
129 193 135
129 193 136
129 193 137
129 193 191
129 193 192
129 193 193
135 0 0
135 0 1
135 0 7
135 0 8
135 0 9
135 0 63
135 0 64
135 0 65
135 0 71
135 0 72
135 0 73
135 0 127
135 0 128
135 0 129
135 0 135
135 0 136
135 0 137
135 0 191
135 0 192
135 0 193
135 1 0
135 1 1
135 1 7
135 1 8
135 1 9
135 1 63
135 1 64
135 1 65
135 1 71
135 1 72
135 1 73
135 1 127
135 1 128
135 1 129
135 1 135
135 1 136
135 1 137
135 1 191
135 1 192
135 1 193
135 7 0
135 7 1
135 7 7
135 7 8
135 7 9
135 7 63
135 7 64
135 7 65
135 7 71
135 7 72
135 7 73
135 7 127
135 7 128
135 7 129
135 7 135
135 7 136
135 7 137
135 7 191
135 7 192
135 7 193
135 8 0
135 8 1
135 8 7
135 8 8
135 8 9
135 8 63
135 8 64
135 8 65
135 8 71
135 8 72
135 8 73
135 8 127
135 8 128
135 8 129
135 8 135
135 8 136
135 8 137
135 8 191
135 8 192
135 8 193
135 9 0
135 9 1
135 9 7
135 9 8
135 9 9
135 9 63
135 9 64
135 9 65
135 9 71
135 9 72
135 9 73
135 9 127
135 9 128
135 9 129
135 9 135
135 9 136
135 9 137
135 9 191
135 9 192
135 9 193
135 63 0
135 63 1
135 63 7
135 63 8
135 63 9
135 63 63
135 63 64
135 63 65
135 63 71
135 63 72
135 63 73
135 63 127
135 63 128
135 63 129
135 63 135
135 63 136
135 63 137
135 63 191
135 63 192
135 63 193
135 64 0
135 64 1
135 64 7
135 64 8
135 64 9
135 64 63
135 64 64
135 64 65
135 64 71
135 64 72
135 64 73
135 64 127
135 64 128
135 64 129
135 64 135
135 64 136
135 64 137
135 64 191
135 64 192
135 64 193
135 65 0
135 65 1
135 65 7
135 65 8
135 65 9
135 65 63
135 65 64
135 65 65
135 65 71
135 65 72
135 65 73
135 65 127
135 65 128
135 65 129
135 65 135
135 65 136
135 65 137
135 65 191
135 65 192
135 65 193
135 71 0
135 71 1
135 71 7
135 71 8
135 71 9
135 71 63
135 71 64
135 71 65
135 71 71
135 71 72
135 71 73
135 71 127
135 71 128
135 71 129
135 71 135
135 71 136
135 71 137
135 71 191
135 71 192
135 71 193
135 72 0
135 72 1
135 72 7
135 72 8
135 72 9
135 72 63
135 72 64
135 72 65
135 72 71
135 72 72
135 72 73
135 72 127
135 72 128
135 72 129
135 72 135
135 72 136
135 72 137
135 72 191
135 72 192
135 72 193
135 73 0
135 73 1
135 73 7
135 73 8
135 73 9
135 73 63
135 73 64
135 73 65
135 73 71
135 73 72
135 73 73
135 73 127
135 73 128
135 73 129
135 73 135
135 73 136
135 73 137
135 73 191
135 73 192
135 73 193
135 127 0
135 127 1
135 127 7
135 127 8
135 127 9
135 127 63
135 127 64
135 127 65
135 127 71
135 127 72
135 127 73
135 127 127
135 127 128
135 127 129
135 127 135
135 127 136
135 127 137
135 127 191
135 127 192
135 127 193
135 128 0
135 128 1
135 128 7
135 128 8
135 128 9
135 128 63
135 128 64
135 128 65
135 128 71
135 128 72
135 128 73
135 128 127
135 128 128
135 128 129
135 128 135
135 128 136
135 128 137
135 128 191
135 128 192
135 128 193
135 129 0
135 129 1
135 129 7
135 129 8
135 129 9
135 129 63
135 129 64
135 129 65
135 129 71
135 129 72
135 129 73
135 129 127
135 129 128
135 129 129
135 129 135
135 129 136
135 129 137
135 129 191
135 129 192
135 129 193
135 135 0
135 135 1
135 135 7
135 135 8
135 135 9
135 135 63
135 135 64
135 135 65
135 135 71
135 135 72
135 135 73
135 135 127
135 135 128
135 135 129
135 135 135
135 135 136
135 135 137
135 135 191
135 135 192
135 135 193
135 136 0
135 136 1
135 136 7
135 136 8
135 136 9
135 136 63
135 136 64
135 136 65
135 136 71
135 136 72
135 136 73
135 136 127
135 136 128
135 136 129
135 136 135
135 136 136
135 136 137
135 136 191
135 136 192
135 136 193
135 137 0
135 137 1
135 137 7
135 137 8
135 137 9
135 137 63
135 137 64
135 137 65
135 137 71
135 137 72
135 137 73
135 137 127
135 137 128
135 137 129
135 137 135
135 137 136
135 137 137
135 137 191
135 137 192
135 137 193
135 191 0
135 191 1
135 191 7
135 191 8
135 191 9
135 191 63
135 191 64
135 191 65
135 191 71
135 191 72
135 191 73
135 191 127
135 191 128
135 191 129
135 191 135
135 191 136
135 191 137
135 191 191
135 191 192
135 191 193
135 192 0
135 192 1
135 192 7
135 192 8
135 192 9
135 192 63
135 192 64
135 192 65
135 192 71
135 192 72
135 192 73
135 192 127
135 192 128
135 192 129
135 192 135
135 192 136
135 192 137
135 192 191
135 192 192
135 192 193
135 193 0
135 193 1
135 193 7
135 193 8
135 193 9
135 193 63
135 193 64
135 193 65
135 193 71
135 193 72
135 193 73
135 193 127
135 193 128
135 193 129
135 193 135
135 193 136
135 193 137
135 193 191
135 193 192
135 193 193
136 0 1
136 0 7
136 0 9
136 0 63
136 0 65
136 0 71
136 0 73
136 0 127
136 0 129
136 0 135
136 0 137
136 0 191
136 0 193
136 1 0
136 1 1
136 1 7
136 1 8
136 1 9
136 1 63
136 1 64
136 1 65
136 1 71
136 1 72
136 1 73
136 1 127
136 1 128
136 1 129
136 1 135
136 1 136
136 1 137
136 1 191
136 1 192
136 1 193
136 7 0
136 7 1
136 7 7
136 7 8
136 7 9
136 7 63
136 7 64
136 7 65
136 7 71
136 7 72
136 7 73
136 7 127
136 7 128
136 7 129
136 7 135
136 7 136
136 7 137
136 7 191
136 7 192
136 7 193
136 8 1
136 8 7
136 8 9
136 8 63
136 8 65
136 8 71
136 8 73
136 8 127
136 8 129
136 8 135
136 8 137
136 8 191
136 8 193
136 9 0
136 9 1
136 9 7
136 9 8
136 9 9
136 9 63
136 9 64
136 9 65
136 9 71
136 9 72
136 9 73
136 9 127
136 9 128
136 9 129
136 9 135
136 9 136
136 9 137
136 9 191
136 9 192
136 9 193
136 63 0
136 63 1
136 63 7
136 63 8
136 63 9
136 63 63
136 63 64
136 63 65
136 63 71
136 63 72
136 63 73
136 63 127
136 63 128
136 63 129
136 63 135
136 63 136
136 63 137
136 63 191
136 63 192
136 63 193
136 64 1
136 64 7
136 64 9
136 64 63
136 64 65
136 64 71
136 64 73
136 64 127
136 64 129
136 64 135
136 64 137
136 64 191
136 64 193
136 65 0
136 65 1
136 65 7
136 65 8
136 65 9
136 65 63
136 65 64
136 65 65
136 65 71
136 65 72
136 65 73
136 65 127
136 65 128
136 65 129
136 65 135
136 65 136
136 65 137
136 65 191
136 65 192
136 65 193
136 71 0
136 71 1
136 71 7
136 71 8
136 71 9
136 71 63
136 71 64
136 71 65
136 71 71
136 71 72
136 71 73
136 71 127
136 71 128
136 71 129
136 71 135
136 71 136
136 71 137
136 71 191
136 71 192
136 71 193
136 72 1
136 72 7
136 72 9
136 72 63
136 72 65
136 72 71
136 72 73
136 72 127
136 72 129
136 72 135
136 72 137
136 72 191
136 72 193
136 73 0
136 73 1
136 73 7
136 73 8
136 73 9
136 73 63
136 73 64
136 73 65
136 73 71
136 73 72
136 73 73
136 73 127
136 73 128
136 73 129
136 73 135
136 73 136
136 73 137
136 73 191
136 73 192
136 73 193
136 127 0
136 127 1
136 127 7
136 127 8
136 127 9
136 127 63
136 127 64
136 127 65
136 127 71
136 127 72
136 127 73
136 127 127
136 127 128
136 127 129
136 127 135
136 127 136
136 127 137
136 127 191
136 127 192
136 127 193
136 128 1
136 128 7
136 128 9
136 128 63
136 128 65
136 128 71
136 128 73
136 128 127
136 128 129
136 128 135
136 128 137
136 128 191
136 128 193
136 129 0
136 129 1
136 129 7
136 129 8
136 129 9
136 129 63
136 129 64
136 129 65
136 129 71
136 129 72
136 129 73
136 129 127
136 129 128
136 129 129
136 129 135
136 129 136
136 129 137
136 129 191
136 129 192
136 129 193
136 135 0
136 135 1
136 135 7
136 135 8
136 135 9
136 135 63
136 135 64
136 135 65
136 135 71
136 135 72
136 135 73
136 135 127
136 135 128
136 135 129
136 135 135
136 135 136
136 135 137
136 135 191
136 135 192
136 135 193
136 136 1
136 136 7
136 136 9
136 136 63
136 136 65
136 136 71
136 136 73
136 136 127
136 136 129
136 136 135
136 136 137
136 136 191
136 136 193
136 137 0
136 137 1
136 137 7
136 137 8
136 137 9
136 137 63
136 137 64
136 137 65
136 137 71
136 137 72
136 137 73
136 137 127
136 137 128
136 137 129
136 137 135
136 137 136
136 137 137
136 137 191
136 137 192
136 137 193
136 191 0
136 191 1
136 191 7
136 191 8
136 191 9
136 191 63
136 191 64
136 191 65
136 191 71
136 191 72
136 191 73
136 191 127
136 191 128
136 191 129
136 191 135
136 191 136
136 191 137
136 191 191
136 191 192
136 191 193
136 192 1
136 192 7
136 192 9
136 192 63
136 192 65
136 192 71
136 192 73
136 192 127
136 192 129
136 192 135
136 192 137
136 192 191
136 192 193
136 193 0
136 193 1
136 193 7
136 193 8
136 193 9
136 193 63
136 193 64
136 193 65
136 193 71
136 193 72
136 193 73
136 193 127
136 193 128
136 193 129
136 193 135
136 193 136
136 193 137
136 193 191
136 193 192
136 193 193
137 0 0
137 0 1
137 0 7
137 0 8
137 0 9
137 0 63
137 0 64
137 0 65
137 0 71
137 0 72
137 0 73
137 0 127
137 0 128
137 0 129
137 0 135
137 0 136
137 0 137
137 0 191
137 0 192
137 0 193
137 1 0
137 1 1
137 1 7
137 1 8
137 1 9
137 1 63
137 1 64
137 1 65
137 1 71
137 1 72
137 1 73
137 1 127
137 1 128
137 1 129
137 1 135
137 1 136
137 1 137
137 1 191
137 1 192
137 1 193
137 7 0
137 7 1
137 7 7
137 7 8
137 7 9
137 7 63
137 7 64
137 7 65
137 7 71
137 7 72
137 7 73
137 7 127
137 7 128
137 7 129
137 7 135
137 7 136
137 7 137
137 7 191
137 7 192
137 7 193
137 8 0
137 8 1
137 8 7
137 8 8
137 8 9
137 8 63
137 8 64
137 8 65
137 8 71
137 8 72
137 8 73
137 8 127
137 8 128
137 8 129
137 8 135
137 8 136
137 8 137
137 8 191
137 8 192
137 8 193
137 9 0
137 9 1
137 9 7
137 9 8
137 9 9
137 9 63
137 9 64
137 9 65
137 9 71
137 9 72
137 9 73
137 9 127
137 9 128
137 9 129
137 9 135
137 9 136
137 9 137
137 9 191
137 9 192
137 9 193
137 63 0
137 63 1
137 63 7
137 63 8
137 63 9
137 63 63
137 63 64
137 63 65
137 63 71
137 63 72
137 63 73
137 63 127
137 63 128
137 63 129
137 63 135
137 63 136
137 63 137
137 63 191
137 63 192
137 63 193
137 64 0
137 64 1
137 64 7
137 64 8
137 64 9
137 64 63
137 64 64
137 64 65
137 64 71
137 64 72
137 64 73
137 64 127
137 64 128
137 64 129
137 64 135
137 64 136
137 64 137
137 64 191
137 64 192
137 64 193
137 65 0
137 65 1
137 65 7
137 65 8
137 65 9
137 65 63
137 65 64
137 65 65
137 65 71
137 65 72
137 65 73
137 65 127
137 65 128
137 65 129
137 65 135
137 65 136
137 65 137
137 65 191
137 65 192
137 65 193
137 71 0
137 71 1
137 71 7
137 71 8
137 71 9
137 71 63
137 71 64
137 71 65
137 71 71
137 71 72
137 71 73
137 71 127
137 71 128
137 71 129
137 71 135
137 71 136
137 71 137
137 71 191
137 71 192
137 71 193
137 72 0
137 72 1
137 72 7
137 72 8
137 72 9
137 72 63
137 72 64
137 72 65
137 72 71
137 72 72
137 72 73
137 72 127
137 72 128
137 72 129
137 72 135
137 72 136
137 72 137
137 72 191
137 72 192
137 72 193
137 73 0
137 73 1
137 73 7
137 73 8
137 73 9
137 73 63
137 73 64
137 73 65
137 73 71
137 73 72
137 73 73
137 73 127
137 73 128
137 73 129
137 73 135
137 73 136
137 73 137
137 73 191
137 73 192
137 73 193
137 127 0
137 127 1
137 127 7
137 127 8
137 127 9
137 127 63
137 127 64
137 127 65
137 127 71
137 127 72
137 127 73
137 127 127
137 127 128
137 127 129
137 127 135
137 127 136
137 127 137
137 127 191
137 127 192
137 127 193
137 128 0
137 128 1
137 128 7
137 128 8
137 128 9
137 128 63
137 128 64
137 128 65
137 128 71
137 128 72
137 128 73
137 128 127
137 128 128
137 128 129
137 128 135
137 128 136
137 128 137
137 128 191
137 128 192
137 128 193
137 129 0
137 129 1
137 129 7
137 129 8
137 129 9
137 129 63
137 129 64
137 129 65
137 129 71
137 129 72
137 129 73
137 129 127
137 129 128
137 129 129
137 129 135
137 129 136
137 129 137
137 129 191
137 129 192
137 129 193
137 135 0
137 135 1
137 135 7
137 135 8
137 135 9
137 135 63
137 135 64
137 135 65
137 135 71
137 135 72
137 135 73
137 135 127
137 135 128
137 135 129
137 135 135
137 135 136
137 135 137
137 135 191
137 135 192
137 135 193
137 136 0
137 136 1
137 136 7
137 136 8
137 136 9
137 136 63
137 136 64
137 136 65
137 136 71
137 136 72
137 136 73
137 136 127
137 136 128
137 136 129
137 136 135
137 136 136
137 136 137
137 136 191
137 136 192
137 136 193
137 137 0
137 137 1
137 137 7
137 137 8
137 137 9
137 137 63
137 137 64
137 137 65
137 137 71
137 137 72
137 137 73
137 137 127
137 137 128
137 137 129
137 137 135
137 137 136
137 137 137
137 137 191
137 137 192
137 137 193
137 191 0
137 191 1
137 191 7
137 191 8
137 191 9
137 191 63
137 191 64
137 191 65
137 191 71
137 191 72
137 191 73
137 191 127
137 191 128
137 191 129
137 191 135
137 191 136
137 191 137
137 191 191
137 191 192
137 191 193
137 192 0
137 192 1
137 192 7
137 192 8
137 192 9
137 192 63
137 192 64
137 192 65
137 192 71
137 192 72
137 192 73
137 192 127
137 192 128
137 192 129
137 192 135
137 192 136
137 192 137
137 192 191
137 192 192
137 192 193
137 193 0
137 193 1
137 193 7
137 193 8
137 193 9
137 193 63
137 193 64
137 193 65
137 193 71
137 193 72
137 193 73
137 193 127
137 193 128
137 193 129
137 193 135
137 193 136
137 193 137
137 193 191
137 193 192
137 193 193
191 0 0
191 0 1
191 0 7
191 0 8
191 0 9
191 0 63
191 0 64
191 0 65
191 0 71
191 0 72
191 0 73
191 0 127
191 0 128
191 0 129
191 0 135
191 0 136
191 0 137
191 0 191
191 0 192
191 0 193
191 1 0
191 1 1
191 1 7
191 1 8
191 1 9
191 1 63
191 1 64
191 1 65
191 1 71
191 1 72
191 1 73
191 1 127
191 1 128
191 1 129
191 1 135
191 1 136
191 1 137
191 1 191
191 1 192
191 1 193
191 7 0
191 7 1
191 7 7
191 7 8
191 7 9
191 7 63
191 7 64
191 7 65
191 7 71
191 7 72
191 7 73
191 7 127
191 7 128
191 7 129
191 7 135
191 7 136
191 7 137
191 7 191
191 7 192
191 7 193
191 8 0
191 8 1
191 8 7
191 8 8
191 8 9
191 8 63
191 8 64
191 8 65
191 8 71
191 8 72
191 8 73
191 8 127
191 8 128
191 8 129
191 8 135
191 8 136
191 8 137
191 8 191
191 8 192
191 8 193
191 9 0
191 9 1
191 9 7
191 9 8
191 9 9
191 9 63
191 9 64
191 9 65
191 9 71
191 9 72
191 9 73
191 9 127
191 9 128
191 9 129
191 9 135
191 9 136
191 9 137
191 9 191
191 9 192
191 9 193
191 63 0
191 63 1
191 63 7
191 63 8
191 63 9
191 63 63
191 63 64
191 63 65
191 63 71
191 63 72
191 63 73
191 63 127
191 63 128
191 63 129
191 63 135
191 63 136
191 63 137
191 63 191
191 63 192
191 63 193
191 64 0
191 64 1
191 64 7
191 64 8
191 64 9
191 64 63
191 64 64
191 64 65
191 64 71
191 64 72
191 64 73
191 64 127
191 64 128
191 64 129
191 64 135
191 64 136
191 64 137
191 64 191
191 64 192
191 64 193
191 65 0
191 65 1
191 65 7
191 65 8
191 65 9
191 65 63
191 65 64
191 65 65
191 65 71
191 65 72
191 65 73
191 65 127
191 65 128
191 65 129
191 65 135
191 65 136
191 65 137
191 65 191
191 65 192
191 65 193
191 71 0
191 71 1
191 71 7
191 71 8
191 71 9
191 71 63
191 71 64
191 71 65
191 71 71
191 71 72
191 71 73
191 71 127
191 71 128
191 71 129
191 71 135
191 71 136
191 71 137
191 71 191
191 71 192
191 71 193
191 72 0
191 72 1
191 72 7
191 72 8
191 72 9
191 72 63
191 72 64
191 72 65
191 72 71
191 72 72
191 72 73
191 72 127
191 72 128
191 72 129
191 72 135
191 72 136
191 72 137
191 72 191
191 72 192
191 72 193
191 73 0
191 73 1
191 73 7
191 73 8
191 73 9
191 73 63
191 73 64
191 73 65
191 73 71
191 73 72
191 73 73
191 73 127
191 73 128
191 73 129
191 73 135
191 73 136
191 73 137
191 73 191
191 73 192
191 73 193
191 127 0
191 127 1
191 127 7
191 127 8
191 127 9
191 127 63
191 127 64
191 127 65
191 127 71
191 127 72
191 127 73
191 127 127
191 127 128
191 127 129
191 127 135
191 127 136
191 127 137
191 127 191
191 127 192
191 127 193
191 128 0
191 128 1
191 128 7
191 128 8
191 128 9
191 128 63
191 128 64
191 128 65
191 128 71
191 128 72
191 128 73
191 128 127
191 128 128
191 128 129
191 128 135
191 128 136
191 128 137
191 128 191
191 128 192
191 128 193
191 129 0
191 129 1
191 129 7
191 129 8
191 129 9
191 129 63
191 129 64
191 129 65
191 129 71
191 129 72
191 129 73
191 129 127
191 129 128
191 129 129
191 129 135
191 129 136
191 129 137
191 129 191
191 129 192
191 129 193
191 135 0
191 135 1
191 135 7
191 135 8
191 135 9
191 135 63
191 135 64
191 135 65
191 135 71
191 135 72
191 135 73
191 135 127
191 135 128
191 135 129
191 135 135
191 135 136
191 135 137
191 135 191
191 135 192
191 135 193
191 136 0
191 136 1
191 136 7
191 136 8
191 136 9
191 136 63
191 136 64
191 136 65
191 136 71
191 136 72
191 136 73
191 136 127
191 136 128
191 136 129
191 136 135
191 136 136
191 136 137
191 136 191
191 136 192
191 136 193
191 137 0
191 137 1
191 137 7
191 137 8
191 137 9
191 137 63
191 137 64
191 137 65
191 137 71
191 137 72
191 137 73
191 137 127
191 137 128
191 137 129
191 137 135
191 137 136
191 137 137
191 137 191
191 137 192
191 137 193
191 191 0
191 191 1
191 191 7
191 191 8
191 191 9
191 191 63
191 191 64
191 191 65
191 191 71
191 191 72
191 191 73
191 191 127
191 191 128
191 191 129
191 191 135
191 191 136
191 191 137
191 191 191
191 191 192
191 191 193
191 192 0
191 192 1
191 192 7
191 192 8
191 192 9
191 192 63
191 192 64
191 192 65
191 192 71
191 192 72
191 192 73
191 192 127
191 192 128
191 192 129
191 192 135
191 192 136
191 192 137
191 192 191
191 192 192
191 192 193
191 193 0
191 193 1
191 193 7
191 193 8
191 193 9
191 193 63
191 193 64
191 193 65
191 193 71
191 193 72
191 193 73
191 193 127
191 193 128
191 193 129
191 193 135
191 193 136
191 193 137
191 193 191
191 193 192
191 193 193
192 0 1
192 0 7
192 0 9
192 0 63
192 0 65
192 0 71
192 0 73
192 0 127
192 0 129
192 0 135
192 0 137
192 0 191
192 0 193
192 1 0
192 1 1
192 1 7
192 1 8
192 1 9
192 1 63
192 1 64
192 1 65
192 1 71
192 1 72
192 1 73
192 1 127
192 1 128
192 1 129
192 1 135
192 1 136
192 1 137
192 1 191
192 1 192
192 1 193
192 7 0
192 7 1
192 7 7
192 7 8
192 7 9
192 7 63
192 7 64
192 7 65
192 7 71
192 7 72
192 7 73
192 7 127
192 7 128
192 7 129
192 7 135
192 7 136
192 7 137
192 7 191
192 7 192
192 7 193
192 8 1
192 8 7
192 8 9
192 8 63
192 8 65
192 8 71
192 8 73
192 8 127
192 8 129
192 8 135
192 8 137
192 8 191
192 8 193
192 9 0
192 9 1
192 9 7
192 9 8
192 9 9
192 9 63
192 9 64
192 9 65
192 9 71
192 9 72
192 9 73
192 9 127
192 9 128
192 9 129
192 9 135
192 9 136
192 9 137
192 9 191
192 9 192
192 9 193
192 63 0
192 63 1
192 63 7
192 63 8
192 63 9
192 63 63
192 63 64
192 63 65
192 63 71
192 63 72
192 63 73
192 63 127
192 63 128
192 63 129
192 63 135
192 63 136
192 63 137
192 63 191
192 63 192
192 63 193
192 64 1
192 64 7
192 64 9
192 64 63
192 64 65
192 64 71
192 64 73
192 64 127
192 64 129
192 64 135
192 64 137
192 64 191
192 64 193
192 65 0
192 65 1
192 65 7
192 65 8
192 65 9
192 65 63
192 65 64
192 65 65
192 65 71
192 65 72
192 65 73
192 65 127
192 65 128
192 65 129
192 65 135
192 65 136
192 65 137
192 65 191
192 65 192
192 65 193
192 71 0
192 71 1
192 71 7
192 71 8
192 71 9
192 71 63
192 71 64
192 71 65
192 71 71
192 71 72
192 71 73
192 71 127
192 71 128
192 71 129
192 71 135
192 71 136
192 71 137
192 71 191
192 71 192
192 71 193
192 72 1
192 72 7
192 72 9
192 72 63
192 72 65
192 72 71
192 72 73
192 72 127
192 72 129
192 72 135
192 72 137
192 72 191
192 72 193
192 73 0
192 73 1
192 73 7
192 73 8
192 73 9
192 73 63
192 73 64
192 73 65
192 73 71
192 73 72
192 73 73
192 73 127
192 73 128
192 73 129
192 73 135
192 73 136
192 73 137
192 73 191
192 73 192
192 73 193
192 127 0
192 127 1
192 127 7
192 127 8
192 127 9
192 127 63
192 127 64
192 127 65
192 127 71
192 127 72
192 127 73
192 127 127
192 127 128
192 127 129
192 127 135
192 127 136
192 127 137
192 127 191
192 127 192
192 127 193
192 128 1
192 128 7
192 128 9
192 128 63
192 128 65
192 128 71
192 128 73
192 128 127
192 128 129
192 128 135
192 128 137
192 128 191
192 128 193
192 129 0
192 129 1
192 129 7
192 129 8
192 129 9
192 129 63
192 129 64
192 129 65
192 129 71
192 129 72
192 129 73
192 129 127
192 129 128
192 129 129
192 129 135
192 129 136
192 129 137
192 129 191
192 129 192
192 129 193
192 135 0
192 135 1
192 135 7
192 135 8
192 135 9
192 135 63
192 135 64
192 135 65
192 135 71
192 135 72
192 135 73
192 135 127
192 135 128
192 135 129
192 135 135
192 135 136
192 135 137
192 135 191
192 135 192
192 135 193
192 136 1
192 136 7
192 136 9
192 136 63
192 136 65
192 136 71
192 136 73
192 136 127
192 136 129
192 136 135
192 136 137
192 136 191
192 136 193
192 137 0
192 137 1
192 137 7
192 137 8
192 137 9
192 137 63
192 137 64
192 137 65
192 137 71
192 137 72
192 137 73
192 137 127
192 137 128
192 137 129
192 137 135
192 137 136
192 137 137
192 137 191
192 137 192
192 137 193
192 191 0
192 191 1
192 191 7
192 191 8
192 191 9
192 191 63
192 191 64
192 191 65
192 191 71
192 191 72
192 191 73
192 191 127
192 191 128
192 191 129
192 191 135
192 191 136
192 191 137
192 191 191
192 191 192
192 191 193
192 192 1
192 192 7
192 192 9
192 192 63
192 192 65
192 192 71
192 192 73
192 192 127
192 192 129
192 192 135
192 192 137
192 192 191
192 192 193
192 193 0
192 193 1
192 193 7
192 193 8
192 193 9
192 193 63
192 193 64
192 193 65
192 193 71
192 193 72
192 193 73
192 193 127
192 193 128
192 193 129
192 193 135
192 193 136
192 193 137
192 193 191
192 193 192
192 193 193
193 0 0
193 0 1
193 0 7
193 0 8
193 0 9
193 0 63
193 0 64
193 0 65
193 0 71
193 0 72
193 0 73
193 0 127
193 0 128
193 0 129
193 0 135
193 0 136
193 0 137
193 0 191
193 0 192
193 0 193
193 1 0
193 1 1
193 1 7
193 1 8
193 1 9
193 1 63
193 1 64
193 1 65
193 1 71
193 1 72
193 1 73
193 1 127
193 1 128
193 1 129
193 1 135
193 1 136
193 1 137
193 1 191
193 1 192
193 1 193
193 7 0
193 7 1
193 7 7
193 7 8
193 7 9
193 7 63
193 7 64
193 7 65
193 7 71
193 7 72
193 7 73
193 7 127
193 7 128
193 7 129
193 7 135
193 7 136
193 7 137
193 7 191
193 7 192
193 7 193
193 8 0
193 8 1
193 8 7
193 8 8
193 8 9
193 8 63
193 8 64
193 8 65
193 8 71
193 8 72
193 8 73
193 8 127
193 8 128
193 8 129
193 8 135
193 8 136
193 8 137
193 8 191
193 8 192
193 8 193
193 9 0
193 9 1
193 9 7
193 9 8
193 9 9
193 9 63
193 9 64
193 9 65
193 9 71
193 9 72
193 9 73
193 9 127
193 9 128
193 9 129
193 9 135
193 9 136
193 9 137
193 9 191
193 9 192
193 9 193
193 63 0
193 63 1
193 63 7
193 63 8
193 63 9
193 63 63
193 63 64
193 63 65
193 63 71
193 63 72
193 63 73
193 63 127
193 63 128
193 63 129
193 63 135
193 63 136
193 63 137
193 63 191
193 63 192
193 63 193
193 64 0
193 64 1
193 64 7
193 64 8
193 64 9
193 64 63
193 64 64
193 64 65
193 64 71
193 64 72
193 64 73
193 64 127
193 64 128
193 64 129
193 64 135
193 64 136
193 64 137
193 64 191
193 64 192
193 64 193
193 65 0
193 65 1
193 65 7
193 65 8
193 65 9
193 65 63
193 65 64
193 65 65
193 65 71
193 65 72
193 65 73
193 65 127
193 65 128
193 65 129
193 65 135
193 65 136
193 65 137
193 65 191
193 65 192
193 65 193
193 71 0
193 71 1
193 71 7
193 71 8
193 71 9
193 71 63
193 71 64
193 71 65
193 71 71
193 71 72
193 71 73
193 71 127
193 71 128
193 71 129
193 71 135
193 71 136
193 71 137
193 71 191
193 71 192
193 71 193
193 72 0
193 72 1
193 72 7
193 72 8
193 72 9
193 72 63
193 72 64
193 72 65
193 72 71
193 72 72
193 72 73
193 72 127
193 72 128
193 72 129
193 72 135
193 72 136
193 72 137
193 72 191
193 72 192
193 72 193
193 73 0
193 73 1
193 73 7
193 73 8
193 73 9
193 73 63
193 73 64
193 73 65
193 73 71
193 73 72
193 73 73
193 73 127
193 73 128
193 73 129
193 73 135
193 73 136
193 73 137
193 73 191
193 73 192
193 73 193
193 127 0
193 127 1
193 127 7
193 127 8
193 127 9
193 127 63
193 127 64
193 127 65
193 127 71
193 127 72
193 127 73
193 127 127
193 127 128
193 127 129
193 127 135
193 127 136
193 127 137
193 127 191
193 127 192
193 127 193
193 128 0
193 128 1
193 128 7
193 128 8
193 128 9
193 128 63
193 128 64
193 128 65
193 128 71
193 128 72
193 128 73
193 128 127
193 128 128
193 128 129
193 128 135
193 128 136
193 128 137
193 128 191
193 128 192
193 128 193
193 129 0
193 129 1
193 129 7
193 129 8
193 129 9
193 129 63
193 129 64
193 129 65
193 129 71
193 129 72
193 129 73
193 129 127
193 129 128
193 129 129
193 129 135
193 129 136
193 129 137
193 129 191
193 129 192
193 129 193
193 135 0
193 135 1
193 135 7
193 135 8
193 135 9
193 135 63
193 135 64
193 135 65
193 135 71
193 135 72
193 135 73
193 135 127
193 135 128
193 135 129
193 135 135
193 135 136
193 135 137
193 135 191
193 135 192
193 135 193
193 136 0
193 136 1
193 136 7
193 136 8
193 136 9
193 136 63
193 136 64
193 136 65
193 136 71
193 136 72
193 136 73
193 136 127
193 136 128
193 136 129
193 136 135
193 136 136
193 136 137
193 136 191
193 136 192
193 136 193
193 137 0
193 137 1
193 137 7
193 137 8
193 137 9
193 137 63
193 137 64
193 137 65
193 137 71
193 137 72
193 137 73
193 137 127
193 137 128
193 137 129
193 137 135
193 137 136
193 137 137
193 137 191
193 137 192
193 137 193
193 191 0
193 191 1
193 191 7
193 191 8
193 191 9
193 191 63
193 191 64
193 191 65
193 191 71
193 191 72
193 191 73
193 191 127
193 191 128
193 191 129
193 191 135
193 191 136
193 191 137
193 191 191
193 191 192
193 191 193
193 192 0
193 192 1
193 192 7
193 192 8
193 192 9
193 192 63
193 192 64
193 192 65
193 192 71
193 192 72
193 192 73
193 192 127
193 192 128
193 192 129
193 192 135
193 192 136
193 192 137
193 192 191
193 192 192
193 192 193
193 193 0
193 193 1
193 193 7
193 193 8
193 193 9
193 193 63
193 193 64
193 193 65
193 193 71
193 193 72
193 193 73
193 193 127
193 193 128
193 193 129
193 193 135
193 193 136
193 193 137
193 193 191
193 193 192
193 193 193
