200
18 18 18
18 18 22
18 18 26
18 18 30
18 18 166
18 18 170
18 18 174
18 18 178
18 22 18
18 22 22
18 22 26
18 22 30
18 22 166
18 22 170
18 22 174
18 22 178
18 26 18
18 26 22
18 26 26
18 26 30
18 26 166
18 26 170
18 26 174
18 26 178
18 30 18
18 30 22
18 30 26
18 30 30
18 30 166
18 30 170
18 30 174
18 30 178
18 166 18
18 166 22
18 166 26
18 166 30
18 166 166
18 166 170
18 166 174
18 166 178
18 170 18
18 170 22
18 170 26
18 170 30
18 170 166
18 170 170
18 170 174
18 170 178
18 174 18
18 174 22
18 174 26
18 174 30
18 174 166
18 174 170
18 174 174
18 174 178
18 178 18
18 178 22
18 178 26
18 178 30
18 178 166
18 178 170
18 178 174
18 178 178
22 18 18
22 18 22
22 18 26
22 18 30
22 18 166
22 18 170
22 18 174
22 18 178
22 22 18
22 22 22
22 22 26
22 22 30
22 22 166
22 22 170
22 22 174
22 22 178
22 26 18
22 26 22
22 26 26
22 26 30
22 26 166
22 26 170
22 26 174
22 26 178
22 30 18
22 30 22
22 30 26
22 30 30
22 30 166
22 30 170
22 30 174
22 30 178
22 166 18
22 166 22
22 166 26
22 166 30
22 166 166
22 166 170
22 166 174
22 166 178
22 170 18
22 170 22
22 170 26
22 170 30
22 170 166
22 170 170
22 170 174
22 170 178
22 174 18
22 174 22
22 174 26
22 174 30
22 174 166
22 174 170
22 174 174
22 174 178
22 178 18
22 178 22
22 178 26
22 178 30
22 178 166
22 178 170
22 178 174
22 178 178
26 18 18
26 18 22
26 18 26
26 18 30
26 18 166
26 18 170
26 18 174
26 18 178
26 22 18
26 22 22
26 22 26
26 22 30
26 22 166
26 22 170
26 22 174
26 22 178
26 26 18
26 26 22
26 26 26
26 26 30
26 26 166
26 26 170
26 26 174
26 26 178
26 30 18
26 30 22
26 30 26
26 30 30
26 30 166
26 30 170
26 30 174
26 30 178
26 166 18
26 166 22
26 166 26
26 166 30
26 166 166
26 166 170
26 166 174
26 166 178
26 170 18
26 170 22
26 170 26
26 170 30
26 170 166
26 170 170
26 170 174
26 170 178
26 174 18
26 174 22
26 174 26
26 174 30
26 174 166
26 174 170
26 174 174
26 174 178
26 178 18
26 178 22
26 178 26
26 178 30
26 178 166
26 178 170
26 178 174
26 178 178
30 18 18
30 18 22
30 18 26
30 18 30
30 18 166
30 18 170
30 18 174
30 18 178
30 22 18
30 22 22
30 22 26
30 22 30
30 22 166
30 22 170
30 22 174
30 22 178
30 26 18
30 26 22
30 26 26
30 26 30
30 26 166
30 26 170
30 26 174
30 26 178
30 30 18
30 30 22
30 30 26
30 30 30
30 30 166
30 30 170
30 30 174
30 30 178
30 166 18
30 166 22
30 166 26
30 166 30
30 166 166
30 166 170
30 166 174
30 166 178
30 170 18
30 170 22
30 170 26
30 170 30
30 170 166
30 170 170
30 170 174
30 170 178
30 174 18
30 174 22
30 174 26
30 174 30
30 174 166
30 174 170
30 174 174
30 174 178
30 178 18
30 178 22
30 178 26
30 178 30
30 178 166
30 178 170
30 178 174
30 178 178
166 18 18
166 18 22
166 18 26
166 18 30
166 18 166
166 18 170
166 18 174
166 18 178
166 22 18
166 22 22
166 22 26
166 22 30
166 22 166
166 22 170
166 22 174
166 22 178
166 26 18
166 26 22
166 26 26
166 26 30
166 26 166
166 26 170
166 26 174
166 26 178
166 30 18
166 30 22
166 30 26
166 30 30
166 30 166
166 30 170
166 30 174
166 30 178
166 166 18
166 166 22
166 166 26
166 166 30
166 166 166
166 166 170
166 166 174
166 166 178
166 170 18
166 170 22
166 170 26
166 170 30
166 170 166
166 170 170
166 170 174
166 170 178
166 174 18
166 174 22
166 174 26
166 174 30
166 174 166
166 174 170
166 174 174
166 174 178
166 178 18
166 178 22
166 178 26
166 178 30
166 178 166
166 178 170
166 178 174
166 178 178
170 18 18
170 18 22
170 18 26
170 18 30
170 18 166
170 18 170
170 18 174
170 18 178
170 22 18
170 22 22
170 22 26
170 22 30
170 22 166
170 22 170
170 22 174
170 22 178
170 26 18
170 26 22
170 26 26
170 26 30
170 26 166
170 26 170
170 26 174
170 26 178
170 30 18
170 30 22
170 30 26
170 30 30
170 30 166
170 30 170
170 30 174
170 30 178
170 166 18
170 166 22
170 166 26
170 166 30
170 166 166
170 166 170
170 166 174
170 166 178
170 170 18
170 170 22
170 170 26
170 170 30
170 170 166
170 170 170
170 170 174
170 170 178
170 174 18
170 174 22
170 174 26
170 174 30
170 174 166
170 174 170
170 174 174
170 174 178
170 178 18
170 178 22
170 178 26
170 178 30
170 178 166
170 178 170
170 178 174
170 178 178
174 18 18
174 18 22
174 18 26
174 18 30
174 18 166
174 18 170
174 18 174
174 18 178
174 22 18
174 22 22
174 22 26
174 22 30
174 22 166
174 22 170
174 22 174
174 22 178
174 26 18
174 26 22
174 26 26
174 26 30
174 26 166
174 26 170
174 26 174
174 26 178
174 30 18
174 30 22
174 30 26
174 30 30
174 30 166
174 30 170
174 30 174
174 30 178
174 166 18
174 166 22
174 166 26
174 166 30
174 166 166
174 166 170
174 166 174
174 166 178
174 170 18
174 170 22
174 170 26
174 170 30
174 170 166
174 170 170
174 170 174
174 170 178
174 174 18
174 174 22
174 174 26
174 174 30
174 174 166
174 174 170
174 174 174
174 174 178
174 178 18
174 178 22
174 178 26
174 178 30
174 178 166
174 178 170
174 178 174
174 178 178
178 18 18
178 18 22
178 18 26
178 18 30
178 18 166
178 18 170
178 18 174
178 18 178
178 22 18
178 22 22
178 22 26
178 22 30
178 22 166
178 22 170
178 22 174
178 22 178
178 26 18
178 26 22
178 26 26
178 26 30
178 26 166
178 26 170
178 26 174
178 26 178
178 30 18
178 30 22
178 30 26
178 30 30
178 30 166
178 30 170
178 30 174
178 30 178
178 166 18
178 166 22
178 166 26
178 166 30
178 166 166
178 166 170
178 166 174
178 166 178
178 170 18
178 170 22
178 170 26
178 170 30
178 170 166
178 170 170
178 170 174
178 170 178
178 174 18
178 174 22
178 174 26
178 174 30
178 174 166
178 174 170
178 174 174
178 174 178
178 178 18
178 178 22
178 178 26
178 178 30
178 178 166
178 178 170
178 178 174
178 178 178
