200
2 2 2
2 2 6
2 2 10
2 2 50
2 2 54
2 2 58
2 2 62
2 2 134
2 2 138
2 2 142
2 2 146
2 2 190
2 2 194
2 6 2
2 6 6
2 6 10
2 6 50
2 6 54
2 6 58
2 6 62
2 6 134
2 6 138
2 6 142
2 6 146
2 6 190
2 6 194
2 10 2
2 10 6
2 10 10
2 10 50
2 10 54
2 10 58
2 10 62
2 10 134
2 10 138
2 10 142
2 10 146
2 10 190
2 10 194
2 50 2
2 50 6
2 50 10
2 50 50
2 50 54
2 50 58
2 50 62
2 50 134
2 50 138
2 50 142
2 50 146
2 50 190
2 50 194
2 54 2
2 54 6
2 54 10
2 54 50
2 54 54
2 54 58
2 54 62
2 54 134
2 54 138
2 54 142
2 54 146
2 54 190
2 54 194
2 58 2
2 58 6
2 58 10
2 58 50
2 58 54
2 58 58
2 58 62
2 58 134
2 58 138
2 58 142
2 58 146
2 58 190
2 58 194
2 62 2
2 62 6
2 62 10
2 62 50
2 62 54
2 62 58
2 62 62
2 62 134
2 62 138
2 62 142
2 62 146
2 62 190
2 62 194
2 134 2
2 134 6
2 134 10
2 134 50
2 134 54
2 134 58
2 134 62
2 134 134
2 134 138
2 134 142
2 134 146
2 134 190
2 134 194
2 138 2
2 138 6
2 138 10
2 138 50
2 138 54
2 138 58
2 138 62
2 138 134
2 138 138
2 138 142
2 138 146
2 138 190
2 138 194
2 142 2
2 142 6
2 142 10
2 142 50
2 142 54
2 142 58
2 142 62
2 142 134
2 142 138
2 142 142
2 142 146
2 142 190
2 142 194
2 146 2
2 146 6
2 146 10
2 146 50
2 146 54
2 146 58
2 146 62
2 146 134
2 146 138
2 146 142
2 146 146
2 146 190
2 146 194
2 190 2
2 190 6
2 190 10
2 190 50
2 190 54
2 190 58
2 190 62
2 190 134
2 190 138
2 190 142
2 190 146
2 190 190
2 190 194
2 194 2
2 194 6
2 194 10
2 194 50
2 194 54
2 194 58
2 194 62
2 194 134
2 194 138
2 194 142
2 194 146
2 194 190
2 194 194
6 2 2
6 2 6
6 2 10
6 2 50
6 2 54
6 2 58
6 2 62
6 2 134
6 2 138
6 2 142
6 2 146
6 2 190
6 2 194
6 6 2
6 6 6
6 6 10
6 6 50
6 6 54
6 6 58
6 6 62
6 6 134
6 6 138
6 6 142
6 6 146
6 6 190
6 6 194
6 10 2
6 10 6
6 10 10
6 10 50
6 10 54
6 10 58
6 10 62
6 10 134
6 10 138
6 10 142
6 10 146
6 10 190
6 10 194
6 50 2
6 50 6
6 50 10
6 50 50
6 50 54
6 50 58
6 50 62
6 50 134
6 50 138
6 50 142
6 50 146
6 50 190
6 50 194
6 54 2
6 54 6
6 54 10
6 54 50
6 54 54
6 54 58
6 54 62
6 54 134
6 54 138
6 54 142
6 54 146
6 54 190
6 54 194
6 58 2
6 58 6
6 58 10
6 58 50
6 58 54
6 58 58
6 58 62
6 58 134
6 58 138
6 58 142
6 58 146
6 58 190
6 58 194
6 62 2
6 62 6
6 62 10
6 62 50
6 62 54
6 62 58
6 62 62
6 62 134
6 62 138
6 62 142
6 62 146
6 62 190
6 62 194
6 134 2
6 134 6
6 134 10
6 134 50
6 134 54
6 134 58
6 134 62
6 134 134
6 134 138
6 134 142
6 134 146
6 134 190
6 134 194
6 138 2
6 138 6
6 138 10
6 138 50
6 138 54
6 138 58
6 138 62
6 138 134
6 138 138
6 138 142
6 138 146
6 138 190
6 138 194
6 142 2
6 142 6
6 142 10
6 142 50
6 142 54
6 142 58
6 142 62
6 142 134
6 142 138
6 142 142
6 142 146
6 142 190
6 142 194
6 146 2
6 146 6
6 146 10
6 146 50
6 146 54
6 146 58
6 146 62
6 146 134
6 146 138
6 146 142
6 146 146
6 146 190
6 146 194
6 190 2
6 190 6
6 190 10
6 190 50
6 190 54
6 190 58
6 190 62
6 190 134
6 190 138
6 190 142
6 190 146
6 190 190
6 190 194
6 194 2
6 194 6
6 194 10
6 194 50
6 194 54
6 194 58
6 194 62
6 194 134
6 194 138
6 194 142
6 194 146
6 194 190
6 194 194
10 2 2
10 2 6
10 2 10
10 2 50
10 2 54
10 2 58
10 2 62
10 2 134
10 2 138
10 2 142
10 2 146
10 2 190
10 2 194
10 6 2
10 6 6
10 6 10
10 6 50
10 6 54
10 6 58
10 6 62
10 6 134
10 6 138
10 6 142
10 6 146
10 6 190
10 6 194
10 10 2
10 10 6
10 10 10
10 10 50
10 10 54
10 10 58
10 10 62
10 10 134
10 10 138
10 10 142
10 10 146
10 10 190
10 10 194
10 50 2
10 50 6
10 50 10
10 50 50
10 50 54
10 50 58
10 50 62
10 50 134
10 50 138
10 50 142
10 50 146
10 50 190
10 50 194
10 54 2
10 54 6
10 54 10
10 54 50
10 54 54
10 54 58
10 54 62
10 54 134
10 54 138
10 54 142
10 54 146
10 54 190
10 54 194
10 58 2
10 58 6
10 58 10
10 58 50
10 58 54
10 58 58
10 58 62
10 58 134
10 58 138
10 58 142
10 58 146
10 58 190
10 58 194
10 62 2
10 62 6
10 62 10
10 62 50
10 62 54
10 62 58
10 62 62
10 62 134
10 62 138
10 62 142
10 62 146
10 62 190
10 62 194
10 134 2
10 134 6
10 134 10
10 134 50
10 134 54
10 134 58
10 134 62
10 134 134
10 134 138
10 134 142
10 134 146
10 134 190
10 134 194
10 138 2
10 138 6
10 138 10
10 138 50
10 138 54
10 138 58
10 138 62
10 138 134
10 138 138
10 138 142
10 138 146
10 138 190
10 138 194
10 142 2
10 142 6
10 142 10
10 142 50
10 142 54
10 142 58
10 142 62
10 142 134
10 142 138
10 142 142
10 142 146
10 142 190
10 142 194
10 146 2
10 146 6
10 146 10
10 146 50
10 146 54
10 146 58
10 146 62
10 146 134
10 146 138
10 146 142
10 146 146
10 146 190
10 146 194
10 190 2
10 190 6
10 190 10
10 190 50
10 190 54
10 190 58
10 190 62
10 190 134
10 190 138
10 190 142
10 190 146
10 190 190
10 190 194
10 194 2
10 194 6
10 194 10
10 194 50
10 194 54
10 194 58
10 194 62
10 194 134
10 194 138
10 194 142
10 194 146
10 194 190
10 194 194
50 2 2
50 2 6
50 2 10
50 2 50
50 2 54
50 2 58
50 2 62
50 2 134
50 2 138
50 2 142
50 2 146
50 2 190
50 2 194
50 6 2
50 6 6
50 6 10
50 6 50
50 6 54
50 6 58
50 6 62
50 6 134
50 6 138
50 6 142
50 6 146
50 6 190
50 6 194
50 10 2
50 10 6
50 10 10
50 10 50
50 10 54
50 10 58
50 10 62
50 10 134
50 10 138
50 10 142
50 10 146
50 10 190
50 10 194
50 50 2
50 50 6
50 50 10
50 50 50
50 50 54
50 50 58
50 50 62
50 50 134
50 50 138
50 50 142
50 50 146
50 50 190
50 50 194
50 54 2
50 54 6
50 54 10
50 54 50
50 54 54
50 54 58
50 54 62
50 54 134
50 54 138
50 54 142
50 54 146
50 54 190
50 54 194
50 58 2
50 58 6
50 58 10
50 58 50
50 58 54
50 58 58
50 58 62
50 58 134
50 58 138
50 58 142
50 58 146
50 58 190
50 58 194
50 62 2
50 62 6
50 62 10
50 62 50
50 62 54
50 62 58
50 62 62
50 62 134
50 62 138
50 62 142
50 62 146
50 62 190
50 62 194
50 134 2
50 134 6
50 134 10
50 134 50
50 134 54
50 134 58
50 134 62
50 134 134
50 134 138
50 134 142
50 134 146
50 134 190
50 134 194
50 138 2
50 138 6
50 138 10
50 138 50
50 138 54
50 138 58
50 138 62
50 138 134
50 138 138
50 138 142
50 138 146
50 138 190
50 138 194
50 142 2
50 142 6
50 142 10
50 142 50
50 142 54
50 142 58
50 142 62
50 142 134
50 142 138
50 142 142
50 142 146
50 142 190
50 142 194
50 146 2
50 146 6
50 146 10
50 146 50
50 146 54
50 146 58
50 146 62
50 146 134
50 146 138
50 146 142
50 146 146
50 146 190
50 146 194
50 190 2
50 190 6
50 190 10
50 190 50
50 190 54
50 190 58
50 190 62
50 190 134
50 190 138
50 190 142
50 190 146
50 190 190
50 190 194
50 194 2
50 194 6
50 194 10
50 194 50
50 194 54
50 194 58
50 194 62
50 194 134
50 194 138
50 194 142
50 194 146
50 194 190
50 194 194
54 2 2
54 2 6
54 2 10
54 2 50
54 2 54
54 2 58
54 2 62
54 2 134
54 2 138
54 2 142
54 2 146
54 2 190
54 2 194
54 6 2
54 6 6
54 6 10
54 6 50
54 6 54
54 6 58
54 6 62
54 6 134
54 6 138
54 6 142
54 6 146
54 6 190
54 6 194
54 10 2
54 10 6
54 10 10
54 10 50
54 10 54
54 10 58
54 10 62
54 10 134
54 10 138
54 10 142
54 10 146
54 10 190
54 10 194
54 50 2
54 50 6
54 50 10
54 50 50
54 50 54
54 50 58
54 50 62
54 50 134
54 50 138
54 50 142
54 50 146
54 50 190
54 50 194
54 54 2
54 54 6
54 54 10
54 54 50
54 54 54
54 54 58
54 54 62
54 54 134
54 54 138
54 54 142
54 54 146
54 54 190
54 54 194
54 58 2
54 58 6
54 58 10
54 58 50
54 58 54
54 58 58
54 58 62
54 58 134
54 58 138
54 58 142
54 58 146
54 58 190
54 58 194
54 62 2
54 62 6
54 62 10
54 62 50
54 62 54
54 62 58
54 62 62
54 62 134
54 62 138
54 62 142
54 62 146
54 62 190
54 62 194
54 134 2
54 134 6
54 134 10
54 134 50
54 134 54
54 134 58
54 134 62
54 134 134
54 134 138
54 134 142
54 134 146
54 134 190
54 134 194
54 138 2
54 138 6
54 138 10
54 138 50
54 138 54
54 138 58
54 138 62
54 138 134
54 138 138
54 138 142
54 138 146
54 138 190
54 138 194
54 142 2
54 142 6
54 142 10
54 142 50
54 142 54
54 142 58
54 142 62
54 142 134
54 142 138
54 142 142
54 142 146
54 142 190
54 142 194
54 146 2
54 146 6
54 146 10
54 146 50
54 146 54
54 146 58
54 146 62
54 146 134
54 146 138
54 146 142
54 146 146
54 146 190
54 146 194
54 190 2
54 190 6
54 190 10
54 190 50
54 190 54
54 190 58
54 190 62
54 190 134
54 190 138
54 190 142
54 190 146
54 190 190
54 190 194
54 194 2
54 194 6
54 194 10
54 194 50
54 194 54
54 194 58
54 194 62
54 194 134
54 194 138
54 194 142
54 194 146
54 194 190
54 194 194
58 2 2
58 2 6
58 2 10
58 2 50
58 2 54
58 2 58
58 2 62
58 2 134
58 2 138
58 2 142
58 2 146
58 2 190
58 2 194
58 6 2
58 6 6
58 6 10
58 6 50
58 6 54
58 6 58
58 6 62
58 6 134
58 6 138
58 6 142
58 6 146
58 6 190
58 6 194
58 10 2
58 10 6
58 10 10
58 10 50
58 10 54
58 10 58
58 10 62
58 10 134
58 10 138
58 10 142
58 10 146
58 10 190
58 10 194
58 50 2
58 50 6
58 50 10
58 50 50
58 50 54
58 50 58
58 50 62
58 50 134
58 50 138
58 50 142
58 50 146
58 50 190
58 50 194
58 54 2
58 54 6
58 54 10
58 54 50
58 54 54
58 54 58
58 54 62
58 54 134
58 54 138
58 54 142
58 54 146
58 54 190
58 54 194
58 58 2
58 58 6
58 58 10
58 58 50
58 58 54
58 58 58
58 58 62
58 58 134
58 58 138
58 58 142
58 58 146
58 58 190
58 58 194
58 62 2
58 62 6
58 62 10
58 62 50
58 62 54
58 62 58
58 62 62
58 62 134
58 62 138
58 62 142
58 62 146
58 62 190
58 62 194
58 134 2
58 134 6
58 134 10
58 134 50
58 134 54
58 134 58
58 134 62
58 134 134
58 134 138
58 134 142
58 134 146
58 134 190
58 134 194
58 138 2
58 138 6
58 138 10
58 138 50
58 138 54
58 138 58
58 138 62
58 138 134
58 138 138
58 138 142
58 138 146
58 138 190
58 138 194
58 142 2
58 142 6
58 142 10
58 142 50
58 142 54
58 142 58
58 142 62
58 142 134
58 142 138
58 142 142
58 142 146
58 142 190
58 142 194
58 146 2
58 146 6
58 146 10
58 146 50
58 146 54
58 146 58
58 146 62
58 146 134
58 146 138
58 146 142
58 146 146
58 146 190
58 146 194
58 190 2
58 190 6
58 190 10
58 190 50
58 190 54
58 190 58
58 190 62
58 190 134
58 190 138
58 190 142
58 190 146
58 190 190
58 190 194
58 194 2
58 194 6
58 194 10
58 194 50
58 194 54
58 194 58
58 194 62
58 194 134
58 194 138
58 194 142
58 194 146
58 194 190
58 194 194
62 2 2
62 2 6
62 2 10
62 2 50
62 2 54
62 2 58
62 2 62
62 2 134
62 2 138
62 2 142
62 2 146
62 2 190
62 2 194
62 6 2
62 6 6
62 6 10
62 6 50
62 6 54
62 6 58
62 6 62
62 6 134
62 6 138
62 6 142
62 6 146
62 6 190
62 6 194
62 10 2
62 10 6
62 10 10
62 10 50
62 10 54
62 10 58
62 10 62
62 10 134
62 10 138
62 10 142
62 10 146
62 10 190
62 10 194
62 50 2
62 50 6
62 50 10
62 50 50
62 50 54
62 50 58
62 50 62
62 50 134
62 50 138
62 50 142
62 50 146
62 50 190
62 50 194
62 54 2
62 54 6
62 54 10
62 54 50
62 54 54
62 54 58
62 54 62
62 54 134
62 54 138
62 54 142
62 54 146
62 54 190
62 54 194
62 58 2
62 58 6
62 58 10
62 58 50
62 58 54
62 58 58
62 58 62
62 58 134
62 58 138
62 58 142
62 58 146
62 58 190
62 58 194
62 62 2
62 62 6
62 62 10
62 62 50
62 62 54
62 62 58
62 62 62
62 62 134
62 62 138
62 62 142
62 62 146
62 62 190
62 62 194
62 134 2
62 134 6
62 134 10
62 134 50
62 134 54
62 134 58
62 134 62
62 134 134
62 134 138
62 134 142
62 134 146
62 134 190
62 134 194
62 138 2
62 138 6
62 138 10
62 138 50
62 138 54
62 138 58
62 138 62
62 138 134
62 138 138
62 138 142
62 138 146
62 138 190
62 138 194
62 142 2
62 142 6
62 142 10
62 142 50
62 142 54
62 142 58
62 142 62
62 142 134
62 142 138
62 142 142
62 142 146
62 142 190
62 142 194
62 146 2
62 146 6
62 146 10
62 146 50
62 146 54
62 146 58
62 146 62
62 146 134
62 146 138
62 146 142
62 146 146
62 146 190
62 146 194
62 190 2
62 190 6
62 190 10
62 190 50
62 190 54
62 190 58
62 190 62
62 190 134
62 190 138
62 190 142
62 190 146
62 190 190
62 190 194
62 194 2
62 194 6
62 194 10
62 194 50
62 194 54
62 194 58
62 194 62
62 194 134
62 194 138
62 194 142
62 194 146
62 194 190
62 194 194
134 2 2
134 2 6
134 2 10
134 2 50
134 2 54
134 2 58
134 2 62
134 2 134
134 2 138
134 2 142
134 2 146
134 2 190
134 2 194
134 6 2
134 6 6
134 6 10
134 6 50
134 6 54
134 6 58
134 6 62
134 6 134
134 6 138
134 6 142
134 6 146
134 6 190
134 6 194
134 10 2
134 10 6
134 10 10
134 10 50
134 10 54
134 10 58
134 10 62
134 10 134
134 10 138
134 10 142
134 10 146
134 10 190
134 10 194
134 50 2
134 50 6
134 50 10
134 50 50
134 50 54
134 50 58
134 50 62
134 50 134
134 50 138
134 50 142
134 50 146
134 50 190
134 50 194
134 54 2
134 54 6
134 54 10
134 54 50
134 54 54
134 54 58
134 54 62
134 54 134
134 54 138
134 54 142
134 54 146
134 54 190
134 54 194
134 58 2
134 58 6
134 58 10
134 58 50
134 58 54
134 58 58
134 58 62
134 58 134
134 58 138
134 58 142
134 58 146
134 58 190
134 58 194
134 62 2
134 62 6
134 62 10
134 62 50
134 62 54
134 62 58
134 62 62
134 62 134
134 62 138
134 62 142
134 62 146
134 62 190
134 62 194
134 134 2
134 134 6
134 134 10
134 134 50
134 134 54
134 134 58
134 134 62
134 134 134
134 134 138
134 134 142
134 134 146
134 134 190
134 134 194
134 138 2
134 138 6
134 138 10
134 138 50
134 138 54
134 138 58
134 138 62
134 138 134
134 138 138
134 138 142
134 138 146
134 138 190
134 138 194
134 142 2
134 142 6
134 142 10
134 142 50
134 142 54
134 142 58
134 142 62
134 142 134
134 142 138
134 142 142
134 142 146
134 142 190
134 142 194
134 146 2
134 146 6
134 146 10
134 146 50
134 146 54
134 146 58
134 146 62
134 146 134
134 146 138
134 146 142
134 146 146
134 146 190
134 146 194
134 190 2
134 190 6
134 190 10
134 190 50
134 190 54
134 190 58
134 190 62
134 190 134
134 190 138
134 190 142
134 190 146
134 190 190
134 190 194
134 194 2
134 194 6
134 194 10
134 194 50
134 194 54
134 194 58
134 194 62
134 194 134
134 194 138
134 194 142
134 194 146
134 194 190
134 194 194
138 2 2
138 2 6
138 2 10
138 2 50
138 2 54
138 2 58
138 2 62
138 2 134
138 2 138
138 2 142
138 2 146
138 2 190
138 2 194
138 6 2
138 6 6
138 6 10
138 6 50
138 6 54
138 6 58
138 6 62
138 6 134
138 6 138
138 6 142
138 6 146
138 6 190
138 6 194
138 10 2
138 10 6
138 10 10
138 10 50
138 10 54
138 10 58
138 10 62
138 10 134
138 10 138
138 10 142
138 10 146
138 10 190
138 10 194
138 50 2
138 50 6
138 50 10
138 50 50
138 50 54
138 50 58
138 50 62
138 50 134
138 50 138
138 50 142
138 50 146
138 50 190
138 50 194
138 54 2
138 54 6
138 54 10
138 54 50
138 54 54
138 54 58
138 54 62
138 54 134
138 54 138
138 54 142
138 54 146
138 54 190
138 54 194
138 58 2
138 58 6
138 58 10
138 58 50
138 58 54
138 58 58
138 58 62
138 58 134
138 58 138
138 58 142
138 58 146
138 58 190
138 58 194
138 62 2
138 62 6
138 62 10
138 62 50
138 62 54
138 62 58
138 62 62
138 62 134
138 62 138
138 62 142
138 62 146
138 62 190
138 62 194
138 134 2
138 134 6
138 134 10
138 134 50
138 134 54
138 134 58
138 134 62
138 134 134
138 134 138
138 134 142
138 134 146
138 134 190
138 134 194
138 138 2
138 138 6
138 138 10
138 138 50
138 138 54
138 138 58
138 138 62
138 138 134
138 138 138
138 138 142
138 138 146
138 138 190
138 138 194
138 142 2
138 142 6
138 142 10
138 142 50
138 142 54
138 142 58
138 142 62
138 142 134
138 142 138
138 142 142
138 142 146
138 142 190
138 142 194
138 146 2
138 146 6
138 146 10
138 146 50
138 146 54
138 146 58
138 146 62
138 146 134
138 146 138
138 146 142
138 146 146
138 146 190
138 146 194
138 190 2
138 190 6
138 190 10
138 190 50
138 190 54
138 190 58
138 190 62
138 190 134
138 190 138
138 190 142
138 190 146
138 190 190
138 190 194
138 194 2
138 194 6
138 194 10
138 194 50
138 194 54
138 194 58
138 194 62
138 194 134
138 194 138
138 194 142
138 194 146
138 194 190
138 194 194
142 2 2
142 2 6
142 2 10
142 2 50
142 2 54
142 2 58
142 2 62
142 2 134
142 2 138
142 2 142
142 2 146
142 2 190
142 2 194
142 6 2
142 6 6
142 6 10
142 6 50
142 6 54
142 6 58
142 6 62
142 6 134
142 6 138
142 6 142
142 6 146
142 6 190
142 6 194
142 10 2
142 10 6
142 10 10
142 10 50
142 10 54
142 10 58
142 10 62
142 10 134
142 10 138
142 10 142
142 10 146
142 10 190
142 10 194
142 50 2
142 50 6
142 50 10
142 50 50
142 50 54
142 50 58
142 50 62
142 50 134
142 50 138
142 50 142
142 50 146
142 50 190
142 50 194
142 54 2
142 54 6
142 54 10
142 54 50
142 54 54
142 54 58
142 54 62
142 54 134
142 54 138
142 54 142
142 54 146
142 54 190
142 54 194
142 58 2
142 58 6
142 58 10
142 58 50
142 58 54
142 58 58
142 58 62
142 58 134
142 58 138
142 58 142
142 58 146
142 58 190
142 58 194
142 62 2
142 62 6
142 62 10
142 62 50
142 62 54
142 62 58
142 62 62
142 62 134
142 62 138
142 62 142
142 62 146
142 62 190
142 62 194
142 134 2
142 134 6
142 134 10
142 134 50
142 134 54
142 134 58
142 134 62
142 134 134
142 134 138
142 134 142
142 134 146
142 134 190
142 134 194
142 138 2
142 138 6
142 138 10
142 138 50
142 138 54
142 138 58
142 138 62
142 138 134
142 138 138
142 138 142
142 138 146
142 138 190
142 138 194
142 142 2
142 142 6
142 142 10
142 142 50
142 142 54
142 142 58
142 142 62
142 142 134
142 142 138
142 142 142
142 142 146
142 142 190
142 142 194
142 146 2
142 146 6
142 146 10
142 146 50
142 146 54
142 146 58
142 146 62
142 146 134
142 146 138
142 146 142
142 146 146
142 146 190
142 146 194
142 190 2
142 190 6
142 190 10
142 190 50
142 190 54
142 190 58
142 190 62
142 190 134
142 190 138
142 190 142
142 190 146
142 190 190
142 190 194
142 194 2
142 194 6
142 194 10
142 194 50
142 194 54
142 194 58
142 194 62
142 194 134
142 194 138
142 194 142
142 194 146
142 194 190
142 194 194
146 2 2
146 2 6
146 2 10
146 2 50
146 2 54
146 2 58
146 2 62
146 2 134
146 2 138
146 2 142
146 2 146
146 2 190
146 2 194
146 6 2
146 6 6
146 6 10
146 6 50
146 6 54
146 6 58
146 6 62
146 6 134
146 6 138
146 6 142
146 6 146
146 6 190
146 6 194
146 10 2
146 10 6
146 10 10
146 10 50
146 10 54
146 10 58
146 10 62
146 10 134
146 10 138
146 10 142
146 10 146
146 10 190
146 10 194
146 50 2
146 50 6
146 50 10
146 50 50
146 50 54
146 50 58
146 50 62
146 50 134
146 50 138
146 50 142
146 50 146
146 50 190
146 50 194
146 54 2
146 54 6
146 54 10
146 54 50
146 54 54
146 54 58
146 54 62
146 54 134
146 54 138
146 54 142
146 54 146
146 54 190
146 54 194
146 58 2
146 58 6
146 58 10
146 58 50
146 58 54
146 58 58
146 58 62
146 58 134
146 58 138
146 58 142
146 58 146
146 58 190
146 58 194
146 62 2
146 62 6
146 62 10
146 62 50
146 62 54
146 62 58
146 62 62
146 62 134
146 62 138
146 62 142
146 62 146
146 62 190
146 62 194
146 134 2
146 134 6
146 134 10
146 134 50
146 134 54
146 134 58
146 134 62
146 134 134
146 134 138
146 134 142
146 134 146
146 134 190
146 134 194
146 138 2
146 138 6
146 138 10
146 138 50
146 138 54
146 138 58
146 138 62
146 138 134
146 138 138
146 138 142
146 138 146
146 138 190
146 138 194
146 142 2
146 142 6
146 142 10
146 142 50
146 142 54
146 142 58
146 142 62
146 142 134
146 142 138
146 142 142
146 142 146
146 142 190
146 142 194
146 146 2
146 146 6
146 146 10
146 146 50
146 146 54
146 146 58
146 146 62
146 146 134
146 146 138
146 146 142
146 146 146
146 146 190
146 146 194
146 190 2
146 190 6
146 190 10
146 190 50
146 190 54
146 190 58
146 190 62
146 190 134
146 190 138
146 190 142
146 190 146
146 190 190
146 190 194
146 194 2
146 194 6
146 194 10
146 194 50
146 194 54
146 194 58
146 194 62
146 194 134
146 194 138
146 194 142
146 194 146
146 194 190
146 194 194
190 2 2
190 2 6
190 2 10
190 2 50
190 2 54
190 2 58
190 2 62
190 2 134
190 2 138
190 2 142
190 2 146
190 2 190
190 2 194
190 6 2
190 6 6
190 6 10
190 6 50
190 6 54
190 6 58
190 6 62
190 6 134
190 6 138
190 6 142
190 6 146
190 6 190
190 6 194
190 10 2
190 10 6
190 10 10
190 10 50
190 10 54
190 10 58
190 10 62
190 10 134
190 10 138
190 10 142
190 10 146
190 10 190
190 10 194
190 50 2
190 50 6
190 50 10
190 50 50
190 50 54
190 50 58
190 50 62
190 50 134
190 50 138
190 50 142
190 50 146
190 50 190
190 50 194
190 54 2
190 54 6
190 54 10
190 54 50
190 54 54
190 54 58
190 54 62
190 54 134
190 54 138
190 54 142
190 54 146
190 54 190
190 54 194
190 58 2
190 58 6
190 58 10
190 58 50
190 58 54
190 58 58
190 58 62
190 58 134
190 58 138
190 58 142
190 58 146
190 58 190
190 58 194
190 62 2
190 62 6
190 62 10
190 62 50
190 62 54
190 62 58
190 62 62
190 62 134
190 62 138
190 62 142
190 62 146
190 62 190
190 62 194
190 134 2
190 134 6
190 134 10
190 134 50
190 134 54
190 134 58
190 134 62
190 134 134
190 134 138
190 134 142
190 134 146
190 134 190
190 134 194
190 138 2
190 138 6
190 138 10
190 138 50
190 138 54
190 138 58
190 138 62
190 138 134
190 138 138
190 138 142
190 138 146
190 138 190
190 138 194
190 142 2
190 142 6
190 142 10
190 142 50
190 142 54
190 142 58
190 142 62
190 142 134
190 142 138
190 142 142
190 142 146
190 142 190
190 142 194
190 146 2
190 146 6
190 146 10
190 146 50
190 146 54
190 146 58
190 146 62
190 146 134
190 146 138
190 146 142
190 146 146
190 146 190
190 146 194
190 190 2
190 190 6
190 190 10
190 190 50
190 190 54
190 190 58
190 190 62
190 190 134
190 190 138
190 190 142
190 190 146
190 190 190
190 190 194
190 194 2
190 194 6
190 194 10
190 194 50
190 194 54
190 194 58
190 194 62
190 194 134
190 194 138
190 194 142
190 194 146
190 194 190
190 194 194
194 2 2
194 2 6
194 2 10
194 2 50
194 2 54
194 2 58
194 2 62
194 2 134
194 2 138
194 2 142
194 2 146
194 2 190
194 2 194
194 6 2
194 6 6
194 6 10
194 6 50
194 6 54
194 6 58
194 6 62
194 6 134
194 6 138
194 6 142
194 6 146
194 6 190
194 6 194
194 10 2
194 10 6
194 10 10
194 10 50
194 10 54
194 10 58
194 10 62
194 10 134
194 10 138
194 10 142
194 10 146
194 10 190
194 10 194
194 50 2
194 50 6
194 50 10
194 50 50
194 50 54
194 50 58
194 50 62
194 50 134
194 50 138
194 50 142
194 50 146
194 50 190
194 50 194
194 54 2
194 54 6
194 54 10
194 54 50
194 54 54
194 54 58
194 54 62
194 54 134
194 54 138
194 54 142
194 54 146
194 54 190
194 54 194
194 58 2
194 58 6
194 58 10
194 58 50
194 58 54
194 58 58
194 58 62
194 58 134
194 58 138
194 58 142
194 58 146
194 58 190
194 58 194
194 62 2
194 62 6
194 62 10
194 62 50
194 62 54
194 62 58
194 62 62
194 62 134
194 62 138
194 62 142
194 62 146
194 62 190
194 62 194
194 134 2
194 134 6
194 134 10
194 134 50
194 134 54
194 134 58
194 134 62
194 134 134
194 134 138
194 134 142
194 134 146
194 134 190
194 134 194
194 138 2
194 138 6
194 138 10
194 138 50
194 138 54
194 138 58
194 138 62
194 138 134
194 138 138
194 138 142
194 138 146
194 138 190
194 138 194
194 142 2
194 142 6
194 142 10
194 142 50
194 142 54
194 142 58
194 142 62
194 142 134
194 142 138
194 142 142
194 142 146
194 142 190
194 142 194
194 146 2
194 146 6
194 146 10
194 146 50
194 146 54
194 146 58
194 146 62
194 146 134
194 146 138
194 146 142
194 146 146
194 146 190
194 146 194
194 190 2
194 190 6
194 190 10
194 190 50
194 190 54
194 190 58
194 190 62
194 190 134
194 190 138
194 190 142
194 190 146
194 190 190
194 190 194
194 194 2
194 194 6
194 194 10
194 194 50
194 194 54
194 194 58
194 194 62
194 194 134
194 194 138
194 194 142
194 194 146
194 194 190
194 194 194
