200
72 72 72
72 72 80
72 72 88
72 72 96
72 72 104
72 72 112
72 72 120
72 72 128
72 80 72
72 80 80
72 80 88
72 80 96
72 80 104
72 80 112
72 80 120
72 80 128
72 88 72
72 88 80
72 88 88
72 88 96
72 88 104
72 88 112
72 88 120
72 88 128
72 96 72
72 96 80
72 96 88
72 96 96
72 96 104
72 96 112
72 96 120
72 96 128
72 104 72
72 104 80
72 104 88
72 104 96
72 104 104
72 104 112
72 104 120
72 104 128
72 112 72
72 112 80
72 112 88
72 112 96
72 112 104
72 112 112
72 112 120
72 112 128
72 120 72
72 120 80
72 120 88
72 120 96
72 120 104
72 120 112
72 120 120
72 120 128
72 128 72
72 128 80
72 128 88
72 128 96
72 128 104
72 128 112
72 128 120
72 128 128
80 72 72
80 72 80
80 72 88
80 72 96
80 72 104
80 72 112
80 72 120
80 72 128
80 80 72
80 80 80
80 80 88
80 80 96
80 80 104
80 80 112
80 80 120
80 80 128
80 88 72
80 88 80
80 88 88
80 88 96
80 88 104
80 88 112
80 88 120
80 88 128
80 96 72
80 96 80
80 96 88
80 96 96
80 96 104
80 96 112
80 96 120
80 96 128
80 104 72
80 104 80
80 104 88
80 104 96
80 104 104
80 104 112
80 104 120
80 104 128
80 112 72
80 112 80
80 112 88
80 112 96
80 112 104
80 112 112
80 112 120
80 112 128
80 120 72
80 120 80
80 120 88
80 120 96
80 120 104
80 120 112
80 120 120
80 120 128
80 128 72
80 128 80
80 128 88
80 128 96
80 128 104
80 128 112
80 128 120
80 128 128
88 72 72
88 72 80
88 72 88
88 72 96
88 72 104
88 72 112
88 72 120
88 72 128
88 80 72
88 80 80
88 80 88
88 80 96
88 80 104
88 80 112
88 80 120
88 80 128
88 88 72
88 88 80
88 88 88
88 88 96
88 88 104
88 88 112
88 88 120
88 88 128
88 96 72
88 96 80
88 96 88
88 96 96
88 96 104
88 96 112
88 96 120
88 96 128
88 104 72
88 104 80
88 104 88
88 104 96
88 104 104
88 104 112
88 104 120
88 104 128
88 112 72
88 112 80
88 112 88
88 112 96
88 112 104
88 112 112
88 112 120
88 112 128
88 120 72
88 120 80
88 120 88
88 120 96
88 120 104
88 120 112
88 120 120
88 120 128
88 128 72
88 128 80
88 128 88
88 128 96
88 128 104
88 128 112
88 128 120
88 128 128
96 72 72
96 72 80
96 72 88
96 72 96
96 72 104
96 72 112
96 72 120
96 72 128
96 80 72
96 80 80
96 80 88
96 80 96
96 80 104
96 80 112
96 80 120
96 80 128
96 88 72
96 88 80
96 88 88
96 88 96
96 88 104
96 88 112
96 88 120
96 88 128
96 96 72
96 96 80
96 96 88
96 96 96
96 96 104
96 96 112
96 96 120
96 96 128
96 104 72
96 104 80
96 104 88
96 104 96
96 104 104
96 104 112
96 104 120
96 104 128
96 112 72
96 112 80
96 112 88
96 112 96
96 112 104
96 112 112
96 112 120
96 112 128
96 120 72
96 120 80
96 120 88
96 120 96
96 120 104
96 120 112
96 120 120
96 120 128
96 128 72
96 128 80
96 128 88
96 128 96
96 128 104
96 128 112
96 128 120
96 128 128
104 72 72
104 72 80
104 72 88
104 72 96
104 72 104
104 72 112
104 72 120
104 72 128
104 80 72
104 80 80
104 80 88
104 80 96
104 80 104
104 80 112
104 80 120
104 80 128
104 88 72
104 88 80
104 88 88
104 88 96
104 88 104
104 88 112
104 88 120
104 88 128
104 96 72
104 96 80
104 96 88
104 96 96
104 96 104
104 96 112
104 96 120
104 96 128
104 104 72
104 104 80
104 104 88
104 104 96
104 104 104
104 104 112
104 104 120
104 104 128
104 112 72
104 112 80
104 112 88
104 112 96
104 112 104
104 112 112
104 112 120
104 112 128
104 120 72
104 120 80
104 120 88
104 120 96
104 120 104
104 120 112
104 120 120
104 120 128
104 128 72
104 128 80
104 128 88
104 128 96
104 128 104
104 128 112
104 128 120
104 128 128
112 72 72
112 72 80
112 72 88
112 72 96
112 72 104
112 72 112
112 72 120
112 72 128
112 80 72
112 80 80
112 80 88
112 80 96
112 80 104
112 80 112
112 80 120
112 80 128
112 88 72
112 88 80
112 88 88
112 88 96
112 88 104
112 88 112
112 88 120
112 88 128
112 96 72
112 96 80
112 96 88
112 96 96
112 96 104
112 96 112
112 96 120
112 96 128
112 104 72
112 104 80
112 104 88
112 104 96
112 104 104
112 104 112
112 104 120
112 104 128
112 112 72
112 112 80
112 112 88
112 112 96
112 112 104
112 112 112
112 112 120
112 112 128
112 120 72
112 120 80
112 120 88
112 120 96
112 120 104
112 120 112
112 120 120
112 120 128
112 128 72
112 128 80
112 128 88
112 128 96
112 128 104
112 128 112
112 128 120
112 128 128
120 72 72
120 72 80
120 72 88
120 72 96
120 72 104
120 72 112
120 72 120
120 72 128
120 80 72
120 80 80
120 80 88
120 80 96
120 80 104
120 80 112
120 80 120
120 80 128
120 88 72
120 88 80
120 88 88
120 88 96
120 88 104
120 88 112
120 88 120
120 88 128
120 96 72
120 96 80
120 96 88
120 96 96
120 96 104
120 96 112
120 96 120
120 96 128
120 104 72
120 104 80
120 104 88
120 104 96
120 104 104
120 104 112
120 104 120
120 104 128
120 112 72
120 112 80
120 112 88
120 112 96
120 112 104
120 112 112
120 112 120
120 112 128
120 120 72
120 120 80
120 120 88
120 120 96
120 120 104
120 120 112
120 120 120
120 120 128
120 128 72
120 128 80
120 128 88
120 128 96
120 128 104
120 128 112
120 128 120
120 128 128
128 72 72
128 72 80
128 72 88
128 72 96
128 72 104
128 72 112
128 72 120
128 72 128
128 80 72
128 80 80
128 80 88
128 80 96
128 80 104
128 80 112
128 80 120
128 80 128
128 88 72
128 88 80
128 88 88
128 88 96
128 88 104
128 88 112
128 88 120
128 88 128
128 96 72
128 96 80
128 96 88
128 96 96
128 96 104
128 96 112
128 96 120
128 96 128
128 104 72
128 104 80
128 104 88
128 104 96
128 104 104
128 104 112
128 104 120
128 104 128
128 112 72
128 112 80
128 112 88
128 112 96
128 112 104
128 112 112
128 112 120
128 112 128
128 120 72
128 120 80
128 120 88
128 120 96
128 120 104
128 120 112
128 120 120
128 120 128
128 128 72
128 128 80
128 128 88
128 128 96
128 128 104
128 128 112
128 128 120
128 128 128
