20
0 0 16
0 0 17
0 1 18
0 2 16
0 2 17
0 2 18
0 3 17
0 5 3
0 5 4
0 6 3
0 6 4
1 0 6
1 0 17
1 0 18
1 1 5
1 1 7
1 1 18
1 2 12
1 2 13
1 2 17
1 3 11
1 3 13
1 3 14
1 3 17
1 4 11
1 5 12
1 5 16
1 5 17
1 6 16
1 6 17
2 0 5
2 0 7
2 2 5
2 2 6
2 2 11
2 2 14
2 2 17
2 2 19
2 3 3
2 3 13
2 3 19
2 4 5
2 4 15
2 5 5
2 6 2
2 6 5
2 7 16
3 0 4
3 1 4
3 2 3
3 2 4
3 2 5
3 2 7
3 2 18
3 3 2
3 3 3
3 3 6
3 3 11
3 3 12
3 3 16
3 3 17
3 3 19
3 4 5
3 4 11
3 4 14
3 4 19
3 5 5
3 6 5
3 7 13
3 7 14
4 0 5
4 1 3
4 1 5
4 1 7
4 2 2
4 2 7
4 2 18
4 3 6
4 3 7
4 3 8
4 3 17
4 3 19
4 4 5
4 4 7
4 4 10
4 4 15
4 4 19
4 5 3
4 5 4
4 5 5
4 5 6
4 5 8
4 5 10
4 5 18
4 6 3
4 6 4
4 6 5
4 6 13
4 8 14
4 8 15
4 9 13
5 0 5
5 0 6
5 2 2
5 3 7
5 3 19
5 4 9
5 4 13
5 4 16
5 4 18
5 5 5
5 5 7
5 5 9
5 5 10
5 5 16
5 6 6
5 6 8
5 6 16
5 7 14
5 8 14
6 0 15
6 0 16
6 1 7
6 1 8
6 1 12
6 1 15
6 2 10
6 3 14
6 3 18
6 4 12
6 4 13
6 4 18
6 5 12
6 5 14
6 5 15
6 6 11
6 6 14
6 7 10
6 7 14
6 7 15
6 8 15
7 0 15
7 1 15
7 2 11
7 2 13
7 2 14
7 4 6
7 4 13
7 5 7
7 5 12
7 5 14
7 5 15
7 6 8
7 6 11
7 6 15
7 7 10
8 0 8
8 0 9
8 0 10
8 0 14
8 1 14
8 2 12
8 6 9
8 6 11
9 0 10
9 2 8
9 3 9
