200
3 3 3
3 3 4
3 3 5
3 3 55
3 3 56
3 3 57
3 3 139
3 3 140
3 3 141
3 3 195
3 3 196
3 3 197
3 4 3
3 4 4
3 4 5
3 4 55
3 4 56
3 4 57
3 4 139
3 4 140
3 4 141
3 4 195
3 4 196
3 4 197
3 5 3
3 5 4
3 5 5
3 5 55
3 5 56
3 5 57
3 5 139
3 5 140
3 5 141
3 5 195
3 5 196
3 5 197
3 55 3
3 55 4
3 55 5
3 55 55
3 55 56
3 55 57
3 55 139
3 55 140
3 55 141
3 55 195
3 55 196
3 55 197
3 56 3
3 56 4
3 56 5
3 56 55
3 56 56
3 56 57
3 56 139
3 56 140
3 56 141
3 56 195
3 56 196
3 56 197
3 57 3
3 57 4
3 57 5
3 57 55
3 57 56
3 57 57
3 57 139
3 57 140
3 57 141
3 57 195
3 57 196
3 57 197
3 139 3
3 139 4
3 139 5
3 139 55
3 139 56
3 139 57
3 139 139
3 139 140
3 139 141
3 139 195
3 139 196
3 139 197
3 140 3
3 140 4
3 140 5
3 140 55
3 140 56
3 140 57
3 140 139
3 140 140
3 140 141
3 140 195
3 140 196
3 140 197
3 141 3
3 141 4
3 141 5
3 141 55
3 141 56
3 141 57
3 141 139
3 141 140
3 141 141
3 141 195
3 141 196
3 141 197
3 195 3
3 195 4
3 195 5
3 195 55
3 195 56
3 195 57
3 195 139
3 195 140
3 195 141
3 195 195
3 195 196
3 195 197
3 196 3
3 196 4
3 196 5
3 196 55
3 196 56
3 196 57
3 196 139
3 196 140
3 196 141
3 196 195
3 196 196
3 196 197
3 197 3
3 197 4
3 197 5
3 197 55
3 197 56
3 197 57
3 197 139
3 197 140
3 197 141
3 197 195
3 197 196
3 197 197
4 3 3
4 3 4
4 3 5
4 3 55
4 3 56
4 3 57
4 3 139
4 3 140
4 3 141
4 3 195
4 3 196
4 3 197
4 4 3
4 4 5
4 4 55
4 4 57
4 4 139
4 4 141
4 4 195
4 4 197
4 5 3
4 5 4
4 5 5
4 5 55
4 5 56
4 5 57
4 5 139
4 5 140
4 5 141
4 5 195
4 5 196
4 5 197
4 55 3
4 55 4
4 55 5
4 55 55
4 55 56
4 55 57
4 55 139
4 55 140
4 55 141
4 55 195
4 55 196
4 55 197
4 56 3
4 56 5
4 56 55
4 56 57
4 56 139
4 56 141
4 56 195
4 56 197
4 57 3
4 57 4
4 57 5
4 57 55
4 57 56
4 57 57
4 57 139
4 57 140
4 57 141
4 57 195
4 57 196
4 57 197
4 139 3
4 139 4
4 139 5
4 139 55
4 139 56
4 139 57
4 139 139
4 139 140
4 139 141
4 139 195
4 139 196
4 139 197
4 140 3
4 140 5
4 140 55
4 140 57
4 140 139
4 140 141
4 140 195
4 140 197
4 141 3
4 141 4
4 141 5
4 141 55
4 141 56
4 141 57
4 141 139
4 141 140
4 141 141
4 141 195
4 141 196
4 141 197
4 195 3
4 195 4
4 195 5
4 195 55
4 195 56
4 195 57
4 195 139
4 195 140
4 195 141
4 195 195
4 195 196
4 195 197
4 196 3
4 196 5
4 196 55
4 196 57
4 196 139
4 196 141
4 196 195
4 196 197
4 197 3
4 197 4
4 197 5
4 197 55
4 197 56
4 197 57
4 197 139
4 197 140
4 197 141
4 197 195
4 197 196
4 197 197
5 3 3
5 3 4
5 3 5
5 3 55
5 3 56
5 3 57
5 3 139
5 3 140
5 3 141
5 3 195
5 3 196
5 3 197
5 4 3
5 4 4
5 4 5
5 4 55
5 4 56
5 4 57
5 4 139
5 4 140
5 4 141
5 4 195
5 4 196
5 4 197
5 5 3
5 5 4
5 5 5
5 5 55
5 5 56
5 5 57
5 5 139
5 5 140
5 5 141
5 5 195
5 5 196
5 5 197
5 55 3
5 55 4
5 55 5
5 55 55
5 55 56
5 55 57
5 55 139
5 55 140
5 55 141
5 55 195
5 55 196
5 55 197
5 56 3
5 56 4
5 56 5
5 56 55
5 56 56
5 56 57
5 56 139
5 56 140
5 56 141
5 56 195
5 56 196
5 56 197
5 57 3
5 57 4
5 57 5
5 57 55
5 57 56
5 57 57
5 57 139
5 57 140
5 57 141
5 57 195
5 57 196
5 57 197
5 139 3
5 139 4
5 139 5
5 139 55
5 139 56
5 139 57
5 139 139
5 139 140
5 139 141
5 139 195
5 139 196
5 139 197
5 140 3
5 140 4
5 140 5
5 140 55
5 140 56
5 140 57
5 140 139
5 140 140
5 140 141
5 140 195
5 140 196
5 140 197
5 141 3
5 141 4
5 141 5
5 141 55
5 141 56
5 141 57
5 141 139
5 141 140
5 141 141
5 141 195
5 141 196
5 141 197
5 195 3
5 195 4
5 195 5
5 195 55
5 195 56
5 195 57
5 195 139
5 195 140
5 195 141
5 195 195
5 195 196
5 195 197
5 196 3
5 196 4
5 196 5
5 196 55
5 196 56
5 196 57
5 196 139
5 196 140
5 196 141
5 196 195
5 196 196
5 196 197
5 197 3
5 197 4
5 197 5
5 197 55
5 197 56
5 197 57
5 197 139
5 197 140
5 197 141
5 197 195
5 197 196
5 197 197
55 3 3
55 3 4
55 3 5
55 3 55
55 3 56
55 3 57
55 3 139
55 3 140
55 3 141
55 3 195
55 3 196
55 3 197
55 4 3
55 4 4
55 4 5
55 4 55
55 4 56
55 4 57
55 4 139
55 4 140
55 4 141
55 4 195
55 4 196
55 4 197
55 5 3
55 5 4
55 5 5
55 5 55
55 5 56
55 5 57
55 5 139
55 5 140
55 5 141
55 5 195
55 5 196
55 5 197
55 55 3
55 55 4
55 55 5
55 55 55
55 55 56
55 55 57
55 55 139
55 55 140
55 55 141
55 55 195
55 55 196
55 55 197
55 56 3
55 56 4
55 56 5
55 56 55
55 56 56
55 56 57
55 56 139
55 56 140
55 56 141
55 56 195
55 56 196
55 56 197
55 57 3
55 57 4
55 57 5
55 57 55
55 57 56
55 57 57
55 57 139
55 57 140
55 57 141
55 57 195
55 57 196
55 57 197
55 139 3
55 139 4
55 139 5
55 139 55
55 139 56
55 139 57
55 139 139
55 139 140
55 139 141
55 139 195
55 139 196
55 139 197
55 140 3
55 140 4
55 140 5
55 140 55
55 140 56
55 140 57
55 140 139
55 140 140
55 140 141
55 140 195
55 140 196
55 140 197
55 141 3
55 141 4
55 141 5
55 141 55
55 141 56
55 141 57
55 141 139
55 141 140
55 141 141
55 141 195
55 141 196
55 141 197
55 195 3
55 195 4
55 195 5
55 195 55
55 195 56
55 195 57
55 195 139
55 195 140
55 195 141
55 195 195
55 195 196
55 195 197
55 196 3
55 196 4
55 196 5
55 196 55
55 196 56
55 196 57
55 196 139
55 196 140
55 196 141
55 196 195
55 196 196
55 196 197
55 197 3
55 197 4
55 197 5
55 197 55
55 197 56
55 197 57
55 197 139
55 197 140
55 197 141
55 197 195
55 197 196
55 197 197
56 3 3
56 3 4
56 3 5
56 3 55
56 3 56
56 3 57
56 3 139
56 3 140
56 3 141
56 3 195
56 3 196
56 3 197
56 4 3
56 4 5
56 4 55
56 4 57
56 4 139
56 4 141
56 4 195
56 4 197
56 5 3
56 5 4
56 5 5
56 5 55
56 5 56
56 5 57
56 5 139
56 5 140
56 5 141
56 5 195
56 5 196
56 5 197
56 55 3
56 55 4
56 55 5
56 55 55
56 55 56
56 55 57
56 55 139
56 55 140
56 55 141
56 55 195
56 55 196
56 55 197
56 56 3
56 56 5
56 56 55
56 56 57
56 56 139
56 56 141
56 56 195
56 56 197
56 57 3
56 57 4
56 57 5
56 57 55
56 57 56
56 57 57
56 57 139
56 57 140
56 57 141
56 57 195
56 57 196
56 57 197
56 139 3
56 139 4
56 139 5
56 139 55
56 139 56
56 139 57
56 139 139
56 139 140
56 139 141
56 139 195
56 139 196
56 139 197
56 140 3
56 140 5
56 140 55
56 140 57
56 140 139
56 140 141
56 140 195
56 140 197
56 141 3
56 141 4
56 141 5
56 141 55
56 141 56
56 141 57
56 141 139
56 141 140
56 141 141
56 141 195
56 141 196
56 141 197
56 195 3
56 195 4
56 195 5
56 195 55
56 195 56
56 195 57
56 195 139
56 195 140
56 195 141
56 195 195
56 195 196
56 195 197
56 196 3
56 196 5
56 196 55
56 196 57
56 196 139
56 196 141
56 196 195
56 196 197
56 197 3
56 197 4
56 197 5
56 197 55
56 197 56
56 197 57
56 197 139
56 197 140
56 197 141
56 197 195
56 197 196
56 197 197
57 3 3
57 3 4
57 3 5
57 3 55
57 3 56
57 3 57
57 3 139
57 3 140
57 3 141
57 3 195
57 3 196
57 3 197
57 4 3
57 4 4
57 4 5
57 4 55
57 4 56
57 4 57
57 4 139
57 4 140
57 4 141
57 4 195
57 4 196
57 4 197
57 5 3
57 5 4
57 5 5
57 5 55
57 5 56
57 5 57
57 5 139
57 5 140
57 5 141
57 5 195
57 5 196
57 5 197
57 55 3
57 55 4
57 55 5
57 55 55
57 55 56
57 55 57
57 55 139
57 55 140
57 55 141
57 55 195
57 55 196
57 55 197
57 56 3
57 56 4
57 56 5
57 56 55
57 56 56
57 56 57
57 56 139
57 56 140
57 56 141
57 56 195
57 56 196
57 56 197
57 57 3
57 57 4
57 57 5
57 57 55
57 57 56
57 57 57
57 57 139
57 57 140
57 57 141
57 57 195
57 57 196
57 57 197
57 139 3
57 139 4
57 139 5
57 139 55
57 139 56
57 139 57
57 139 139
57 139 140
57 139 141
57 139 195
57 139 196
57 139 197
57 140 3
57 140 4
57 140 5
57 140 55
57 140 56
57 140 57
57 140 139
57 140 140
57 140 141
57 140 195
57 140 196
57 140 197
57 141 3
57 141 4
57 141 5
57 141 55
57 141 56
57 141 57
57 141 139
57 141 140
57 141 141
57 141 195
57 141 196
57 141 197
57 195 3
57 195 4
57 195 5
57 195 55
57 195 56
57 195 57
57 195 139
57 195 140
57 195 141
57 195 195
57 195 196
57 195 197
57 196 3
57 196 4
57 196 5
57 196 55
57 196 56
57 196 57
57 196 139
57 196 140
57 196 141
57 196 195
57 196 196
57 196 197
57 197 3
57 197 4
57 197 5
57 197 55
57 197 56
57 197 57
57 197 139
57 197 140
57 197 141
57 197 195
57 197 196
57 197 197
139 3 3
139 3 4
139 3 5
139 3 55
139 3 56
139 3 57
139 3 139
139 3 140
139 3 141
139 3 195
139 3 196
139 3 197
139 4 3
139 4 4
139 4 5
139 4 55
139 4 56
139 4 57
139 4 139
139 4 140
139 4 141
139 4 195
139 4 196
139 4 197
139 5 3
139 5 4
139 5 5
139 5 55
139 5 56
139 5 57
139 5 139
139 5 140
139 5 141
139 5 195
139 5 196
139 5 197
139 55 3
139 55 4
139 55 5
139 55 55
139 55 56
139 55 57
139 55 139
139 55 140
139 55 141
139 55 195
139 55 196
139 55 197
139 56 3
139 56 4
139 56 5
139 56 55
139 56 56
139 56 57
139 56 139
139 56 140
139 56 141
139 56 195
139 56 196
139 56 197
139 57 3
139 57 4
139 57 5
139 57 55
139 57 56
139 57 57
139 57 139
139 57 140
139 57 141
139 57 195
139 57 196
139 57 197
139 139 3
139 139 4
139 139 5
139 139 55
139 139 56
139 139 57
139 139 139
139 139 140
139 139 141
139 139 195
139 139 196
139 139 197
139 140 3
139 140 4
139 140 5
139 140 55
139 140 56
139 140 57
139 140 139
139 140 140
139 140 141
139 140 195
139 140 196
139 140 197
139 141 3
139 141 4
139 141 5
139 141 55
139 141 56
139 141 57
139 141 139
139 141 140
139 141 141
139 141 195
139 141 196
139 141 197
139 195 3
139 195 4
139 195 5
139 195 55
139 195 56
139 195 57
139 195 139
139 195 140
139 195 141
139 195 195
139 195 196
139 195 197
139 196 3
139 196 4
139 196 5
139 196 55
139 196 56
139 196 57
139 196 139
139 196 140
139 196 141
139 196 195
139 196 196
139 196 197
139 197 3
139 197 4
139 197 5
139 197 55
139 197 56
139 197 57
139 197 139
139 197 140
139 197 141
139 197 195
139 197 196
139 197 197
140 3 3
140 3 4
140 3 5
140 3 55
140 3 56
140 3 57
140 3 139
140 3 140
140 3 141
140 3 195
140 3 196
140 3 197
140 4 3
140 4 5
140 4 55
140 4 57
140 4 139
140 4 141
140 4 195
140 4 197
140 5 3
140 5 4
140 5 5
140 5 55
140 5 56
140 5 57
140 5 139
140 5 140
140 5 141
140 5 195
140 5 196
140 5 197
140 55 3
140 55 4
140 55 5
140 55 55
140 55 56
140 55 57
140 55 139
140 55 140
140 55 141
140 55 195
140 55 196
140 55 197
140 56 3
140 56 5
140 56 55
140 56 57
140 56 139
140 56 141
140 56 195
140 56 197
140 57 3
140 57 4
140 57 5
140 57 55
140 57 56
140 57 57
140 57 139
140 57 140
140 57 141
140 57 195
140 57 196
140 57 197
140 139 3
140 139 4
140 139 5
140 139 55
140 139 56
140 139 57
140 139 139
140 139 140
140 139 141
140 139 195
140 139 196
140 139 197
140 140 3
140 140 5
140 140 55
140 140 57
140 140 139
140 140 141
140 140 195
140 140 197
140 141 3
140 141 4
140 141 5
140 141 55
140 141 56
140 141 57
140 141 139
140 141 140
140 141 141
140 141 195
140 141 196
140 141 197
140 195 3
140 195 4
140 195 5
140 195 55
140 195 56
140 195 57
140 195 139
140 195 140
140 195 141
140 195 195
140 195 196
140 195 197
140 196 3
140 196 5
140 196 55
140 196 57
140 196 139
140 196 141
140 196 195
140 196 197
140 197 3
140 197 4
140 197 5
140 197 55
140 197 56
140 197 57
140 197 139
140 197 140
140 197 141
140 197 195
140 197 196
140 197 197
141 3 3
141 3 4
141 3 5
141 3 55
141 3 56
141 3 57
141 3 139
141 3 140
141 3 141
141 3 195
141 3 196
141 3 197
141 4 3
141 4 4
141 4 5
141 4 55
141 4 56
141 4 57
141 4 139
141 4 140
141 4 141
141 4 195
141 4 196
141 4 197
141 5 3
141 5 4
141 5 5
141 5 55
141 5 56
141 5 57
141 5 139
141 5 140
141 5 141
141 5 195
141 5 196
141 5 197
141 55 3
141 55 4
141 55 5
141 55 55
141 55 56
141 55 57
141 55 139
141 55 140
141 55 141
141 55 195
141 55 196
141 55 197
141 56 3
141 56 4
141 56 5
141 56 55
141 56 56
141 56 57
141 56 139
141 56 140
141 56 141
141 56 195
141 56 196
141 56 197
141 57 3
141 57 4
141 57 5
141 57 55
141 57 56
141 57 57
141 57 139
141 57 140
141 57 141
141 57 195
141 57 196
141 57 197
141 139 3
141 139 4
141 139 5
141 139 55
141 139 56
141 139 57
141 139 139
141 139 140
141 139 141
141 139 195
141 139 196
141 139 197
141 140 3
141 140 4
141 140 5
141 140 55
141 140 56
141 140 57
141 140 139
141 140 140
141 140 141
141 140 195
141 140 196
141 140 197
141 141 3
141 141 4
141 141 5
141 141 55
141 141 56
141 141 57
141 141 139
141 141 140
141 141 141
141 141 195
141 141 196
141 141 197
141 195 3
141 195 4
141 195 5
141 195 55
141 195 56
141 195 57
141 195 139
141 195 140
141 195 141
141 195 195
141 195 196
141 195 197
141 196 3
141 196 4
141 196 5
141 196 55
141 196 56
141 196 57
141 196 139
141 196 140
141 196 141
141 196 195
141 196 196
141 196 197
141 197 3
141 197 4
141 197 5
141 197 55
141 197 56
141 197 57
141 197 139
141 197 140
141 197 141
141 197 195
141 197 196
141 197 197
195 3 3
195 3 4
195 3 5
195 3 55
195 3 56
195 3 57
195 3 139
195 3 140
195 3 141
195 3 195
195 3 196
195 3 197
195 4 3
195 4 4
195 4 5
195 4 55
195 4 56
195 4 57
195 4 139
195 4 140
195 4 141
195 4 195
195 4 196
195 4 197
195 5 3
195 5 4
195 5 5
195 5 55
195 5 56
195 5 57
195 5 139
195 5 140
195 5 141
195 5 195
195 5 196
195 5 197
195 55 3
195 55 4
195 55 5
195 55 55
195 55 56
195 55 57
195 55 139
195 55 140
195 55 141
195 55 195
195 55 196
195 55 197
195 56 3
195 56 4
195 56 5
195 56 55
195 56 56
195 56 57
195 56 139
195 56 140
195 56 141
195 56 195
195 56 196
195 56 197
195 57 3
195 57 4
195 57 5
195 57 55
195 57 56
195 57 57
195 57 139
195 57 140
195 57 141
195 57 195
195 57 196
195 57 197
195 139 3
195 139 4
195 139 5
195 139 55
195 139 56
195 139 57
195 139 139
195 139 140
195 139 141
195 139 195
195 139 196
195 139 197
195 140 3
195 140 4
195 140 5
195 140 55
195 140 56
195 140 57
195 140 139
195 140 140
195 140 141
195 140 195
195 140 196
195 140 197
195 141 3
195 141 4
195 141 5
195 141 55
195 141 56
195 141 57
195 141 139
195 141 140
195 141 141
195 141 195
195 141 196
195 141 197
195 195 3
195 195 4
195 195 5
195 195 55
195 195 56
195 195 57
195 195 139
195 195 140
195 195 141
195 195 195
195 195 196
195 195 197
195 196 3
195 196 4
195 196 5
195 196 55
195 196 56
195 196 57
195 196 139
195 196 140
195 196 141
195 196 195
195 196 196
195 196 197
195 197 3
195 197 4
195 197 5
195 197 55
195 197 56
195 197 57
195 197 139
195 197 140
195 197 141
195 197 195
195 197 196
195 197 197
196 3 3
196 3 4
196 3 5
196 3 55
196 3 56
196 3 57
196 3 139
196 3 140
196 3 141
196 3 195
196 3 196
196 3 197
196 4 3
196 4 5
196 4 55
196 4 57
196 4 139
196 4 141
196 4 195
196 4 197
196 5 3
196 5 4
196 5 5
196 5 55
196 5 56
196 5 57
196 5 139
196 5 140
196 5 141
196 5 195
196 5 196
196 5 197
196 55 3
196 55 4
196 55 5
196 55 55
196 55 56
196 55 57
196 55 139
196 55 140
196 55 141
196 55 195
196 55 196
196 55 197
196 56 3
196 56 5
196 56 55
196 56 57
196 56 139
196 56 141
196 56 195
196 56 197
196 57 3
196 57 4
196 57 5
196 57 55
196 57 56
196 57 57
196 57 139
196 57 140
196 57 141
196 57 195
196 57 196
196 57 197
196 139 3
196 139 4
196 139 5
196 139 55
196 139 56
196 139 57
196 139 139
196 139 140
196 139 141
196 139 195
196 139 196
196 139 197
196 140 3
196 140 5
196 140 55
196 140 57
196 140 139
196 140 141
196 140 195
196 140 197
196 141 3
196 141 4
196 141 5
196 141 55
196 141 56
196 141 57
196 141 139
196 141 140
196 141 141
196 141 195
196 141 196
196 141 197
196 195 3
196 195 4
196 195 5
196 195 55
196 195 56
196 195 57
196 195 139
196 195 140
196 195 141
196 195 195
196 195 196
196 195 197
196 196 3
196 196 5
196 196 55
196 196 57
196 196 139
196 196 141
196 196 195
196 196 197
196 197 3
196 197 4
196 197 5
196 197 55
196 197 56
196 197 57
196 197 139
196 197 140
196 197 141
196 197 195
196 197 196
196 197 197
197 3 3
197 3 4
197 3 5
197 3 55
197 3 56
197 3 57
197 3 139
197 3 140
197 3 141
197 3 195
197 3 196
197 3 197
197 4 3
197 4 4
197 4 5
197 4 55
197 4 56
197 4 57
197 4 139
197 4 140
197 4 141
197 4 195
197 4 196
197 4 197
197 5 3
197 5 4
197 5 5
197 5 55
197 5 56
197 5 57
197 5 139
197 5 140
197 5 141
197 5 195
197 5 196
197 5 197
197 55 3
197 55 4
197 55 5
197 55 55
197 55 56
197 55 57
197 55 139
197 55 140
197 55 141
197 55 195
197 55 196
197 55 197
197 56 3
197 56 4
197 56 5
197 56 55
197 56 56
197 56 57
197 56 139
197 56 140
197 56 141
197 56 195
197 56 196
197 56 197
197 57 3
197 57 4
197 57 5
197 57 55
197 57 56
197 57 57
197 57 139
197 57 140
197 57 141
197 57 195
197 57 196
197 57 197
197 139 3
197 139 4
197 139 5
197 139 55
197 139 56
197 139 57
197 139 139
197 139 140
197 139 141
197 139 195
197 139 196
197 139 197
197 140 3
197 140 4
197 140 5
197 140 55
197 140 56
197 140 57
197 140 139
197 140 140
197 140 141
197 140 195
197 140 196
197 140 197
197 141 3
197 141 4
197 141 5
197 141 55
197 141 56
197 141 57
197 141 139
197 141 140
197 141 141
197 141 195
197 141 196
197 141 197
197 195 3
197 195 4
197 195 5
197 195 55
197 195 56
197 195 57
197 195 139
197 195 140
197 195 141
197 195 195
197 195 196
197 195 197
197 196 3
197 196 4
197 196 5
197 196 55
197 196 56
197 196 57
197 196 139
197 196 140
197 196 141
197 196 195
197 196 196
197 196 197
197 197 3
197 197 4
197 197 5
197 197 55
197 197 56
197 197 57
197 197 139
197 197 140
197 197 141
197 197 195
197 197 196
197 197 197
