200
0 0 0
0 0 8
0 0 64
0 0 72
0 0 128
0 0 136
0 0 192
0 8 0
0 8 8
0 8 64
0 8 72
0 8 128
0 8 136
0 8 192
0 64 0
0 64 8
0 64 64
0 64 72
0 64 128
0 64 136
0 64 192
0 72 0
0 72 8
0 72 64
0 72 72
0 72 128
0 72 136
0 72 192
0 128 0
0 128 8
0 128 64
0 128 72
0 128 128
0 128 136
0 128 192
0 136 0
0 136 8
0 136 64
0 136 72
0 136 128
0 136 136
0 136 192
0 192 0
0 192 8
0 192 64
0 192 72
0 192 128
0 192 136
0 192 192
8 0 0
8 0 8
8 0 64
8 0 72
8 0 128
8 0 136
8 0 192
8 8 0
8 8 8
8 8 64
8 8 72
8 8 128
8 8 136
8 8 192
8 64 0
8 64 8
8 64 64
8 64 72
8 64 128
8 64 136
8 64 192
8 72 0
8 72 8
8 72 64
8 72 72
8 72 128
8 72 136
8 72 192
8 128 0
8 128 8
8 128 64
8 128 72
8 128 128
8 128 136
8 128 192
8 136 0
8 136 8
8 136 64
8 136 72
8 136 128
8 136 136
8 136 192
8 192 0
8 192 8
8 192 64
8 192 72
8 192 128
8 192 136
8 192 192
64 0 0
64 0 8
64 0 64
64 0 72
64 0 128
64 0 136
64 0 192
64 8 0
64 8 8
64 8 64
64 8 72
64 8 128
64 8 136
64 8 192
64 64 0
64 64 8
64 64 64
64 64 72
64 64 128
64 64 136
64 64 192
64 72 0
64 72 8
64 72 64
64 72 72
64 72 128
64 72 136
64 72 192
64 128 0
64 128 8
64 128 64
64 128 72
64 128 128
64 128 136
64 128 192
64 136 0
64 136 8
64 136 64
64 136 72
64 136 128
64 136 136
64 136 192
64 192 0
64 192 8
64 192 64
64 192 72
64 192 128
64 192 136
64 192 192
72 0 0
72 0 8
72 0 64
72 0 72
72 0 128
72 0 136
72 0 192
72 8 0
72 8 8
72 8 64
72 8 72
72 8 128
72 8 136
72 8 192
72 64 0
72 64 8
72 64 64
72 64 72
72 64 128
72 64 136
72 64 192
72 72 0
72 72 8
72 72 64
72 72 72
72 72 128
72 72 136
72 72 192
72 128 0
72 128 8
72 128 64
72 128 72
72 128 128
72 128 136
72 128 192
72 136 0
72 136 8
72 136 64
72 136 72
72 136 128
72 136 136
72 136 192
72 192 0
72 192 8
72 192 64
72 192 72
72 192 128
72 192 136
72 192 192
128 0 0
128 0 8
128 0 64
128 0 72
128 0 128
128 0 136
128 0 192
128 8 0
128 8 8
128 8 64
128 8 72
128 8 128
128 8 136
128 8 192
128 64 0
128 64 8
128 64 64
128 64 72
128 64 128
128 64 136
128 64 192
128 72 0
128 72 8
128 72 64
128 72 72
128 72 128
128 72 136
128 72 192
128 128 0
128 128 8
128 128 64
128 128 72
128 128 128
128 128 136
128 128 192
128 136 0
128 136 8
128 136 64
128 136 72
128 136 128
128 136 136
128 136 192
128 192 0
128 192 8
128 192 64
128 192 72
128 192 128
128 192 136
128 192 192
136 0 0
136 0 8
136 0 64
136 0 72
136 0 128
136 0 136
136 0 192
136 8 0
136 8 8
136 8 64
136 8 72
136 8 128
136 8 136
136 8 192
136 64 0
136 64 8
136 64 64
136 64 72
136 64 128
136 64 136
136 64 192
136 72 0
136 72 8
136 72 64
136 72 72
136 72 128
136 72 136
136 72 192
136 128 0
136 128 8
136 128 64
136 128 72
136 128 128
136 128 136
136 128 192
136 136 0
136 136 8
136 136 64
136 136 72
136 136 128
136 136 136
136 136 192
136 192 0
136 192 8
136 192 64
136 192 72
136 192 128
136 192 136
136 192 192
192 0 0
192 0 8
192 0 64
192 0 72
192 0 128
192 0 136
192 0 192
192 8 0
192 8 8
192 8 64
192 8 72
192 8 128
192 8 136
192 8 192
192 64 0
192 64 8
192 64 64
192 64 72
192 64 128
192 64 136
192 64 192
192 72 0
192 72 8
192 72 64
192 72 72
192 72 128
192 72 136
192 72 192
192 128 0
192 128 8
192 128 64
192 128 72
192 128 128
192 128 136
192 128 192
192 136 0
192 136 8
192 136 64
192 136 72
192 136 128
192 136 136
192 136 192
192 192 0
192 192 8
192 192 64
192 192 72
192 192 128
192 192 136
192 192 192
