200
15 15 15
15 15 16
15 15 17
15 15 31
15 15 32
15 15 33
15 15 163
15 15 164
15 15 165
15 15 179
15 15 180
15 15 181
15 16 15
15 16 16
15 16 17
15 16 31
15 16 32
15 16 33
15 16 163
15 16 164
15 16 165
15 16 179
15 16 180
15 16 181
15 17 15
15 17 16
15 17 17
15 17 31
15 17 32
15 17 33
15 17 163
15 17 164
15 17 165
15 17 179
15 17 180
15 17 181
15 31 15
15 31 16
15 31 17
15 31 31
15 31 32
15 31 33
15 31 163
15 31 164
15 31 165
15 31 179
15 31 180
15 31 181
15 32 15
15 32 16
15 32 17
15 32 31
15 32 32
15 32 33
15 32 163
15 32 164
15 32 165
15 32 179
15 32 180
15 32 181
15 33 15
15 33 16
15 33 17
15 33 31
15 33 32
15 33 33
15 33 163
15 33 164
15 33 165
15 33 179
15 33 180
15 33 181
15 163 15
15 163 16
15 163 17
15 163 31
15 163 32
15 163 33
15 163 163
15 163 164
15 163 165
15 163 179
15 163 180
15 163 181
15 164 15
15 164 16
15 164 17
15 164 31
15 164 32
15 164 33
15 164 163
15 164 164
15 164 165
15 164 179
15 164 180
15 164 181
15 165 15
15 165 16
15 165 17
15 165 31
15 165 32
15 165 33
15 165 163
15 165 164
15 165 165
15 165 179
15 165 180
15 165 181
15 179 15
15 179 16
15 179 17
15 179 31
15 179 32
15 179 33
15 179 163
15 179 164
15 179 165
15 179 179
15 179 180
15 179 181
15 180 15
15 180 16
15 180 17
15 180 31
15 180 32
15 180 33
15 180 163
15 180 164
15 180 165
15 180 179
15 180 180
15 180 181
15 181 15
15 181 16
15 181 17
15 181 31
15 181 32
15 181 33
15 181 163
15 181 164
15 181 165
15 181 179
15 181 180
15 181 181
16 15 15
16 15 16
16 15 17
16 15 31
16 15 32
16 15 33
16 15 163
16 15 164
16 15 165
16 15 179
16 15 180
16 15 181
16 16 15
16 16 17
16 16 31
16 16 33
16 16 163
16 16 165
16 16 179
16 16 181
16 17 15
16 17 16
16 17 17
16 17 31
16 17 32
16 17 33
16 17 163
16 17 164
16 17 165
16 17 179
16 17 180
16 17 181
16 31 15
16 31 16
16 31 17
16 31 31
16 31 32
16 31 33
16 31 163
16 31 164
16 31 165
16 31 179
16 31 180
16 31 181
16 32 15
16 32 17
16 32 31
16 32 33
16 32 163
16 32 165
16 32 179
16 32 181
16 33 15
16 33 16
16 33 17
16 33 31
16 33 32
16 33 33
16 33 163
16 33 164
16 33 165
16 33 179
16 33 180
16 33 181
16 163 15
16 163 16
16 163 17
16 163 31
16 163 32
16 163 33
16 163 163
16 163 164
16 163 165
16 163 179
16 163 180
16 163 181
16 164 15
16 164 17
16 164 31
16 164 33
16 164 163
16 164 165
16 164 179
16 164 181
16 165 15
16 165 16
16 165 17
16 165 31
16 165 32
16 165 33
16 165 163
16 165 164
16 165 165
16 165 179
16 165 180
16 165 181
16 179 15
16 179 16
16 179 17
16 179 31
16 179 32
16 179 33
16 179 163
16 179 164
16 179 165
16 179 179
16 179 180
16 179 181
16 180 15
16 180 17
16 180 31
16 180 33
16 180 163
16 180 165
16 180 179
16 180 181
16 181 15
16 181 16
16 181 17
16 181 31
16 181 32
16 181 33
16 181 163
16 181 164
16 181 165
16 181 179
16 181 180
16 181 181
17 15 15
17 15 16
17 15 17
17 15 31
17 15 32
17 15 33
17 15 163
17 15 164
17 15 165
17 15 179
17 15 180
17 15 181
17 16 15
17 16 16
17 16 17
17 16 31
17 16 32
17 16 33
17 16 163
17 16 164
17 16 165
17 16 179
17 16 180
17 16 181
17 17 15
17 17 16
17 17 17
17 17 31
17 17 32
17 17 33
17 17 163
17 17 164
17 17 165
17 17 179
17 17 180
17 17 181
17 31 15
17 31 16
17 31 17
17 31 31
17 31 32
17 31 33
17 31 163
17 31 164
17 31 165
17 31 179
17 31 180
17 31 181
17 32 15
17 32 16
17 32 17
17 32 31
17 32 32
17 32 33
17 32 163
17 32 164
17 32 165
17 32 179
17 32 180
17 32 181
17 33 15
17 33 16
17 33 17
17 33 31
17 33 32
17 33 33
17 33 163
17 33 164
17 33 165
17 33 179
17 33 180
17 33 181
17 163 15
17 163 16
17 163 17
17 163 31
17 163 32
17 163 33
17 163 163
17 163 164
17 163 165
17 163 179
17 163 180
17 163 181
17 164 15
17 164 16
17 164 17
17 164 31
17 164 32
17 164 33
17 164 163
17 164 164
17 164 165
17 164 179
17 164 180
17 164 181
17 165 15
17 165 16
17 165 17
17 165 31
17 165 32
17 165 33
17 165 163
17 165 164
17 165 165
17 165 179
17 165 180
17 165 181
17 179 15
17 179 16
17 179 17
17 179 31
17 179 32
17 179 33
17 179 163
17 179 164
17 179 165
17 179 179
17 179 180
17 179 181
17 180 15
17 180 16
17 180 17
17 180 31
17 180 32
17 180 33
17 180 163
17 180 164
17 180 165
17 180 179
17 180 180
17 180 181
17 181 15
17 181 16
17 181 17
17 181 31
17 181 32
17 181 33
17 181 163
17 181 164
17 181 165
17 181 179
17 181 180
17 181 181
31 15 15
31 15 16
31 15 17
31 15 31
31 15 32
31 15 33
31 15 163
31 15 164
31 15 165
31 15 179
31 15 180
31 15 181
31 16 15
31 16 16
31 16 17
31 16 31
31 16 32
31 16 33
31 16 163
31 16 164
31 16 165
31 16 179
31 16 180
31 16 181
31 17 15
31 17 16
31 17 17
31 17 31
31 17 32
31 17 33
31 17 163
31 17 164
31 17 165
31 17 179
31 17 180
31 17 181
31 31 15
31 31 16
31 31 17
31 31 31
31 31 32
31 31 33
31 31 163
31 31 164
31 31 165
31 31 179
31 31 180
31 31 181
31 32 15
31 32 16
31 32 17
31 32 31
31 32 32
31 32 33
31 32 163
31 32 164
31 32 165
31 32 179
31 32 180
31 32 181
31 33 15
31 33 16
31 33 17
31 33 31
31 33 32
31 33 33
31 33 163
31 33 164
31 33 165
31 33 179
31 33 180
31 33 181
31 163 15
31 163 16
31 163 17
31 163 31
31 163 32
31 163 33
31 163 163
31 163 164
31 163 165
31 163 179
31 163 180
31 163 181
31 164 15
31 164 16
31 164 17
31 164 31
31 164 32
31 164 33
31 164 163
31 164 164
31 164 165
31 164 179
31 164 180
31 164 181
31 165 15
31 165 16
31 165 17
31 165 31
31 165 32
31 165 33
31 165 163
31 165 164
31 165 165
31 165 179
31 165 180
31 165 181
31 179 15
31 179 16
31 179 17
31 179 31
31 179 32
31 179 33
31 179 163
31 179 164
31 179 165
31 179 179
31 179 180
31 179 181
31 180 15
31 180 16
31 180 17
31 180 31
31 180 32
31 180 33
31 180 163
31 180 164
31 180 165
31 180 179
31 180 180
31 180 181
31 181 15
31 181 16
31 181 17
31 181 31
31 181 32
31 181 33
31 181 163
31 181 164
31 181 165
31 181 179
31 181 180
31 181 181
32 15 15
32 15 16
32 15 17
32 15 31
32 15 32
32 15 33
32 15 163
32 15 164
32 15 165
32 15 179
32 15 180
32 15 181
32 16 15
32 16 17
32 16 31
32 16 33
32 16 163
32 16 165
32 16 179
32 16 181
32 17 15
32 17 16
32 17 17
32 17 31
32 17 32
32 17 33
32 17 163
32 17 164
32 17 165
32 17 179
32 17 180
32 17 181
32 31 15
32 31 16
32 31 17
32 31 31
32 31 32
32 31 33
32 31 163
32 31 164
32 31 165
32 31 179
32 31 180
32 31 181
32 32 15
32 32 17
32 32 31
32 32 33
32 32 163
32 32 165
32 32 179
32 32 181
32 33 15
32 33 16
32 33 17
32 33 31
32 33 32
32 33 33
32 33 163
32 33 164
32 33 165
32 33 179
32 33 180
32 33 181
32 163 15
32 163 16
32 163 17
32 163 31
32 163 32
32 163 33
32 163 163
32 163 164
32 163 165
32 163 179
32 163 180
32 163 181
32 164 15
32 164 17
32 164 31
32 164 33
32 164 163
32 164 165
32 164 179
32 164 181
32 165 15
32 165 16
32 165 17
32 165 31
32 165 32
32 165 33
32 165 163
32 165 164
32 165 165
32 165 179
32 165 180
32 165 181
32 179 15
32 179 16
32 179 17
32 179 31
32 179 32
32 179 33
32 179 163
32 179 164
32 179 165
32 179 179
32 179 180
32 179 181
32 180 15
32 180 17
32 180 31
32 180 33
32 180 163
32 180 165
32 180 179
32 180 181
32 181 15
32 181 16
32 181 17
32 181 31
32 181 32
32 181 33
32 181 163
32 181 164
32 181 165
32 181 179
32 181 180
32 181 181
33 15 15
33 15 16
33 15 17
33 15 31
33 15 32
33 15 33
33 15 163
33 15 164
33 15 165
33 15 179
33 15 180
33 15 181
33 16 15
33 16 16
33 16 17
33 16 31
33 16 32
33 16 33
33 16 163
33 16 164
33 16 165
33 16 179
33 16 180
33 16 181
33 17 15
33 17 16
33 17 17
33 17 31
33 17 32
33 17 33
33 17 163
33 17 164
33 17 165
33 17 179
33 17 180
33 17 181
33 31 15
33 31 16
33 31 17
33 31 31
33 31 32
33 31 33
33 31 163
33 31 164
33 31 165
33 31 179
33 31 180
33 31 181
33 32 15
33 32 16
33 32 17
33 32 31
33 32 32
33 32 33
33 32 163
33 32 164
33 32 165
33 32 179
33 32 180
33 32 181
33 33 15
33 33 16
33 33 17
33 33 31
33 33 32
33 33 33
33 33 163
33 33 164
33 33 165
33 33 179
33 33 180
33 33 181
33 163 15
33 163 16
33 163 17
33 163 31
33 163 32
33 163 33
33 163 163
33 163 164
33 163 165
33 163 179
33 163 180
33 163 181
33 164 15
33 164 16
33 164 17
33 164 31
33 164 32
33 164 33
33 164 163
33 164 164
33 164 165
33 164 179
33 164 180
33 164 181
33 165 15
33 165 16
33 165 17
33 165 31
33 165 32
33 165 33
33 165 163
33 165 164
33 165 165
33 165 179
33 165 180
33 165 181
33 179 15
33 179 16
33 179 17
33 179 31
33 179 32
33 179 33
33 179 163
33 179 164
33 179 165
33 179 179
33 179 180
33 179 181
33 180 15
33 180 16
33 180 17
33 180 31
33 180 32
33 180 33
33 180 163
33 180 164
33 180 165
33 180 179
33 180 180
33 180 181
33 181 15
33 181 16
33 181 17
33 181 31
33 181 32
33 181 33
33 181 163
33 181 164
33 181 165
33 181 179
33 181 180
33 181 181
163 15 15
163 15 16
163 15 17
163 15 31
163 15 32
163 15 33
163 15 163
163 15 164
163 15 165
163 15 179
163 15 180
163 15 181
163 16 15
163 16 16
163 16 17
163 16 31
163 16 32
163 16 33
163 16 163
163 16 164
163 16 165
163 16 179
163 16 180
163 16 181
163 17 15
163 17 16
163 17 17
163 17 31
163 17 32
163 17 33
163 17 163
163 17 164
163 17 165
163 17 179
163 17 180
163 17 181
163 31 15
163 31 16
163 31 17
163 31 31
163 31 32
163 31 33
163 31 163
163 31 164
163 31 165
163 31 179
163 31 180
163 31 181
163 32 15
163 32 16
163 32 17
163 32 31
163 32 32
163 32 33
163 32 163
163 32 164
163 32 165
163 32 179
163 32 180
163 32 181
163 33 15
163 33 16
163 33 17
163 33 31
163 33 32
163 33 33
163 33 163
163 33 164
163 33 165
163 33 179
163 33 180
163 33 181
163 163 15
163 163 16
163 163 17
163 163 31
163 163 32
163 163 33
163 163 163
163 163 164
163 163 165
163 163 179
163 163 180
163 163 181
163 164 15
163 164 16
163 164 17
163 164 31
163 164 32
163 164 33
163 164 163
163 164 164
163 164 165
163 164 179
163 164 180
163 164 181
163 165 15
163 165 16
163 165 17
163 165 31
163 165 32
163 165 33
163 165 163
163 165 164
163 165 165
163 165 179
163 165 180
163 165 181
163 179 15
163 179 16
163 179 17
163 179 31
163 179 32
163 179 33
163 179 163
163 179 164
163 179 165
163 179 179
163 179 180
163 179 181
163 180 15
163 180 16
163 180 17
163 180 31
163 180 32
163 180 33
163 180 163
163 180 164
163 180 165
163 180 179
163 180 180
163 180 181
163 181 15
163 181 16
163 181 17
163 181 31
163 181 32
163 181 33
163 181 163
163 181 164
163 181 165
163 181 179
163 181 180
163 181 181
164 15 15
164 15 16
164 15 17
164 15 31
164 15 32
164 15 33
164 15 163
164 15 164
164 15 165
164 15 179
164 15 180
164 15 181
164 16 15
164 16 17
164 16 31
164 16 33
164 16 163
164 16 165
164 16 179
164 16 181
164 17 15
164 17 16
164 17 17
164 17 31
164 17 32
164 17 33
164 17 163
164 17 164
164 17 165
164 17 179
164 17 180
164 17 181
164 31 15
164 31 16
164 31 17
164 31 31
164 31 32
164 31 33
164 31 163
164 31 164
164 31 165
164 31 179
164 31 180
164 31 181
164 32 15
164 32 17
164 32 31
164 32 33
164 32 163
164 32 165
164 32 179
164 32 181
164 33 15
164 33 16
164 33 17
164 33 31
164 33 32
164 33 33
164 33 163
164 33 164
164 33 165
164 33 179
164 33 180
164 33 181
164 163 15
164 163 16
164 163 17
164 163 31
164 163 32
164 163 33
164 163 163
164 163 164
164 163 165
164 163 179
164 163 180
164 163 181
164 164 15
164 164 17
164 164 31
164 164 33
164 164 163
164 164 165
164 164 179
164 164 181
164 165 15
164 165 16
164 165 17
164 165 31
164 165 32
164 165 33
164 165 163
164 165 164
164 165 165
164 165 179
164 165 180
164 165 181
164 179 15
164 179 16
164 179 17
164 179 31
164 179 32
164 179 33
164 179 163
164 179 164
164 179 165
164 179 179
164 179 180
164 179 181
164 180 15
164 180 17
164 180 31
164 180 33
164 180 163
164 180 165
164 180 179
164 180 181
164 181 15
164 181 16
164 181 17
164 181 31
164 181 32
164 181 33
164 181 163
164 181 164
164 181 165
164 181 179
164 181 180
164 181 181
165 15 15
165 15 16
165 15 17
165 15 31
165 15 32
165 15 33
165 15 163
165 15 164
165 15 165
165 15 179
165 15 180
165 15 181
165 16 15
165 16 16
165 16 17
165 16 31
165 16 32
165 16 33
165 16 163
165 16 164
165 16 165
165 16 179
165 16 180
165 16 181
165 17 15
165 17 16
165 17 17
165 17 31
165 17 32
165 17 33
165 17 163
165 17 164
165 17 165
165 17 179
165 17 180
165 17 181
165 31 15
165 31 16
165 31 17
165 31 31
165 31 32
165 31 33
165 31 163
165 31 164
165 31 165
165 31 179
165 31 180
165 31 181
165 32 15
165 32 16
165 32 17
165 32 31
165 32 32
165 32 33
165 32 163
165 32 164
165 32 165
165 32 179
165 32 180
165 32 181
165 33 15
165 33 16
165 33 17
165 33 31
165 33 32
165 33 33
165 33 163
165 33 164
165 33 165
165 33 179
165 33 180
165 33 181
165 163 15
165 163 16
165 163 17
165 163 31
165 163 32
165 163 33
165 163 163
165 163 164
165 163 165
165 163 179
165 163 180
165 163 181
165 164 15
165 164 16
165 164 17
165 164 31
165 164 32
165 164 33
165 164 163
165 164 164
165 164 165
165 164 179
165 164 180
165 164 181
165 165 15
165 165 16
165 165 17
165 165 31
165 165 32
165 165 33
165 165 163
165 165 164
165 165 165
165 165 179
165 165 180
165 165 181
165 179 15
165 179 16
165 179 17
165 179 31
165 179 32
165 179 33
165 179 163
165 179 164
165 179 165
165 179 179
165 179 180
165 179 181
165 180 15
165 180 16
165 180 17
165 180 31
165 180 32
165 180 33
165 180 163
165 180 164
165 180 165
165 180 179
165 180 180
165 180 181
165 181 15
165 181 16
165 181 17
165 181 31
165 181 32
165 181 33
165 181 163
165 181 164
165 181 165
165 181 179
165 181 180
165 181 181
179 15 15
179 15 16
179 15 17
179 15 31
179 15 32
179 15 33
179 15 163
179 15 164
179 15 165
179 15 179
179 15 180
179 15 181
179 16 15
179 16 16
179 16 17
179 16 31
179 16 32
179 16 33
179 16 163
179 16 164
179 16 165
179 16 179
179 16 180
179 16 181
179 17 15
179 17 16
179 17 17
179 17 31
179 17 32
179 17 33
179 17 163
179 17 164
179 17 165
179 17 179
179 17 180
179 17 181
179 31 15
179 31 16
179 31 17
179 31 31
179 31 32
179 31 33
179 31 163
179 31 164
179 31 165
179 31 179
179 31 180
179 31 181
179 32 15
179 32 16
179 32 17
179 32 31
179 32 32
179 32 33
179 32 163
179 32 164
179 32 165
179 32 179
179 32 180
179 32 181
179 33 15
179 33 16
179 33 17
179 33 31
179 33 32
179 33 33
179 33 163
179 33 164
179 33 165
179 33 179
179 33 180
179 33 181
179 163 15
179 163 16
179 163 17
179 163 31
179 163 32
179 163 33
179 163 163
179 163 164
179 163 165
179 163 179
179 163 180
179 163 181
179 164 15
179 164 16
179 164 17
179 164 31
179 164 32
179 164 33
179 164 163
179 164 164
179 164 165
179 164 179
179 164 180
179 164 181
179 165 15
179 165 16
179 165 17
179 165 31
179 165 32
179 165 33
179 165 163
179 165 164
179 165 165
179 165 179
179 165 180
179 165 181
179 179 15
179 179 16
179 179 17
179 179 31
179 179 32
179 179 33
179 179 163
179 179 164
179 179 165
179 179 179
179 179 180
179 179 181
179 180 15
179 180 16
179 180 17
179 180 31
179 180 32
179 180 33
179 180 163
179 180 164
179 180 165
179 180 179
179 180 180
179 180 181
179 181 15
179 181 16
179 181 17
179 181 31
179 181 32
179 181 33
179 181 163
179 181 164
179 181 165
179 181 179
179 181 180
179 181 181
180 15 15
180 15 16
180 15 17
180 15 31
180 15 32
180 15 33
180 15 163
180 15 164
180 15 165
180 15 179
180 15 180
180 15 181
180 16 15
180 16 17
180 16 31
180 16 33
180 16 163
180 16 165
180 16 179
180 16 181
180 17 15
180 17 16
180 17 17
180 17 31
180 17 32
180 17 33
180 17 163
180 17 164
180 17 165
180 17 179
180 17 180
180 17 181
180 31 15
180 31 16
180 31 17
180 31 31
180 31 32
180 31 33
180 31 163
180 31 164
180 31 165
180 31 179
180 31 180
180 31 181
180 32 15
180 32 17
180 32 31
180 32 33
180 32 163
180 32 165
180 32 179
180 32 181
180 33 15
180 33 16
180 33 17
180 33 31
180 33 32
180 33 33
180 33 163
180 33 164
180 33 165
180 33 179
180 33 180
180 33 181
180 163 15
180 163 16
180 163 17
180 163 31
180 163 32
180 163 33
180 163 163
180 163 164
180 163 165
180 163 179
180 163 180
180 163 181
180 164 15
180 164 17
180 164 31
180 164 33
180 164 163
180 164 165
180 164 179
180 164 181
180 165 15
180 165 16
180 165 17
180 165 31
180 165 32
180 165 33
180 165 163
180 165 164
180 165 165
180 165 179
180 165 180
180 165 181
180 179 15
180 179 16
180 179 17
180 179 31
180 179 32
180 179 33
180 179 163
180 179 164
180 179 165
180 179 179
180 179 180
180 179 181
180 180 15
180 180 17
180 180 31
180 180 33
180 180 163
180 180 165
180 180 179
180 180 181
180 181 15
180 181 16
180 181 17
180 181 31
180 181 32
180 181 33
180 181 163
180 181 164
180 181 165
180 181 179
180 181 180
180 181 181
181 15 15
181 15 16
181 15 17
181 15 31
181 15 32
181 15 33
181 15 163
181 15 164
181 15 165
181 15 179
181 15 180
181 15 181
181 16 15
181 16 16
181 16 17
181 16 31
181 16 32
181 16 33
181 16 163
181 16 164
181 16 165
181 16 179
181 16 180
181 16 181
181 17 15
181 17 16
181 17 17
181 17 31
181 17 32
181 17 33
181 17 163
181 17 164
181 17 165
181 17 179
181 17 180
181 17 181
181 31 15
181 31 16
181 31 17
181 31 31
181 31 32
181 31 33
181 31 163
181 31 164
181 31 165
181 31 179
181 31 180
181 31 181
181 32 15
181 32 16
181 32 17
181 32 31
181 32 32
181 32 33
181 32 163
181 32 164
181 32 165
181 32 179
181 32 180
181 32 181
181 33 15
181 33 16
181 33 17
181 33 31
181 33 32
181 33 33
181 33 163
181 33 164
181 33 165
181 33 179
181 33 180
181 33 181
181 163 15
181 163 16
181 163 17
181 163 31
181 163 32
181 163 33
181 163 163
181 163 164
181 163 165
181 163 179
181 163 180
181 163 181
181 164 15
181 164 16
181 164 17
181 164 31
181 164 32
181 164 33
181 164 163
181 164 164
181 164 165
181 164 179
181 164 180
181 164 181
181 165 15
181 165 16
181 165 17
181 165 31
181 165 32
181 165 33
181 165 163
181 165 164
181 165 165
181 165 179
181 165 180
181 165 181
181 179 15
181 179 16
181 179 17
181 179 31
181 179 32
181 179 33
181 179 163
181 179 164
181 179 165
181 179 179
181 179 180
181 179 181
181 180 15
181 180 16
181 180 17
181 180 31
181 180 32
181 180 33
181 180 163
181 180 164
181 180 165
181 180 179
181 180 180
181 180 181
181 181 15
181 181 16
181 181 17
181 181 31
181 181 32
181 181 33
181 181 163
181 181 164
181 181 165
181 181 179
181 181 180
181 181 181
