200
14 14 14
14 14 18
14 14 30
14 14 34
14 14 162
14 14 166
14 14 178
14 14 182
14 18 14
14 18 18
14 18 30
14 18 34
14 18 162
14 18 166
14 18 178
14 18 182
14 30 14
14 30 18
14 30 30
14 30 34
14 30 162
14 30 166
14 30 178
14 30 182
14 34 14
14 34 18
14 34 30
14 34 34
14 34 162
14 34 166
14 34 178
14 34 182
14 162 14
14 162 18
14 162 30
14 162 34
14 162 162
14 162 166
14 162 178
14 162 182
14 166 14
14 166 18
14 166 30
14 166 34
14 166 162
14 166 166
14 166 178
14 166 182
14 178 14
14 178 18
14 178 30
14 178 34
14 178 162
14 178 166
14 178 178
14 178 182
14 182 14
14 182 18
14 182 30
14 182 34
14 182 162
14 182 166
14 182 178
14 182 182
18 14 14
18 14 18
18 14 30
18 14 34
18 14 162
18 14 166
18 14 178
18 14 182
18 18 14
18 18 18
18 18 30
18 18 34
18 18 162
18 18 166
18 18 178
18 18 182
18 30 14
18 30 18
18 30 30
18 30 34
18 30 162
18 30 166
18 30 178
18 30 182
18 34 14
18 34 18
18 34 30
18 34 34
18 34 162
18 34 166
18 34 178
18 34 182
18 162 14
18 162 18
18 162 30
18 162 34
18 162 162
18 162 166
18 162 178
18 162 182
18 166 14
18 166 18
18 166 30
18 166 34
18 166 162
18 166 166
18 166 178
18 166 182
18 178 14
18 178 18
18 178 30
18 178 34
18 178 162
18 178 166
18 178 178
18 178 182
18 182 14
18 182 18
18 182 30
18 182 34
18 182 162
18 182 166
18 182 178
18 182 182
30 14 14
30 14 18
30 14 30
30 14 34
30 14 162
30 14 166
30 14 178
30 14 182
30 18 14
30 18 18
30 18 30
30 18 34
30 18 162
30 18 166
30 18 178
30 18 182
30 30 14
30 30 18
30 30 30
30 30 34
30 30 162
30 30 166
30 30 178
30 30 182
30 34 14
30 34 18
30 34 30
30 34 34
30 34 162
30 34 166
30 34 178
30 34 182
30 162 14
30 162 18
30 162 30
30 162 34
30 162 162
30 162 166
30 162 178
30 162 182
30 166 14
30 166 18
30 166 30
30 166 34
30 166 162
30 166 166
30 166 178
30 166 182
30 178 14
30 178 18
30 178 30
30 178 34
30 178 162
30 178 166
30 178 178
30 178 182
30 182 14
30 182 18
30 182 30
30 182 34
30 182 162
30 182 166
30 182 178
30 182 182
34 14 14
34 14 18
34 14 30
34 14 34
34 14 162
34 14 166
34 14 178
34 14 182
34 18 14
34 18 18
34 18 30
34 18 34
34 18 162
34 18 166
34 18 178
34 18 182
34 30 14
34 30 18
34 30 30
34 30 34
34 30 162
34 30 166
34 30 178
34 30 182
34 34 14
34 34 18
34 34 30
34 34 34
34 34 162
34 34 166
34 34 178
34 34 182
34 162 14
34 162 18
34 162 30
34 162 34
34 162 162
34 162 166
34 162 178
34 162 182
34 166 14
34 166 18
34 166 30
34 166 34
34 166 162
34 166 166
34 166 178
34 166 182
34 178 14
34 178 18
34 178 30
34 178 34
34 178 162
34 178 166
34 178 178
34 178 182
34 182 14
34 182 18
34 182 30
34 182 34
34 182 162
34 182 166
34 182 178
34 182 182
162 14 14
162 14 18
162 14 30
162 14 34
162 14 162
162 14 166
162 14 178
162 14 182
162 18 14
162 18 18
162 18 30
162 18 34
162 18 162
162 18 166
162 18 178
162 18 182
162 30 14
162 30 18
162 30 30
162 30 34
162 30 162
162 30 166
162 30 178
162 30 182
162 34 14
162 34 18
162 34 30
162 34 34
162 34 162
162 34 166
162 34 178
162 34 182
162 162 14
162 162 18
162 162 30
162 162 34
162 162 162
162 162 166
162 162 178
162 162 182
162 166 14
162 166 18
162 166 30
162 166 34
162 166 162
162 166 166
162 166 178
162 166 182
162 178 14
162 178 18
162 178 30
162 178 34
162 178 162
162 178 166
162 178 178
162 178 182
162 182 14
162 182 18
162 182 30
162 182 34
162 182 162
162 182 166
162 182 178
162 182 182
166 14 14
166 14 18
166 14 30
166 14 34
166 14 162
166 14 166
166 14 178
166 14 182
166 18 14
166 18 18
166 18 30
166 18 34
166 18 162
166 18 166
166 18 178
166 18 182
166 30 14
166 30 18
166 30 30
166 30 34
166 30 162
166 30 166
166 30 178
166 30 182
166 34 14
166 34 18
166 34 30
166 34 34
166 34 162
166 34 166
166 34 178
166 34 182
166 162 14
166 162 18
166 162 30
166 162 34
166 162 162
166 162 166
166 162 178
166 162 182
166 166 14
166 166 18
166 166 30
166 166 34
166 166 162
166 166 166
166 166 178
166 166 182
166 178 14
166 178 18
166 178 30
166 178 34
166 178 162
166 178 166
166 178 178
166 178 182
166 182 14
166 182 18
166 182 30
166 182 34
166 182 162
166 182 166
166 182 178
166 182 182
178 14 14
178 14 18
178 14 30
178 14 34
178 14 162
178 14 166
178 14 178
178 14 182
178 18 14
178 18 18
178 18 30
178 18 34
178 18 162
178 18 166
178 18 178
178 18 182
178 30 14
178 30 18
178 30 30
178 30 34
178 30 162
178 30 166
178 30 178
178 30 182
178 34 14
178 34 18
178 34 30
178 34 34
178 34 162
178 34 166
178 34 178
178 34 182
178 162 14
178 162 18
178 162 30
178 162 34
178 162 162
178 162 166
178 162 178
178 162 182
178 166 14
178 166 18
178 166 30
178 166 34
178 166 162
178 166 166
178 166 178
178 166 182
178 178 14
178 178 18
178 178 30
178 178 34
178 178 162
178 178 166
178 178 178
178 178 182
178 182 14
178 182 18
178 182 30
178 182 34
178 182 162
178 182 166
178 182 178
178 182 182
182 14 14
182 14 18
182 14 30
182 14 34
182 14 162
182 14 166
182 14 178
182 14 182
182 18 14
182 18 18
182 18 30
182 18 34
182 18 162
182 18 166
182 18 178
182 18 182
182 30 14
182 30 18
182 30 30
182 30 34
182 30 162
182 30 166
182 30 178
182 30 182
182 34 14
182 34 18
182 34 30
182 34 34
182 34 162
182 34 166
182 34 178
182 34 182
182 162 14
182 162 18
182 162 30
182 162 34
182 162 162
182 162 166
182 162 178
182 162 182
182 166 14
182 166 18
182 166 30
182 166 34
182 166 162
182 166 166
182 166 178
182 166 182
182 178 14
182 178 18
182 178 30
182 178 34
182 178 162
182 178 166
182 178 178
182 178 182
182 182 14
182 182 18
182 182 30
182 182 34
182 182 162
182 182 166
182 182 178
182 182 182
