200
78 78 78
78 78 82
78 78 86
78 78 90
78 78 110
78 78 114
78 78 118
78 78 122
78 82 78
78 82 82
78 82 86
78 82 90
78 82 110
78 82 114
78 82 118
78 82 122
78 86 78
78 86 82
78 86 86
78 86 90
78 86 110
78 86 114
78 86 118
78 86 122
78 90 78
78 90 82
78 90 86
78 90 90
78 90 110
78 90 114
78 90 118
78 90 122
78 110 78
78 110 82
78 110 86
78 110 90
78 110 110
78 110 114
78 110 118
78 110 122
78 114 78
78 114 82
78 114 86
78 114 90
78 114 110
78 114 114
78 114 118
78 114 122
78 118 78
78 118 82
78 118 86
78 118 90
78 118 110
78 118 114
78 118 118
78 118 122
78 122 78
78 122 82
78 122 86
78 122 90
78 122 110
78 122 114
78 122 118
78 122 122
82 78 78
82 78 82
82 78 86
82 78 90
82 78 110
82 78 114
82 78 118
82 78 122
82 82 78
82 82 82
82 82 86
82 82 90
82 82 110
82 82 114
82 82 118
82 82 122
82 86 78
82 86 82
82 86 86
82 86 90
82 86 110
82 86 114
82 86 118
82 86 122
82 90 78
82 90 82
82 90 86
82 90 90
82 90 110
82 90 114
82 90 118
82 90 122
82 110 78
82 110 82
82 110 86
82 110 90
82 110 110
82 110 114
82 110 118
82 110 122
82 114 78
82 114 82
82 114 86
82 114 90
82 114 110
82 114 114
82 114 118
82 114 122
82 118 78
82 118 82
82 118 86
82 118 90
82 118 110
82 118 114
82 118 118
82 118 122
82 122 78
82 122 82
82 122 86
82 122 90
82 122 110
82 122 114
82 122 118
82 122 122
86 78 78
86 78 82
86 78 86
86 78 90
86 78 110
86 78 114
86 78 118
86 78 122
86 82 78
86 82 82
86 82 86
86 82 90
86 82 110
86 82 114
86 82 118
86 82 122
86 86 78
86 86 82
86 86 86
86 86 90
86 86 110
86 86 114
86 86 118
86 86 122
86 90 78
86 90 82
86 90 86
86 90 90
86 90 110
86 90 114
86 90 118
86 90 122
86 110 78
86 110 82
86 110 86
86 110 90
86 110 110
86 110 114
86 110 118
86 110 122
86 114 78
86 114 82
86 114 86
86 114 90
86 114 110
86 114 114
86 114 118
86 114 122
86 118 78
86 118 82
86 118 86
86 118 90
86 118 110
86 118 114
86 118 118
86 118 122
86 122 78
86 122 82
86 122 86
86 122 90
86 122 110
86 122 114
86 122 118
86 122 122
90 78 78
90 78 82
90 78 86
90 78 90
90 78 110
90 78 114
90 78 118
90 78 122
90 82 78
90 82 82
90 82 86
90 82 90
90 82 110
90 82 114
90 82 118
90 82 122
90 86 78
90 86 82
90 86 86
90 86 90
90 86 110
90 86 114
90 86 118
90 86 122
90 90 78
90 90 82
90 90 86
90 90 90
90 90 110
90 90 114
90 90 118
90 90 122
90 110 78
90 110 82
90 110 86
90 110 90
90 110 110
90 110 114
90 110 118
90 110 122
90 114 78
90 114 82
90 114 86
90 114 90
90 114 110
90 114 114
90 114 118
90 114 122
90 118 78
90 118 82
90 118 86
90 118 90
90 118 110
90 118 114
90 118 118
90 118 122
90 122 78
90 122 82
90 122 86
90 122 90
90 122 110
90 122 114
90 122 118
90 122 122
110 78 78
110 78 82
110 78 86
110 78 90
110 78 110
110 78 114
110 78 118
110 78 122
110 82 78
110 82 82
110 82 86
110 82 90
110 82 110
110 82 114
110 82 118
110 82 122
110 86 78
110 86 82
110 86 86
110 86 90
110 86 110
110 86 114
110 86 118
110 86 122
110 90 78
110 90 82
110 90 86
110 90 90
110 90 110
110 90 114
110 90 118
110 90 122
110 110 78
110 110 82
110 110 86
110 110 90
110 110 110
110 110 114
110 110 118
110 110 122
110 114 78
110 114 82
110 114 86
110 114 90
110 114 110
110 114 114
110 114 118
110 114 122
110 118 78
110 118 82
110 118 86
110 118 90
110 118 110
110 118 114
110 118 118
110 118 122
110 122 78
110 122 82
110 122 86
110 122 90
110 122 110
110 122 114
110 122 118
110 122 122
114 78 78
114 78 82
114 78 86
114 78 90
114 78 110
114 78 114
114 78 118
114 78 122
114 82 78
114 82 82
114 82 86
114 82 90
114 82 110
114 82 114
114 82 118
114 82 122
114 86 78
114 86 82
114 86 86
114 86 90
114 86 110
114 86 114
114 86 118
114 86 122
114 90 78
114 90 82
114 90 86
114 90 90
114 90 110
114 90 114
114 90 118
114 90 122
114 110 78
114 110 82
114 110 86
114 110 90
114 110 110
114 110 114
114 110 118
114 110 122
114 114 78
114 114 82
114 114 86
114 114 90
114 114 110
114 114 114
114 114 118
114 114 122
114 118 78
114 118 82
114 118 86
114 118 90
114 118 110
114 118 114
114 118 118
114 118 122
114 122 78
114 122 82
114 122 86
114 122 90
114 122 110
114 122 114
114 122 118
114 122 122
118 78 78
118 78 82
118 78 86
118 78 90
118 78 110
118 78 114
118 78 118
118 78 122
118 82 78
118 82 82
118 82 86
118 82 90
118 82 110
118 82 114
118 82 118
118 82 122
118 86 78
118 86 82
118 86 86
118 86 90
118 86 110
118 86 114
118 86 118
118 86 122
118 90 78
118 90 82
118 90 86
118 90 90
118 90 110
118 90 114
118 90 118
118 90 122
118 110 78
118 110 82
118 110 86
118 110 90
118 110 110
118 110 114
118 110 118
118 110 122
118 114 78
118 114 82
118 114 86
118 114 90
118 114 110
118 114 114
118 114 118
118 114 122
118 118 78
118 118 82
118 118 86
118 118 90
118 118 110
118 118 114
118 118 118
118 118 122
118 122 78
118 122 82
118 122 86
118 122 90
118 122 110
118 122 114
118 122 118
118 122 122
122 78 78
122 78 82
122 78 86
122 78 90
122 78 110
122 78 114
122 78 118
122 78 122
122 82 78
122 82 82
122 82 86
122 82 90
122 82 110
122 82 114
122 82 118
122 82 122
122 86 78
122 86 82
122 86 86
122 86 90
122 86 110
122 86 114
122 86 118
122 86 122
122 90 78
122 90 82
122 90 86
122 90 90
122 90 110
122 90 114
122 90 118
122 90 122
122 110 78
122 110 82
122 110 86
122 110 90
122 110 110
122 110 114
122 110 118
122 110 122
122 114 78
122 114 82
122 114 86
122 114 90
122 114 110
122 114 114
122 114 118
122 114 122
122 118 78
122 118 82
122 118 86
122 118 90
122 118 110
122 118 114
122 118 118
122 118 122
122 122 78
122 122 82
122 122 86
122 122 90
122 122 110
122 122 114
122 122 118
122 122 122
