200
32 32 32
32 32 40
32 32 84
32 32 92
32 32 104
32 32 112
32 32 160
32 32 168
32 40 32
32 40 40
32 40 84
32 40 92
32 40 104
32 40 112
32 40 160
32 40 168
32 84 32
32 84 40
32 84 84
32 84 92
32 84 104
32 84 112
32 84 160
32 84 168
32 92 32
32 92 40
32 92 84
32 92 92
32 92 104
32 92 112
32 92 160
32 92 168
32 104 32
32 104 40
32 104 84
32 104 92
32 104 104
32 104 112
32 104 160
32 104 168
32 112 32
32 112 40
32 112 84
32 112 92
32 112 104
32 112 112
32 112 160
32 112 168
32 160 32
32 160 40
32 160 84
32 160 92
32 160 104
32 160 112
32 160 160
32 160 168
32 168 32
32 168 40
32 168 84
32 168 92
32 168 104
32 168 112
32 168 160
32 168 168
40 32 32
40 32 40
40 32 84
40 32 92
40 32 104
40 32 112
40 32 160
40 32 168
40 40 32
40 40 40
40 40 84
40 40 92
40 40 104
40 40 112
40 40 160
40 40 168
40 84 32
40 84 40
40 84 84
40 84 92
40 84 104
40 84 112
40 84 160
40 84 168
40 92 32
40 92 40
40 92 84
40 92 92
40 92 104
40 92 112
40 92 160
40 92 168
40 104 32
40 104 40
40 104 84
40 104 92
40 104 104
40 104 112
40 104 160
40 104 168
40 112 32
40 112 40
40 112 84
40 112 92
40 112 104
40 112 112
40 112 160
40 112 168
40 160 32
40 160 40
40 160 84
40 160 92
40 160 104
40 160 112
40 160 160
40 160 168
40 168 32
40 168 40
40 168 84
40 168 92
40 168 104
40 168 112
40 168 160
40 168 168
84 32 32
84 32 40
84 32 84
84 32 92
84 32 104
84 32 112
84 32 160
84 32 168
84 40 32
84 40 40
84 40 84
84 40 92
84 40 104
84 40 112
84 40 160
84 40 168
84 84 32
84 84 40
84 84 84
84 84 92
84 84 104
84 84 112
84 84 160
84 84 168
84 92 32
84 92 40
84 92 84
84 92 92
84 92 104
84 92 112
84 92 160
84 92 168
84 104 32
84 104 40
84 104 84
84 104 92
84 104 104
84 104 112
84 104 160
84 104 168
84 112 32
84 112 40
84 112 84
84 112 92
84 112 104
84 112 112
84 112 160
84 112 168
84 160 32
84 160 40
84 160 84
84 160 92
84 160 104
84 160 112
84 160 160
84 160 168
84 168 32
84 168 40
84 168 84
84 168 92
84 168 104
84 168 112
84 168 160
84 168 168
92 32 32
92 32 40
92 32 84
92 32 92
92 32 104
92 32 112
92 32 160
92 32 168
92 40 32
92 40 40
92 40 84
92 40 92
92 40 104
92 40 112
92 40 160
92 40 168
92 84 32
92 84 40
92 84 84
92 84 92
92 84 104
92 84 112
92 84 160
92 84 168
92 92 32
92 92 40
92 92 84
92 92 92
92 92 104
92 92 112
92 92 160
92 92 168
92 104 32
92 104 40
92 104 84
92 104 92
92 104 104
92 104 112
92 104 160
92 104 168
92 112 32
92 112 40
92 112 84
92 112 92
92 112 104
92 112 112
92 112 160
92 112 168
92 160 32
92 160 40
92 160 84
92 160 92
92 160 104
92 160 112
92 160 160
92 160 168
92 168 32
92 168 40
92 168 84
92 168 92
92 168 104
92 168 112
92 168 160
92 168 168
104 32 32
104 32 40
104 32 84
104 32 92
104 32 104
104 32 112
104 32 160
104 32 168
104 40 32
104 40 40
104 40 84
104 40 92
104 40 104
104 40 112
104 40 160
104 40 168
104 84 32
104 84 40
104 84 84
104 84 92
104 84 104
104 84 112
104 84 160
104 84 168
104 92 32
104 92 40
104 92 84
104 92 92
104 92 104
104 92 112
104 92 160
104 92 168
104 104 32
104 104 40
104 104 84
104 104 92
104 104 104
104 104 112
104 104 160
104 104 168
104 112 32
104 112 40
104 112 84
104 112 92
104 112 104
104 112 112
104 112 160
104 112 168
104 160 32
104 160 40
104 160 84
104 160 92
104 160 104
104 160 112
104 160 160
104 160 168
104 168 32
104 168 40
104 168 84
104 168 92
104 168 104
104 168 112
104 168 160
104 168 168
112 32 32
112 32 40
112 32 84
112 32 92
112 32 104
112 32 112
112 32 160
112 32 168
112 40 32
112 40 40
112 40 84
112 40 92
112 40 104
112 40 112
112 40 160
112 40 168
112 84 32
112 84 40
112 84 84
112 84 92
112 84 104
112 84 112
112 84 160
112 84 168
112 92 32
112 92 40
112 92 84
112 92 92
112 92 104
112 92 112
112 92 160
112 92 168
112 104 32
112 104 40
112 104 84
112 104 92
112 104 104
112 104 112
112 104 160
112 104 168
112 112 32
112 112 40
112 112 84
112 112 92
112 112 104
112 112 112
112 112 160
112 112 168
112 160 32
112 160 40
112 160 84
112 160 92
112 160 104
112 160 112
112 160 160
112 160 168
112 168 32
112 168 40
112 168 84
112 168 92
112 168 104
112 168 112
112 168 160
112 168 168
160 32 32
160 32 40
160 32 84
160 32 92
160 32 104
160 32 112
160 32 160
160 32 168
160 40 32
160 40 40
160 40 84
160 40 92
160 40 104
160 40 112
160 40 160
160 40 168
160 84 32
160 84 40
160 84 84
160 84 92
160 84 104
160 84 112
160 84 160
160 84 168
160 92 32
160 92 40
160 92 84
160 92 92
160 92 104
160 92 112
160 92 160
160 92 168
160 104 32
160 104 40
160 104 84
160 104 92
160 104 104
160 104 112
160 104 160
160 104 168
160 112 32
160 112 40
160 112 84
160 112 92
160 112 104
160 112 112
160 112 160
160 112 168
160 160 32
160 160 40
160 160 84
160 160 92
160 160 104
160 160 112
160 160 160
160 160 168
160 168 32
160 168 40
160 168 84
160 168 92
160 168 104
160 168 112
160 168 160
160 168 168
168 32 32
168 32 40
168 32 84
168 32 92
168 32 104
168 32 112
168 32 160
168 32 168
168 40 32
168 40 40
168 40 84
168 40 92
168 40 104
168 40 112
168 40 160
168 40 168
168 84 32
168 84 40
168 84 84
168 84 92
168 84 104
168 84 112
168 84 160
168 84 168
168 92 32
168 92 40
168 92 84
168 92 92
168 92 104
168 92 112
168 92 160
168 92 168
168 104 32
168 104 40
168 104 84
168 104 92
168 104 104
168 104 112
168 104 160
168 104 168
168 112 32
168 112 40
168 112 84
168 112 92
168 112 104
168 112 112
168 112 160
168 112 168
168 160 32
168 160 40
168 160 84
168 160 92
168 160 104
168 160 112
168 160 160
168 160 168
168 168 32
168 168 40
168 168 84
168 168 92
168 168 104
168 168 112
168 168 160
168 168 168
