200
76 76 76
76 76 92
76 76 108
76 76 124
76 92 76
76 92 92
76 92 108
76 92 124
76 108 76
76 108 92
76 108 108
76 108 124
76 124 76
76 124 92
76 124 108
76 124 124
92 76 76
92 76 92
92 76 108
92 76 124
92 92 76
92 92 92
92 92 108
92 92 124
92 108 76
92 108 92
92 108 108
92 108 124
92 124 76
92 124 92
92 124 108
92 124 124
108 76 76
108 76 92
108 76 108
108 76 124
108 92 76
108 92 92
108 92 108
108 92 124
108 108 76
108 108 92
108 108 108
108 108 124
108 124 76
108 124 92
108 124 108
108 124 124
124 76 76
124 76 92
124 76 108
124 76 124
124 92 76
124 92 92
124 92 108
124 92 124
124 108 76
124 108 92
124 108 108
124 108 124
124 124 76
124 124 92
124 124 108
124 124 124
