200
30 30 30
30 30 34
30 30 38
30 30 42
30 30 158
30 30 162
30 30 166
30 30 170
30 34 30
30 34 34
30 34 38
30 34 42
30 34 158
30 34 162
30 34 166
30 34 170
30 38 30
30 38 34
30 38 38
30 38 42
30 38 158
30 38 162
30 38 166
30 38 170
30 42 30
30 42 34
30 42 38
30 42 42
30 42 158
30 42 162
30 42 166
30 42 170
30 158 30
30 158 34
30 158 38
30 158 42
30 158 158
30 158 162
30 158 166
30 158 170
30 162 30
30 162 34
30 162 38
30 162 42
30 162 158
30 162 162
30 162 166
30 162 170
30 166 30
30 166 34
30 166 38
30 166 42
30 166 158
30 166 162
30 166 166
30 166 170
30 170 30
30 170 34
30 170 38
30 170 42
30 170 158
30 170 162
30 170 166
30 170 170
34 30 30
34 30 34
34 30 38
34 30 42
34 30 158
34 30 162
34 30 166
34 30 170
34 34 30
34 34 34
34 34 38
34 34 42
34 34 158
34 34 162
34 34 166
34 34 170
34 38 30
34 38 34
34 38 38
34 38 42
34 38 158
34 38 162
34 38 166
34 38 170
34 42 30
34 42 34
34 42 38
34 42 42
34 42 158
34 42 162
34 42 166
34 42 170
34 158 30
34 158 34
34 158 38
34 158 42
34 158 158
34 158 162
34 158 166
34 158 170
34 162 30
34 162 34
34 162 38
34 162 42
34 162 158
34 162 162
34 162 166
34 162 170
34 166 30
34 166 34
34 166 38
34 166 42
34 166 158
34 166 162
34 166 166
34 166 170
34 170 30
34 170 34
34 170 38
34 170 42
34 170 158
34 170 162
34 170 166
34 170 170
38 30 30
38 30 34
38 30 38
38 30 42
38 30 158
38 30 162
38 30 166
38 30 170
38 34 30
38 34 34
38 34 38
38 34 42
38 34 158
38 34 162
38 34 166
38 34 170
38 38 30
38 38 34
38 38 38
38 38 42
38 38 158
38 38 162
38 38 166
38 38 170
38 42 30
38 42 34
38 42 38
38 42 42
38 42 158
38 42 162
38 42 166
38 42 170
38 158 30
38 158 34
38 158 38
38 158 42
38 158 158
38 158 162
38 158 166
38 158 170
38 162 30
38 162 34
38 162 38
38 162 42
38 162 158
38 162 162
38 162 166
38 162 170
38 166 30
38 166 34
38 166 38
38 166 42
38 166 158
38 166 162
38 166 166
38 166 170
38 170 30
38 170 34
38 170 38
38 170 42
38 170 158
38 170 162
38 170 166
38 170 170
42 30 30
42 30 34
42 30 38
42 30 42
42 30 158
42 30 162
42 30 166
42 30 170
42 34 30
42 34 34
42 34 38
42 34 42
42 34 158
42 34 162
42 34 166
42 34 170
42 38 30
42 38 34
42 38 38
42 38 42
42 38 158
42 38 162
42 38 166
42 38 170
42 42 30
42 42 34
42 42 38
42 42 42
42 42 158
42 42 162
42 42 166
42 42 170
42 158 30
42 158 34
42 158 38
42 158 42
42 158 158
42 158 162
42 158 166
42 158 170
42 162 30
42 162 34
42 162 38
42 162 42
42 162 158
42 162 162
42 162 166
42 162 170
42 166 30
42 166 34
42 166 38
42 166 42
42 166 158
42 166 162
42 166 166
42 166 170
42 170 30
42 170 34
42 170 38
42 170 42
42 170 158
42 170 162
42 170 166
42 170 170
158 30 30
158 30 34
158 30 38
158 30 42
158 30 158
158 30 162
158 30 166
158 30 170
158 34 30
158 34 34
158 34 38
158 34 42
158 34 158
158 34 162
158 34 166
158 34 170
158 38 30
158 38 34
158 38 38
158 38 42
158 38 158
158 38 162
158 38 166
158 38 170
158 42 30
158 42 34
158 42 38
158 42 42
158 42 158
158 42 162
158 42 166
158 42 170
158 158 30
158 158 34
158 158 38
158 158 42
158 158 158
158 158 162
158 158 166
158 158 170
158 162 30
158 162 34
158 162 38
158 162 42
158 162 158
158 162 162
158 162 166
158 162 170
158 166 30
158 166 34
158 166 38
158 166 42
158 166 158
158 166 162
158 166 166
158 166 170
158 170 30
158 170 34
158 170 38
158 170 42
158 170 158
158 170 162
158 170 166
158 170 170
162 30 30
162 30 34
162 30 38
162 30 42
162 30 158
162 30 162
162 30 166
162 30 170
162 34 30
162 34 34
162 34 38
162 34 42
162 34 158
162 34 162
162 34 166
162 34 170
162 38 30
162 38 34
162 38 38
162 38 42
162 38 158
162 38 162
162 38 166
162 38 170
162 42 30
162 42 34
162 42 38
162 42 42
162 42 158
162 42 162
162 42 166
162 42 170
162 158 30
162 158 34
162 158 38
162 158 42
162 158 158
162 158 162
162 158 166
162 158 170
162 162 30
162 162 34
162 162 38
162 162 42
162 162 158
162 162 162
162 162 166
162 162 170
162 166 30
162 166 34
162 166 38
162 166 42
162 166 158
162 166 162
162 166 166
162 166 170
162 170 30
162 170 34
162 170 38
162 170 42
162 170 158
162 170 162
162 170 166
162 170 170
166 30 30
166 30 34
166 30 38
166 30 42
166 30 158
166 30 162
166 30 166
166 30 170
166 34 30
166 34 34
166 34 38
166 34 42
166 34 158
166 34 162
166 34 166
166 34 170
166 38 30
166 38 34
166 38 38
166 38 42
166 38 158
166 38 162
166 38 166
166 38 170
166 42 30
166 42 34
166 42 38
166 42 42
166 42 158
166 42 162
166 42 166
166 42 170
166 158 30
166 158 34
166 158 38
166 158 42
166 158 158
166 158 162
166 158 166
166 158 170
166 162 30
166 162 34
166 162 38
166 162 42
166 162 158
166 162 162
166 162 166
166 162 170
166 166 30
166 166 34
166 166 38
166 166 42
166 166 158
166 166 162
166 166 166
166 166 170
166 170 30
166 170 34
166 170 38
166 170 42
166 170 158
166 170 162
166 170 166
166 170 170
170 30 30
170 30 34
170 30 38
170 30 42
170 30 158
170 30 162
170 30 166
170 30 170
170 34 30
170 34 34
170 34 38
170 34 42
170 34 158
170 34 162
170 34 166
170 34 170
170 38 30
170 38 34
170 38 38
170 38 42
170 38 158
170 38 162
170 38 166
170 38 170
170 42 30
170 42 34
170 42 38
170 42 42
170 42 158
170 42 162
170 42 166
170 42 170
170 158 30
170 158 34
170 158 38
170 158 42
170 158 158
170 158 162
170 158 166
170 158 170
170 162 30
170 162 34
170 162 38
170 162 42
170 162 158
170 162 162
170 162 166
170 162 170
170 166 30
170 166 34
170 166 38
170 166 42
170 166 158
170 166 162
170 166 166
170 166 170
170 170 30
170 170 34
170 170 38
170 170 42
170 170 158
170 170 162
170 170 166
170 170 170
