200
59 59 59
59 59 60
59 59 61
59 59 75
59 59 76
59 59 77
59 59 123
59 59 124
59 59 125
59 59 139
59 59 140
59 59 141
59 60 59
59 60 60
59 60 61
59 60 75
59 60 76
59 60 77
59 60 123
59 60 124
59 60 125
59 60 139
59 60 140
59 60 141
59 61 59
59 61 60
59 61 61
59 61 75
59 61 76
59 61 77
59 61 123
59 61 124
59 61 125
59 61 139
59 61 140
59 61 141
59 75 59
59 75 60
59 75 61
59 75 75
59 75 76
59 75 77
59 75 123
59 75 124
59 75 125
59 75 139
59 75 140
59 75 141
59 76 59
59 76 60
59 76 61
59 76 75
59 76 76
59 76 77
59 76 123
59 76 124
59 76 125
59 76 139
59 76 140
59 76 141
59 77 59
59 77 60
59 77 61
59 77 75
59 77 76
59 77 77
59 77 123
59 77 124
59 77 125
59 77 139
59 77 140
59 77 141
59 123 59
59 123 60
59 123 61
59 123 75
59 123 76
59 123 77
59 123 123
59 123 124
59 123 125
59 123 139
59 123 140
59 123 141
59 124 59
59 124 60
59 124 61
59 124 75
59 124 76
59 124 77
59 124 123
59 124 124
59 124 125
59 124 139
59 124 140
59 124 141
59 125 59
59 125 60
59 125 61
59 125 75
59 125 76
59 125 77
59 125 123
59 125 124
59 125 125
59 125 139
59 125 140
59 125 141
59 139 59
59 139 60
59 139 61
59 139 75
59 139 76
59 139 77
59 139 123
59 139 124
59 139 125
59 139 139
59 139 140
59 139 141
59 140 59
59 140 60
59 140 61
59 140 75
59 140 76
59 140 77
59 140 123
59 140 124
59 140 125
59 140 139
59 140 140
59 140 141
59 141 59
59 141 60
59 141 61
59 141 75
59 141 76
59 141 77
59 141 123
59 141 124
59 141 125
59 141 139
59 141 140
59 141 141
60 59 59
60 59 60
60 59 61
60 59 75
60 59 76
60 59 77
60 59 123
60 59 124
60 59 125
60 59 139
60 59 140
60 59 141
60 60 59
60 60 61
60 60 75
60 60 77
60 60 123
60 60 125
60 60 139
60 60 141
60 61 59
60 61 60
60 61 61
60 61 75
60 61 76
60 61 77
60 61 123
60 61 124
60 61 125
60 61 139
60 61 140
60 61 141
60 75 59
60 75 60
60 75 61
60 75 75
60 75 76
60 75 77
60 75 123
60 75 124
60 75 125
60 75 139
60 75 140
60 75 141
60 76 59
60 76 61
60 76 75
60 76 77
60 76 123
60 76 125
60 76 139
60 76 141
60 77 59
60 77 60
60 77 61
60 77 75
60 77 76
60 77 77
60 77 123
60 77 124
60 77 125
60 77 139
60 77 140
60 77 141
60 123 59
60 123 60
60 123 61
60 123 75
60 123 76
60 123 77
60 123 123
60 123 124
60 123 125
60 123 139
60 123 140
60 123 141
60 124 59
60 124 61
60 124 75
60 124 77
60 124 123
60 124 125
60 124 139
60 124 141
60 125 59
60 125 60
60 125 61
60 125 75
60 125 76
60 125 77
60 125 123
60 125 124
60 125 125
60 125 139
60 125 140
60 125 141
60 139 59
60 139 60
60 139 61
60 139 75
60 139 76
60 139 77
60 139 123
60 139 124
60 139 125
60 139 139
60 139 140
60 139 141
60 140 59
60 140 61
60 140 75
60 140 77
60 140 123
60 140 125
60 140 139
60 140 141
60 141 59
60 141 60
60 141 61
60 141 75
60 141 76
60 141 77
60 141 123
60 141 124
60 141 125
60 141 139
60 141 140
60 141 141
61 59 59
61 59 60
61 59 61
61 59 75
61 59 76
61 59 77
61 59 123
61 59 124
61 59 125
61 59 139
61 59 140
61 59 141
61 60 59
61 60 60
61 60 61
61 60 75
61 60 76
61 60 77
61 60 123
61 60 124
61 60 125
61 60 139
61 60 140
61 60 141
61 61 59
61 61 60
61 61 61
61 61 75
61 61 76
61 61 77
61 61 123
61 61 124
61 61 125
61 61 139
61 61 140
61 61 141
61 75 59
61 75 60
61 75 61
61 75 75
61 75 76
61 75 77
61 75 123
61 75 124
61 75 125
61 75 139
61 75 140
61 75 141
61 76 59
61 76 60
61 76 61
61 76 75
61 76 76
61 76 77
61 76 123
61 76 124
61 76 125
61 76 139
61 76 140
61 76 141
61 77 59
61 77 60
61 77 61
61 77 75
61 77 76
61 77 77
61 77 123
61 77 124
61 77 125
61 77 139
61 77 140
61 77 141
61 123 59
61 123 60
61 123 61
61 123 75
61 123 76
61 123 77
61 123 123
61 123 124
61 123 125
61 123 139
61 123 140
61 123 141
61 124 59
61 124 60
61 124 61
61 124 75
61 124 76
61 124 77
61 124 123
61 124 124
61 124 125
61 124 139
61 124 140
61 124 141
61 125 59
61 125 60
61 125 61
61 125 75
61 125 76
61 125 77
61 125 123
61 125 124
61 125 125
61 125 139
61 125 140
61 125 141
61 139 59
61 139 60
61 139 61
61 139 75
61 139 76
61 139 77
61 139 123
61 139 124
61 139 125
61 139 139
61 139 140
61 139 141
61 140 59
61 140 60
61 140 61
61 140 75
61 140 76
61 140 77
61 140 123
61 140 124
61 140 125
61 140 139
61 140 140
61 140 141
61 141 59
61 141 60
61 141 61
61 141 75
61 141 76
61 141 77
61 141 123
61 141 124
61 141 125
61 141 139
61 141 140
61 141 141
75 59 59
75 59 60
75 59 61
75 59 75
75 59 76
75 59 77
75 59 123
75 59 124
75 59 125
75 59 139
75 59 140
75 59 141
75 60 59
75 60 60
75 60 61
75 60 75
75 60 76
75 60 77
75 60 123
75 60 124
75 60 125
75 60 139
75 60 140
75 60 141
75 61 59
75 61 60
75 61 61
75 61 75
75 61 76
75 61 77
75 61 123
75 61 124
75 61 125
75 61 139
75 61 140
75 61 141
75 75 59
75 75 60
75 75 61
75 75 75
75 75 76
75 75 77
75 75 123
75 75 124
75 75 125
75 75 139
75 75 140
75 75 141
75 76 59
75 76 60
75 76 61
75 76 75
75 76 76
75 76 77
75 76 123
75 76 124
75 76 125
75 76 139
75 76 140
75 76 141
75 77 59
75 77 60
75 77 61
75 77 75
75 77 76
75 77 77
75 77 123
75 77 124
75 77 125
75 77 139
75 77 140
75 77 141
75 123 59
75 123 60
75 123 61
75 123 75
75 123 76
75 123 77
75 123 123
75 123 124
75 123 125
75 123 139
75 123 140
75 123 141
75 124 59
75 124 60
75 124 61
75 124 75
75 124 76
75 124 77
75 124 123
75 124 124
75 124 125
75 124 139
75 124 140
75 124 141
75 125 59
75 125 60
75 125 61
75 125 75
75 125 76
75 125 77
75 125 123
75 125 124
75 125 125
75 125 139
75 125 140
75 125 141
75 139 59
75 139 60
75 139 61
75 139 75
75 139 76
75 139 77
75 139 123
75 139 124
75 139 125
75 139 139
75 139 140
75 139 141
75 140 59
75 140 60
75 140 61
75 140 75
75 140 76
75 140 77
75 140 123
75 140 124
75 140 125
75 140 139
75 140 140
75 140 141
75 141 59
75 141 60
75 141 61
75 141 75
75 141 76
75 141 77
75 141 123
75 141 124
75 141 125
75 141 139
75 141 140
75 141 141
76 59 59
76 59 60
76 59 61
76 59 75
76 59 76
76 59 77
76 59 123
76 59 124
76 59 125
76 59 139
76 59 140
76 59 141
76 60 59
76 60 61
76 60 75
76 60 77
76 60 123
76 60 125
76 60 139
76 60 141
76 61 59
76 61 60
76 61 61
76 61 75
76 61 76
76 61 77
76 61 123
76 61 124
76 61 125
76 61 139
76 61 140
76 61 141
76 75 59
76 75 60
76 75 61
76 75 75
76 75 76
76 75 77
76 75 123
76 75 124
76 75 125
76 75 139
76 75 140
76 75 141
76 76 59
76 76 61
76 76 75
76 76 77
76 76 123
76 76 125
76 76 139
76 76 141
76 77 59
76 77 60
76 77 61
76 77 75
76 77 76
76 77 77
76 77 123
76 77 124
76 77 125
76 77 139
76 77 140
76 77 141
76 123 59
76 123 60
76 123 61
76 123 75
76 123 76
76 123 77
76 123 123
76 123 124
76 123 125
76 123 139
76 123 140
76 123 141
76 124 59
76 124 61
76 124 75
76 124 77
76 124 123
76 124 125
76 124 139
76 124 141
76 125 59
76 125 60
76 125 61
76 125 75
76 125 76
76 125 77
76 125 123
76 125 124
76 125 125
76 125 139
76 125 140
76 125 141
76 139 59
76 139 60
76 139 61
76 139 75
76 139 76
76 139 77
76 139 123
76 139 124
76 139 125
76 139 139
76 139 140
76 139 141
76 140 59
76 140 61
76 140 75
76 140 77
76 140 123
76 140 125
76 140 139
76 140 141
76 141 59
76 141 60
76 141 61
76 141 75
76 141 76
76 141 77
76 141 123
76 141 124
76 141 125
76 141 139
76 141 140
76 141 141
77 59 59
77 59 60
77 59 61
77 59 75
77 59 76
77 59 77
77 59 123
77 59 124
77 59 125
77 59 139
77 59 140
77 59 141
77 60 59
77 60 60
77 60 61
77 60 75
77 60 76
77 60 77
77 60 123
77 60 124
77 60 125
77 60 139
77 60 140
77 60 141
77 61 59
77 61 60
77 61 61
77 61 75
77 61 76
77 61 77
77 61 123
77 61 124
77 61 125
77 61 139
77 61 140
77 61 141
77 75 59
77 75 60
77 75 61
77 75 75
77 75 76
77 75 77
77 75 123
77 75 124
77 75 125
77 75 139
77 75 140
77 75 141
77 76 59
77 76 60
77 76 61
77 76 75
77 76 76
77 76 77
77 76 123
77 76 124
77 76 125
77 76 139
77 76 140
77 76 141
77 77 59
77 77 60
77 77 61
77 77 75
77 77 76
77 77 77
77 77 123
77 77 124
77 77 125
77 77 139
77 77 140
77 77 141
77 123 59
77 123 60
77 123 61
77 123 75
77 123 76
77 123 77
77 123 123
77 123 124
77 123 125
77 123 139
77 123 140
77 123 141
77 124 59
77 124 60
77 124 61
77 124 75
77 124 76
77 124 77
77 124 123
77 124 124
77 124 125
77 124 139
77 124 140
77 124 141
77 125 59
77 125 60
77 125 61
77 125 75
77 125 76
77 125 77
77 125 123
77 125 124
77 125 125
77 125 139
77 125 140
77 125 141
77 139 59
77 139 60
77 139 61
77 139 75
77 139 76
77 139 77
77 139 123
77 139 124
77 139 125
77 139 139
77 139 140
77 139 141
77 140 59
77 140 60
77 140 61
77 140 75
77 140 76
77 140 77
77 140 123
77 140 124
77 140 125
77 140 139
77 140 140
77 140 141
77 141 59
77 141 60
77 141 61
77 141 75
77 141 76
77 141 77
77 141 123
77 141 124
77 141 125
77 141 139
77 141 140
77 141 141
123 59 59
123 59 60
123 59 61
123 59 75
123 59 76
123 59 77
123 59 123
123 59 124
123 59 125
123 59 139
123 59 140
123 59 141
123 60 59
123 60 60
123 60 61
123 60 75
123 60 76
123 60 77
123 60 123
123 60 124
123 60 125
123 60 139
123 60 140
123 60 141
123 61 59
123 61 60
123 61 61
123 61 75
123 61 76
123 61 77
123 61 123
123 61 124
123 61 125
123 61 139
123 61 140
123 61 141
123 75 59
123 75 60
123 75 61
123 75 75
123 75 76
123 75 77
123 75 123
123 75 124
123 75 125
123 75 139
123 75 140
123 75 141
123 76 59
123 76 60
123 76 61
123 76 75
123 76 76
123 76 77
123 76 123
123 76 124
123 76 125
123 76 139
123 76 140
123 76 141
123 77 59
123 77 60
123 77 61
123 77 75
123 77 76
123 77 77
123 77 123
123 77 124
123 77 125
123 77 139
123 77 140
123 77 141
123 123 59
123 123 60
123 123 61
123 123 75
123 123 76
123 123 77
123 123 123
123 123 124
123 123 125
123 123 139
123 123 140
123 123 141
123 124 59
123 124 60
123 124 61
123 124 75
123 124 76
123 124 77
123 124 123
123 124 124
123 124 125
123 124 139
123 124 140
123 124 141
123 125 59
123 125 60
123 125 61
123 125 75
123 125 76
123 125 77
123 125 123
123 125 124
123 125 125
123 125 139
123 125 140
123 125 141
123 139 59
123 139 60
123 139 61
123 139 75
123 139 76
123 139 77
123 139 123
123 139 124
123 139 125
123 139 139
123 139 140
123 139 141
123 140 59
123 140 60
123 140 61
123 140 75
123 140 76
123 140 77
123 140 123
123 140 124
123 140 125
123 140 139
123 140 140
123 140 141
123 141 59
123 141 60
123 141 61
123 141 75
123 141 76
123 141 77
123 141 123
123 141 124
123 141 125
123 141 139
123 141 140
123 141 141
124 59 59
124 59 60
124 59 61
124 59 75
124 59 76
124 59 77
124 59 123
124 59 124
124 59 125
124 59 139
124 59 140
124 59 141
124 60 59
124 60 61
124 60 75
124 60 77
124 60 123
124 60 125
124 60 139
124 60 141
124 61 59
124 61 60
124 61 61
124 61 75
124 61 76
124 61 77
124 61 123
124 61 124
124 61 125
124 61 139
124 61 140
124 61 141
124 75 59
124 75 60
124 75 61
124 75 75
124 75 76
124 75 77
124 75 123
124 75 124
124 75 125
124 75 139
124 75 140
124 75 141
124 76 59
124 76 61
124 76 75
124 76 77
124 76 123
124 76 125
124 76 139
124 76 141
124 77 59
124 77 60
124 77 61
124 77 75
124 77 76
124 77 77
124 77 123
124 77 124
124 77 125
124 77 139
124 77 140
124 77 141
124 123 59
124 123 60
124 123 61
124 123 75
124 123 76
124 123 77
124 123 123
124 123 124
124 123 125
124 123 139
124 123 140
124 123 141
124 124 59
124 124 61
124 124 75
124 124 77
124 124 123
124 124 125
124 124 139
124 124 141
124 125 59
124 125 60
124 125 61
124 125 75
124 125 76
124 125 77
124 125 123
124 125 124
124 125 125
124 125 139
124 125 140
124 125 141
124 139 59
124 139 60
124 139 61
124 139 75
124 139 76
124 139 77
124 139 123
124 139 124
124 139 125
124 139 139
124 139 140
124 139 141
124 140 59
124 140 61
124 140 75
124 140 77
124 140 123
124 140 125
124 140 139
124 140 141
124 141 59
124 141 60
124 141 61
124 141 75
124 141 76
124 141 77
124 141 123
124 141 124
124 141 125
124 141 139
124 141 140
124 141 141
125 59 59
125 59 60
125 59 61
125 59 75
125 59 76
125 59 77
125 59 123
125 59 124
125 59 125
125 59 139
125 59 140
125 59 141
125 60 59
125 60 60
125 60 61
125 60 75
125 60 76
125 60 77
125 60 123
125 60 124
125 60 125
125 60 139
125 60 140
125 60 141
125 61 59
125 61 60
125 61 61
125 61 75
125 61 76
125 61 77
125 61 123
125 61 124
125 61 125
125 61 139
125 61 140
125 61 141
125 75 59
125 75 60
125 75 61
125 75 75
125 75 76
125 75 77
125 75 123
125 75 124
125 75 125
125 75 139
125 75 140
125 75 141
125 76 59
125 76 60
125 76 61
125 76 75
125 76 76
125 76 77
125 76 123
125 76 124
125 76 125
125 76 139
125 76 140
125 76 141
125 77 59
125 77 60
125 77 61
125 77 75
125 77 76
125 77 77
125 77 123
125 77 124
125 77 125
125 77 139
125 77 140
125 77 141
125 123 59
125 123 60
125 123 61
125 123 75
125 123 76
125 123 77
125 123 123
125 123 124
125 123 125
125 123 139
125 123 140
125 123 141
125 124 59
125 124 60
125 124 61
125 124 75
125 124 76
125 124 77
125 124 123
125 124 124
125 124 125
125 124 139
125 124 140
125 124 141
125 125 59
125 125 60
125 125 61
125 125 75
125 125 76
125 125 77
125 125 123
125 125 124
125 125 125
125 125 139
125 125 140
125 125 141
125 139 59
125 139 60
125 139 61
125 139 75
125 139 76
125 139 77
125 139 123
125 139 124
125 139 125
125 139 139
125 139 140
125 139 141
125 140 59
125 140 60
125 140 61
125 140 75
125 140 76
125 140 77
125 140 123
125 140 124
125 140 125
125 140 139
125 140 140
125 140 141
125 141 59
125 141 60
125 141 61
125 141 75
125 141 76
125 141 77
125 141 123
125 141 124
125 141 125
125 141 139
125 141 140
125 141 141
139 59 59
139 59 60
139 59 61
139 59 75
139 59 76
139 59 77
139 59 123
139 59 124
139 59 125
139 59 139
139 59 140
139 59 141
139 60 59
139 60 60
139 60 61
139 60 75
139 60 76
139 60 77
139 60 123
139 60 124
139 60 125
139 60 139
139 60 140
139 60 141
139 61 59
139 61 60
139 61 61
139 61 75
139 61 76
139 61 77
139 61 123
139 61 124
139 61 125
139 61 139
139 61 140
139 61 141
139 75 59
139 75 60
139 75 61
139 75 75
139 75 76
139 75 77
139 75 123
139 75 124
139 75 125
139 75 139
139 75 140
139 75 141
139 76 59
139 76 60
139 76 61
139 76 75
139 76 76
139 76 77
139 76 123
139 76 124
139 76 125
139 76 139
139 76 140
139 76 141
139 77 59
139 77 60
139 77 61
139 77 75
139 77 76
139 77 77
139 77 123
139 77 124
139 77 125
139 77 139
139 77 140
139 77 141
139 123 59
139 123 60
139 123 61
139 123 75
139 123 76
139 123 77
139 123 123
139 123 124
139 123 125
139 123 139
139 123 140
139 123 141
139 124 59
139 124 60
139 124 61
139 124 75
139 124 76
139 124 77
139 124 123
139 124 124
139 124 125
139 124 139
139 124 140
139 124 141
139 125 59
139 125 60
139 125 61
139 125 75
139 125 76
139 125 77
139 125 123
139 125 124
139 125 125
139 125 139
139 125 140
139 125 141
139 139 59
139 139 60
139 139 61
139 139 75
139 139 76
139 139 77
139 139 123
139 139 124
139 139 125
139 139 139
139 139 140
139 139 141
139 140 59
139 140 60
139 140 61
139 140 75
139 140 76
139 140 77
139 140 123
139 140 124
139 140 125
139 140 139
139 140 140
139 140 141
139 141 59
139 141 60
139 141 61
139 141 75
139 141 76
139 141 77
139 141 123
139 141 124
139 141 125
139 141 139
139 141 140
139 141 141
140 59 59
140 59 60
140 59 61
140 59 75
140 59 76
140 59 77
140 59 123
140 59 124
140 59 125
140 59 139
140 59 140
140 59 141
140 60 59
140 60 61
140 60 75
140 60 77
140 60 123
140 60 125
140 60 139
140 60 141
140 61 59
140 61 60
140 61 61
140 61 75
140 61 76
140 61 77
140 61 123
140 61 124
140 61 125
140 61 139
140 61 140
140 61 141
140 75 59
140 75 60
140 75 61
140 75 75
140 75 76
140 75 77
140 75 123
140 75 124
140 75 125
140 75 139
140 75 140
140 75 141
140 76 59
140 76 61
140 76 75
140 76 77
140 76 123
140 76 125
140 76 139
140 76 141
140 77 59
140 77 60
140 77 61
140 77 75
140 77 76
140 77 77
140 77 123
140 77 124
140 77 125
140 77 139
140 77 140
140 77 141
140 123 59
140 123 60
140 123 61
140 123 75
140 123 76
140 123 77
140 123 123
140 123 124
140 123 125
140 123 139
140 123 140
140 123 141
140 124 59
140 124 61
140 124 75
140 124 77
140 124 123
140 124 125
140 124 139
140 124 141
140 125 59
140 125 60
140 125 61
140 125 75
140 125 76
140 125 77
140 125 123
140 125 124
140 125 125
140 125 139
140 125 140
140 125 141
140 139 59
140 139 60
140 139 61
140 139 75
140 139 76
140 139 77
140 139 123
140 139 124
140 139 125
140 139 139
140 139 140
140 139 141
140 140 59
140 140 61
140 140 75
140 140 77
140 140 123
140 140 125
140 140 139
140 140 141
140 141 59
140 141 60
140 141 61
140 141 75
140 141 76
140 141 77
140 141 123
140 141 124
140 141 125
140 141 139
140 141 140
140 141 141
141 59 59
141 59 60
141 59 61
141 59 75
141 59 76
141 59 77
141 59 123
141 59 124
141 59 125
141 59 139
141 59 140
141 59 141
141 60 59
141 60 60
141 60 61
141 60 75
141 60 76
141 60 77
141 60 123
141 60 124
141 60 125
141 60 139
141 60 140
141 60 141
141 61 59
141 61 60
141 61 61
141 61 75
141 61 76
141 61 77
141 61 123
141 61 124
141 61 125
141 61 139
141 61 140
141 61 141
141 75 59
141 75 60
141 75 61
141 75 75
141 75 76
141 75 77
141 75 123
141 75 124
141 75 125
141 75 139
141 75 140
141 75 141
141 76 59
141 76 60
141 76 61
141 76 75
141 76 76
141 76 77
141 76 123
141 76 124
141 76 125
141 76 139
141 76 140
141 76 141
141 77 59
141 77 60
141 77 61
141 77 75
141 77 76
141 77 77
141 77 123
141 77 124
141 77 125
141 77 139
141 77 140
141 77 141
141 123 59
141 123 60
141 123 61
141 123 75
141 123 76
141 123 77
141 123 123
141 123 124
141 123 125
141 123 139
141 123 140
141 123 141
141 124 59
141 124 60
141 124 61
141 124 75
141 124 76
141 124 77
141 124 123
141 124 124
141 124 125
141 124 139
141 124 140
141 124 141
141 125 59
141 125 60
141 125 61
141 125 75
141 125 76
141 125 77
141 125 123
141 125 124
141 125 125
141 125 139
141 125 140
141 125 141
141 139 59
141 139 60
141 139 61
141 139 75
141 139 76
141 139 77
141 139 123
141 139 124
141 139 125
141 139 139
141 139 140
141 139 141
141 140 59
141 140 60
141 140 61
141 140 75
141 140 76
141 140 77
141 140 123
141 140 124
141 140 125
141 140 139
141 140 140
141 140 141
141 141 59
141 141 60
141 141 61
141 141 75
141 141 76
141 141 77
141 141 123
141 141 124
141 141 125
141 141 139
141 141 140
141 141 141
