200
34 34 34
34 34 38
34 34 86
34 34 90
34 34 106
34 34 110
34 34 162
34 34 166
34 38 34
34 38 38
34 38 86
34 38 90
34 38 106
34 38 110
34 38 162
34 38 166
34 86 34
34 86 38
34 86 86
34 86 90
34 86 106
34 86 110
34 86 162
34 86 166
34 90 34
34 90 38
34 90 86
34 90 90
34 90 106
34 90 110
34 90 162
34 90 166
34 106 34
34 106 38
34 106 86
34 106 90
34 106 106
34 106 110
34 106 162
34 106 166
34 110 34
34 110 38
34 110 86
34 110 90
34 110 106
34 110 110
34 110 162
34 110 166
34 162 34
34 162 38
34 162 86
34 162 90
34 162 106
34 162 110
34 162 162
34 162 166
34 166 34
34 166 38
34 166 86
34 166 90
34 166 106
34 166 110
34 166 162
34 166 166
38 34 34
38 34 38
38 34 86
38 34 90
38 34 106
38 34 110
38 34 162
38 34 166
38 38 34
38 38 38
38 38 86
38 38 90
38 38 106
38 38 110
38 38 162
38 38 166
38 86 34
38 86 38
38 86 86
38 86 90
38 86 106
38 86 110
38 86 162
38 86 166
38 90 34
38 90 38
38 90 86
38 90 90
38 90 106
38 90 110
38 90 162
38 90 166
38 106 34
38 106 38
38 106 86
38 106 90
38 106 106
38 106 110
38 106 162
38 106 166
38 110 34
38 110 38
38 110 86
38 110 90
38 110 106
38 110 110
38 110 162
38 110 166
38 162 34
38 162 38
38 162 86
38 162 90
38 162 106
38 162 110
38 162 162
38 162 166
38 166 34
38 166 38
38 166 86
38 166 90
38 166 106
38 166 110
38 166 162
38 166 166
86 34 34
86 34 38
86 34 86
86 34 90
86 34 106
86 34 110
86 34 162
86 34 166
86 38 34
86 38 38
86 38 86
86 38 90
86 38 106
86 38 110
86 38 162
86 38 166
86 86 34
86 86 38
86 86 86
86 86 90
86 86 106
86 86 110
86 86 162
86 86 166
86 90 34
86 90 38
86 90 86
86 90 90
86 90 106
86 90 110
86 90 162
86 90 166
86 106 34
86 106 38
86 106 86
86 106 90
86 106 106
86 106 110
86 106 162
86 106 166
86 110 34
86 110 38
86 110 86
86 110 90
86 110 106
86 110 110
86 110 162
86 110 166
86 162 34
86 162 38
86 162 86
86 162 90
86 162 106
86 162 110
86 162 162
86 162 166
86 166 34
86 166 38
86 166 86
86 166 90
86 166 106
86 166 110
86 166 162
86 166 166
90 34 34
90 34 38
90 34 86
90 34 90
90 34 106
90 34 110
90 34 162
90 34 166
90 38 34
90 38 38
90 38 86
90 38 90
90 38 106
90 38 110
90 38 162
90 38 166
90 86 34
90 86 38
90 86 86
90 86 90
90 86 106
90 86 110
90 86 162
90 86 166
90 90 34
90 90 38
90 90 86
90 90 90
90 90 106
90 90 110
90 90 162
90 90 166
90 106 34
90 106 38
90 106 86
90 106 90
90 106 106
90 106 110
90 106 162
90 106 166
90 110 34
90 110 38
90 110 86
90 110 90
90 110 106
90 110 110
90 110 162
90 110 166
90 162 34
90 162 38
90 162 86
90 162 90
90 162 106
90 162 110
90 162 162
90 162 166
90 166 34
90 166 38
90 166 86
90 166 90
90 166 106
90 166 110
90 166 162
90 166 166
106 34 34
106 34 38
106 34 86
106 34 90
106 34 106
106 34 110
106 34 162
106 34 166
106 38 34
106 38 38
106 38 86
106 38 90
106 38 106
106 38 110
106 38 162
106 38 166
106 86 34
106 86 38
106 86 86
106 86 90
106 86 106
106 86 110
106 86 162
106 86 166
106 90 34
106 90 38
106 90 86
106 90 90
106 90 106
106 90 110
106 90 162
106 90 166
106 106 34
106 106 38
106 106 86
106 106 90
106 106 106
106 106 110
106 106 162
106 106 166
106 110 34
106 110 38
106 110 86
106 110 90
106 110 106
106 110 110
106 110 162
106 110 166
106 162 34
106 162 38
106 162 86
106 162 90
106 162 106
106 162 110
106 162 162
106 162 166
106 166 34
106 166 38
106 166 86
106 166 90
106 166 106
106 166 110
106 166 162
106 166 166
110 34 34
110 34 38
110 34 86
110 34 90
110 34 106
110 34 110
110 34 162
110 34 166
110 38 34
110 38 38
110 38 86
110 38 90
110 38 106
110 38 110
110 38 162
110 38 166
110 86 34
110 86 38
110 86 86
110 86 90
110 86 106
110 86 110
110 86 162
110 86 166
110 90 34
110 90 38
110 90 86
110 90 90
110 90 106
110 90 110
110 90 162
110 90 166
110 106 34
110 106 38
110 106 86
110 106 90
110 106 106
110 106 110
110 106 162
110 106 166
110 110 34
110 110 38
110 110 86
110 110 90
110 110 106
110 110 110
110 110 162
110 110 166
110 162 34
110 162 38
110 162 86
110 162 90
110 162 106
110 162 110
110 162 162
110 162 166
110 166 34
110 166 38
110 166 86
110 166 90
110 166 106
110 166 110
110 166 162
110 166 166
162 34 34
162 34 38
162 34 86
162 34 90
162 34 106
162 34 110
162 34 162
162 34 166
162 38 34
162 38 38
162 38 86
162 38 90
162 38 106
162 38 110
162 38 162
162 38 166
162 86 34
162 86 38
162 86 86
162 86 90
162 86 106
162 86 110
162 86 162
162 86 166
162 90 34
162 90 38
162 90 86
162 90 90
162 90 106
162 90 110
162 90 162
162 90 166
162 106 34
162 106 38
162 106 86
162 106 90
162 106 106
162 106 110
162 106 162
162 106 166
162 110 34
162 110 38
162 110 86
162 110 90
162 110 106
162 110 110
162 110 162
162 110 166
162 162 34
162 162 38
162 162 86
162 162 90
162 162 106
162 162 110
162 162 162
162 162 166
162 166 34
162 166 38
162 166 86
162 166 90
162 166 106
162 166 110
162 166 162
162 166 166
166 34 34
166 34 38
166 34 86
166 34 90
166 34 106
166 34 110
166 34 162
166 34 166
166 38 34
166 38 38
166 38 86
166 38 90
166 38 106
166 38 110
166 38 162
166 38 166
166 86 34
166 86 38
166 86 86
166 86 90
166 86 106
166 86 110
166 86 162
166 86 166
166 90 34
166 90 38
166 90 86
166 90 90
166 90 106
166 90 110
166 90 162
166 90 166
166 106 34
166 106 38
166 106 86
166 106 90
166 106 106
166 106 110
166 106 162
166 106 166
166 110 34
166 110 38
166 110 86
166 110 90
166 110 106
166 110 110
166 110 162
166 110 166
166 162 34
166 162 38
166 162 86
166 162 90
166 162 106
166 162 110
166 162 162
166 162 166
166 166 34
166 166 38
166 166 86
166 166 90
166 166 106
166 166 110
166 166 162
166 166 166
