20
0 0 14
0 1 14
0 2 9
0 2 11
0 2 18
0 3 5
0 3 8
0 3 9
0 3 11
0 3 12
0 3 13
0 4 5
0 4 6
0 4 8
0 4 10
0 4 13
0 5 5
0 5 6
0 5 7
0 5 9
1 0 14
1 1 14
1 2 9
1 2 12
1 2 13
1 3 9
1 3 12
1 3 19
1 4 13
1 5 8
1 5 9
1 5 17
1 6 5
1 6 15
1 6 16
1 6 17
1 7 13
1 7 15
2 0 8
2 0 11
2 1 13
2 1 14
2 1 17
2 2 5
2 2 8
2 2 9
2 2 10
2 2 12
2 3 3
2 3 8
2 3 11
2 3 12
2 4 8
2 4 11
2 4 15
2 4 16
2 4 18
2 5 3
2 5 8
2 5 16
2 6 5
2 6 11
2 6 15
2 6 17
2 7 14
2 7 16
2 8 14
3 0 12
3 0 18
3 2 4
3 2 7
3 2 12
3 2 16
3 3 8
3 3 11
3 3 12
3 4 8
3 4 9
3 4 15
3 4 18
3 5 3
3 5 15
3 5 17
3 5 18
3 6 5
3 6 11
3 6 14
3 6 17
3 7 13
3 8 13
3 8 14
4 0 12
4 1 12
4 1 14
4 1 15
4 1 17
4 2 4
4 2 6
4 2 12
4 2 13
4 2 15
4 2 16
4 2 17
4 3 3
4 3 10
4 3 12
4 3 15
4 3 18
4 4 3
4 4 8
4 4 10
4 4 11
4 4 14
4 4 17
4 5 6
4 5 7
4 7 14
4 7 15
5 0 10
5 0 12
5 0 14
5 1 14
5 2 5
5 2 13
5 3 4
5 3 6
5 3 7
5 3 12
5 3 16
5 3 17
5 4 4
5 4 9
5 4 16
5 5 14
5 5 15
5 5 16
5 6 14
5 6 15
6 0 8
6 0 9
6 0 12
6 0 13
6 2 12
6 3 9
6 3 10
6 3 11
7 1 10
7 1 11
7 2 10
