200
90 90 90
90 90 94
90 90 106
90 90 110
90 94 90
90 94 94
90 94 106
90 94 110
90 106 90
90 106 94
90 106 106
90 106 110
90 110 90
90 110 94
90 110 106
90 110 110
94 90 90
94 90 94
94 90 106
94 90 110
94 94 90
94 94 94
94 94 106
94 94 110
94 106 90
94 106 94
94 106 106
94 106 110
94 110 90
94 110 94
94 110 106
94 110 110
106 90 90
106 90 94
106 90 106
106 90 110
106 94 90
106 94 94
106 94 106
106 94 110
106 106 90
106 106 94
106 106 106
106 106 110
106 110 90
106 110 94
106 110 106
106 110 110
110 90 90
110 90 94
110 90 106
110 90 110
110 94 90
110 94 94
110 94 106
110 94 110
110 106 90
110 106 94
110 106 106
110 106 110
110 110 90
110 110 94
110 110 106
110 110 110
