200
4 4 4
4 4 12
4 4 16
4 4 24
4 4 36
4 4 44
4 4 68
4 4 76
4 4 120
4 4 128
4 4 152
4 4 160
4 4 176
4 4 192
4 12 4
4 12 12
4 12 16
4 12 24
4 12 36
4 12 44
4 12 68
4 12 76
4 12 120
4 12 128
4 12 152
4 12 160
4 12 176
4 12 192
4 16 4
4 16 12
4 16 16
4 16 24
4 16 36
4 16 44
4 16 68
4 16 76
4 16 120
4 16 128
4 16 152
4 16 160
4 16 176
4 16 192
4 24 4
4 24 12
4 24 16
4 24 24
4 24 36
4 24 44
4 24 68
4 24 76
4 24 120
4 24 128
4 24 152
4 24 160
4 24 176
4 24 192
4 36 4
4 36 12
4 36 16
4 36 24
4 36 36
4 36 44
4 36 68
4 36 76
4 36 120
4 36 128
4 36 152
4 36 160
4 36 176
4 36 192
4 44 4
4 44 12
4 44 16
4 44 24
4 44 36
4 44 44
4 44 68
4 44 76
4 44 120
4 44 128
4 44 152
4 44 160
4 44 176
4 44 192
4 68 4
4 68 12
4 68 16
4 68 24
4 68 36
4 68 44
4 68 68
4 68 76
4 68 120
4 68 128
4 68 152
4 68 160
4 68 176
4 68 192
4 76 4
4 76 12
4 76 16
4 76 24
4 76 36
4 76 44
4 76 68
4 76 76
4 76 120
4 76 128
4 76 152
4 76 160
4 76 176
4 76 192
4 120 4
4 120 12
4 120 16
4 120 24
4 120 36
4 120 44
4 120 68
4 120 76
4 120 120
4 120 128
4 120 152
4 120 160
4 120 176
4 120 192
4 128 4
4 128 12
4 128 16
4 128 24
4 128 36
4 128 44
4 128 68
4 128 76
4 128 120
4 128 128
4 128 152
4 128 160
4 128 176
4 128 192
4 152 4
4 152 12
4 152 16
4 152 24
4 152 36
4 152 44
4 152 68
4 152 76
4 152 120
4 152 128
4 152 152
4 152 160
4 152 176
4 152 192
4 160 4
4 160 12
4 160 16
4 160 24
4 160 36
4 160 44
4 160 68
4 160 76
4 160 120
4 160 128
4 160 152
4 160 160
4 160 176
4 160 192
4 176 4
4 176 12
4 176 16
4 176 24
4 176 36
4 176 44
4 176 68
4 176 76
4 176 120
4 176 128
4 176 152
4 176 160
4 176 176
4 176 192
4 192 4
4 192 12
4 192 16
4 192 24
4 192 36
4 192 44
4 192 68
4 192 76
4 192 120
4 192 128
4 192 152
4 192 160
4 192 176
4 192 192
12 4 4
12 4 12
12 4 16
12 4 24
12 4 36
12 4 44
12 4 68
12 4 76
12 4 120
12 4 128
12 4 152
12 4 160
12 4 176
12 4 192
12 12 4
12 12 12
12 12 16
12 12 24
12 12 36
12 12 44
12 12 68
12 12 76
12 12 120
12 12 128
12 12 152
12 12 160
12 12 176
12 12 192
12 16 4
12 16 12
12 16 16
12 16 24
12 16 36
12 16 44
12 16 68
12 16 76
12 16 120
12 16 128
12 16 152
12 16 160
12 16 176
12 16 192
12 24 4
12 24 12
12 24 16
12 24 24
12 24 36
12 24 44
12 24 68
12 24 76
12 24 120
12 24 128
12 24 152
12 24 160
12 24 176
12 24 192
12 36 4
12 36 12
12 36 16
12 36 24
12 36 36
12 36 44
12 36 68
12 36 76
12 36 120
12 36 128
12 36 152
12 36 160
12 36 176
12 36 192
12 44 4
12 44 12
12 44 16
12 44 24
12 44 36
12 44 44
12 44 68
12 44 76
12 44 120
12 44 128
12 44 152
12 44 160
12 44 176
12 44 192
12 68 4
12 68 12
12 68 16
12 68 24
12 68 36
12 68 44
12 68 68
12 68 76
12 68 120
12 68 128
12 68 152
12 68 160
12 68 176
12 68 192
12 76 4
12 76 12
12 76 16
12 76 24
12 76 36
12 76 44
12 76 68
12 76 76
12 76 120
12 76 128
12 76 152
12 76 160
12 76 176
12 76 192
12 120 4
12 120 12
12 120 16
12 120 24
12 120 36
12 120 44
12 120 68
12 120 76
12 120 120
12 120 128
12 120 152
12 120 160
12 120 176
12 120 192
12 128 4
12 128 12
12 128 16
12 128 24
12 128 36
12 128 44
12 128 68
12 128 76
12 128 120
12 128 128
12 128 152
12 128 160
12 128 176
12 128 192
12 152 4
12 152 12
12 152 16
12 152 24
12 152 36
12 152 44
12 152 68
12 152 76
12 152 120
12 152 128
12 152 152
12 152 160
12 152 176
12 152 192
12 160 4
12 160 12
12 160 16
12 160 24
12 160 36
12 160 44
12 160 68
12 160 76
12 160 120
12 160 128
12 160 152
12 160 160
12 160 176
12 160 192
12 176 4
12 176 12
12 176 16
12 176 24
12 176 36
12 176 44
12 176 68
12 176 76
12 176 120
12 176 128
12 176 152
12 176 160
12 176 176
12 176 192
12 192 4
12 192 12
12 192 16
12 192 24
12 192 36
12 192 44
12 192 68
12 192 76
12 192 120
12 192 128
12 192 152
12 192 160
12 192 176
12 192 192
16 4 4
16 4 12
16 4 16
16 4 24
16 4 36
16 4 44
16 4 68
16 4 76
16 4 120
16 4 128
16 4 152
16 4 160
16 4 176
16 4 192
16 12 4
16 12 12
16 12 16
16 12 24
16 12 36
16 12 44
16 12 68
16 12 76
16 12 120
16 12 128
16 12 152
16 12 160
16 12 176
16 12 192
16 16 4
16 16 12
16 16 16
16 16 24
16 16 36
16 16 44
16 16 68
16 16 76
16 16 120
16 16 128
16 16 152
16 16 160
16 16 176
16 16 192
16 24 4
16 24 12
16 24 16
16 24 24
16 24 36
16 24 44
16 24 68
16 24 76
16 24 120
16 24 128
16 24 152
16 24 160
16 24 176
16 24 192
16 36 4
16 36 12
16 36 16
16 36 24
16 36 36
16 36 44
16 36 68
16 36 76
16 36 120
16 36 128
16 36 152
16 36 160
16 36 176
16 36 192
16 44 4
16 44 12
16 44 16
16 44 24
16 44 36
16 44 44
16 44 68
16 44 76
16 44 120
16 44 128
16 44 152
16 44 160
16 44 176
16 44 192
16 68 4
16 68 12
16 68 16
16 68 24
16 68 36
16 68 44
16 68 68
16 68 76
16 68 120
16 68 128
16 68 152
16 68 160
16 68 176
16 68 192
16 76 4
16 76 12
16 76 16
16 76 24
16 76 36
16 76 44
16 76 68
16 76 76
16 76 120
16 76 128
16 76 152
16 76 160
16 76 176
16 76 192
16 120 4
16 120 12
16 120 16
16 120 24
16 120 36
16 120 44
16 120 68
16 120 76
16 120 120
16 120 128
16 120 152
16 120 160
16 120 176
16 120 192
16 128 4
16 128 12
16 128 16
16 128 24
16 128 36
16 128 44
16 128 68
16 128 76
16 128 120
16 128 128
16 128 152
16 128 160
16 128 176
16 128 192
16 152 4
16 152 12
16 152 16
16 152 24
16 152 36
16 152 44
16 152 68
16 152 76
16 152 120
16 152 128
16 152 152
16 152 160
16 152 176
16 152 192
16 160 4
16 160 12
16 160 16
16 160 24
16 160 36
16 160 44
16 160 68
16 160 76
16 160 120
16 160 128
16 160 152
16 160 160
16 160 176
16 160 192
16 176 4
16 176 12
16 176 16
16 176 24
16 176 36
16 176 44
16 176 68
16 176 76
16 176 120
16 176 128
16 176 152
16 176 160
16 176 176
16 176 192
16 192 4
16 192 12
16 192 16
16 192 24
16 192 36
16 192 44
16 192 68
16 192 76
16 192 120
16 192 128
16 192 152
16 192 160
16 192 176
16 192 192
24 4 4
24 4 12
24 4 16
24 4 24
24 4 36
24 4 44
24 4 68
24 4 76
24 4 120
24 4 128
24 4 152
24 4 160
24 4 176
24 4 192
24 12 4
24 12 12
24 12 16
24 12 24
24 12 36
24 12 44
24 12 68
24 12 76
24 12 120
24 12 128
24 12 152
24 12 160
24 12 176
24 12 192
24 16 4
24 16 12
24 16 16
24 16 24
24 16 36
24 16 44
24 16 68
24 16 76
24 16 120
24 16 128
24 16 152
24 16 160
24 16 176
24 16 192
24 24 4
24 24 12
24 24 16
24 24 24
24 24 36
24 24 44
24 24 68
24 24 76
24 24 120
24 24 128
24 24 152
24 24 160
24 24 176
24 24 192
24 36 4
24 36 12
24 36 16
24 36 24
24 36 36
24 36 44
24 36 68
24 36 76
24 36 120
24 36 128
24 36 152
24 36 160
24 36 176
24 36 192
24 44 4
24 44 12
24 44 16
24 44 24
24 44 36
24 44 44
24 44 68
24 44 76
24 44 120
24 44 128
24 44 152
24 44 160
24 44 176
24 44 192
24 68 4
24 68 12
24 68 16
24 68 24
24 68 36
24 68 44
24 68 68
24 68 76
24 68 120
24 68 128
24 68 152
24 68 160
24 68 176
24 68 192
24 76 4
24 76 12
24 76 16
24 76 24
24 76 36
24 76 44
24 76 68
24 76 76
24 76 120
24 76 128
24 76 152
24 76 160
24 76 176
24 76 192
24 120 4
24 120 12
24 120 16
24 120 24
24 120 36
24 120 44
24 120 68
24 120 76
24 120 120
24 120 128
24 120 152
24 120 160
24 120 176
24 120 192
24 128 4
24 128 12
24 128 16
24 128 24
24 128 36
24 128 44
24 128 68
24 128 76
24 128 120
24 128 128
24 128 152
24 128 160
24 128 176
24 128 192
24 152 4
24 152 12
24 152 16
24 152 24
24 152 36
24 152 44
24 152 68
24 152 76
24 152 120
24 152 128
24 152 152
24 152 160
24 152 176
24 152 192
24 160 4
24 160 12
24 160 16
24 160 24
24 160 36
24 160 44
24 160 68
24 160 76
24 160 120
24 160 128
24 160 152
24 160 160
24 160 176
24 160 192
24 176 4
24 176 12
24 176 16
24 176 24
24 176 36
24 176 44
24 176 68
24 176 76
24 176 120
24 176 128
24 176 152
24 176 160
24 176 176
24 176 192
24 192 4
24 192 12
24 192 16
24 192 24
24 192 36
24 192 44
24 192 68
24 192 76
24 192 120
24 192 128
24 192 152
24 192 160
24 192 176
24 192 192
36 4 4
36 4 12
36 4 16
36 4 24
36 4 36
36 4 44
36 4 68
36 4 76
36 4 120
36 4 128
36 4 152
36 4 160
36 4 176
36 4 192
36 12 4
36 12 12
36 12 16
36 12 24
36 12 36
36 12 44
36 12 68
36 12 76
36 12 120
36 12 128
36 12 152
36 12 160
36 12 176
36 12 192
36 16 4
36 16 12
36 16 16
36 16 24
36 16 36
36 16 44
36 16 68
36 16 76
36 16 120
36 16 128
36 16 152
36 16 160
36 16 176
36 16 192
36 24 4
36 24 12
36 24 16
36 24 24
36 24 36
36 24 44
36 24 68
36 24 76
36 24 120
36 24 128
36 24 152
36 24 160
36 24 176
36 24 192
36 36 4
36 36 12
36 36 16
36 36 24
36 36 36
36 36 44
36 36 68
36 36 76
36 36 120
36 36 128
36 36 152
36 36 160
36 36 176
36 36 192
36 44 4
36 44 12
36 44 16
36 44 24
36 44 36
36 44 44
36 44 68
36 44 76
36 44 120
36 44 128
36 44 152
36 44 160
36 44 176
36 44 192
36 68 4
36 68 12
36 68 16
36 68 24
36 68 36
36 68 44
36 68 68
36 68 76
36 68 120
36 68 128
36 68 152
36 68 160
36 68 176
36 68 192
36 76 4
36 76 12
36 76 16
36 76 24
36 76 36
36 76 44
36 76 68
36 76 76
36 76 120
36 76 128
36 76 152
36 76 160
36 76 176
36 76 192
36 120 4
36 120 12
36 120 16
36 120 24
36 120 36
36 120 44
36 120 68
36 120 76
36 120 120
36 120 128
36 120 152
36 120 160
36 120 176
36 120 192
36 128 4
36 128 12
36 128 16
36 128 24
36 128 36
36 128 44
36 128 68
36 128 76
36 128 120
36 128 128
36 128 152
36 128 160
36 128 176
36 128 192
36 152 4
36 152 12
36 152 16
36 152 24
36 152 36
36 152 44
36 152 68
36 152 76
36 152 120
36 152 128
36 152 152
36 152 160
36 152 176
36 152 192
36 160 4
36 160 12
36 160 16
36 160 24
36 160 36
36 160 44
36 160 68
36 160 76
36 160 120
36 160 128
36 160 152
36 160 160
36 160 176
36 160 192
36 176 4
36 176 12
36 176 16
36 176 24
36 176 36
36 176 44
36 176 68
36 176 76
36 176 120
36 176 128
36 176 152
36 176 160
36 176 176
36 176 192
36 192 4
36 192 12
36 192 16
36 192 24
36 192 36
36 192 44
36 192 68
36 192 76
36 192 120
36 192 128
36 192 152
36 192 160
36 192 176
36 192 192
44 4 4
44 4 12
44 4 16
44 4 24
44 4 36
44 4 44
44 4 68
44 4 76
44 4 120
44 4 128
44 4 152
44 4 160
44 4 176
44 4 192
44 12 4
44 12 12
44 12 16
44 12 24
44 12 36
44 12 44
44 12 68
44 12 76
44 12 120
44 12 128
44 12 152
44 12 160
44 12 176
44 12 192
44 16 4
44 16 12
44 16 16
44 16 24
44 16 36
44 16 44
44 16 68
44 16 76
44 16 120
44 16 128
44 16 152
44 16 160
44 16 176
44 16 192
44 24 4
44 24 12
44 24 16
44 24 24
44 24 36
44 24 44
44 24 68
44 24 76
44 24 120
44 24 128
44 24 152
44 24 160
44 24 176
44 24 192
44 36 4
44 36 12
44 36 16
44 36 24
44 36 36
44 36 44
44 36 68
44 36 76
44 36 120
44 36 128
44 36 152
44 36 160
44 36 176
44 36 192
44 44 4
44 44 12
44 44 16
44 44 24
44 44 36
44 44 44
44 44 68
44 44 76
44 44 120
44 44 128
44 44 152
44 44 160
44 44 176
44 44 192
44 68 4
44 68 12
44 68 16
44 68 24
44 68 36
44 68 44
44 68 68
44 68 76
44 68 120
44 68 128
44 68 152
44 68 160
44 68 176
44 68 192
44 76 4
44 76 12
44 76 16
44 76 24
44 76 36
44 76 44
44 76 68
44 76 76
44 76 120
44 76 128
44 76 152
44 76 160
44 76 176
44 76 192
44 120 4
44 120 12
44 120 16
44 120 24
44 120 36
44 120 44
44 120 68
44 120 76
44 120 120
44 120 128
44 120 152
44 120 160
44 120 176
44 120 192
44 128 4
44 128 12
44 128 16
44 128 24
44 128 36
44 128 44
44 128 68
44 128 76
44 128 120
44 128 128
44 128 152
44 128 160
44 128 176
44 128 192
44 152 4
44 152 12
44 152 16
44 152 24
44 152 36
44 152 44
44 152 68
44 152 76
44 152 120
44 152 128
44 152 152
44 152 160
44 152 176
44 152 192
44 160 4
44 160 12
44 160 16
44 160 24
44 160 36
44 160 44
44 160 68
44 160 76
44 160 120
44 160 128
44 160 152
44 160 160
44 160 176
44 160 192
44 176 4
44 176 12
44 176 16
44 176 24
44 176 36
44 176 44
44 176 68
44 176 76
44 176 120
44 176 128
44 176 152
44 176 160
44 176 176
44 176 192
44 192 4
44 192 12
44 192 16
44 192 24
44 192 36
44 192 44
44 192 68
44 192 76
44 192 120
44 192 128
44 192 152
44 192 160
44 192 176
44 192 192
68 4 4
68 4 12
68 4 16
68 4 24
68 4 36
68 4 44
68 4 68
68 4 76
68 4 120
68 4 128
68 4 152
68 4 160
68 4 176
68 4 192
68 12 4
68 12 12
68 12 16
68 12 24
68 12 36
68 12 44
68 12 68
68 12 76
68 12 120
68 12 128
68 12 152
68 12 160
68 12 176
68 12 192
68 16 4
68 16 12
68 16 16
68 16 24
68 16 36
68 16 44
68 16 68
68 16 76
68 16 120
68 16 128
68 16 152
68 16 160
68 16 176
68 16 192
68 24 4
68 24 12
68 24 16
68 24 24
68 24 36
68 24 44
68 24 68
68 24 76
68 24 120
68 24 128
68 24 152
68 24 160
68 24 176
68 24 192
68 36 4
68 36 12
68 36 16
68 36 24
68 36 36
68 36 44
68 36 68
68 36 76
68 36 120
68 36 128
68 36 152
68 36 160
68 36 176
68 36 192
68 44 4
68 44 12
68 44 16
68 44 24
68 44 36
68 44 44
68 44 68
68 44 76
68 44 120
68 44 128
68 44 152
68 44 160
68 44 176
68 44 192
68 68 4
68 68 12
68 68 16
68 68 24
68 68 36
68 68 44
68 68 68
68 68 76
68 68 120
68 68 128
68 68 152
68 68 160
68 68 176
68 68 192
68 76 4
68 76 12
68 76 16
68 76 24
68 76 36
68 76 44
68 76 68
68 76 76
68 76 120
68 76 128
68 76 152
68 76 160
68 76 176
68 76 192
68 120 4
68 120 12
68 120 16
68 120 24
68 120 36
68 120 44
68 120 68
68 120 76
68 120 120
68 120 128
68 120 152
68 120 160
68 120 176
68 120 192
68 128 4
68 128 12
68 128 16
68 128 24
68 128 36
68 128 44
68 128 68
68 128 76
68 128 120
68 128 128
68 128 152
68 128 160
68 128 176
68 128 192
68 152 4
68 152 12
68 152 16
68 152 24
68 152 36
68 152 44
68 152 68
68 152 76
68 152 120
68 152 128
68 152 152
68 152 160
68 152 176
68 152 192
68 160 4
68 160 12
68 160 16
68 160 24
68 160 36
68 160 44
68 160 68
68 160 76
68 160 120
68 160 128
68 160 152
68 160 160
68 160 176
68 160 192
68 176 4
68 176 12
68 176 16
68 176 24
68 176 36
68 176 44
68 176 68
68 176 76
68 176 120
68 176 128
68 176 152
68 176 160
68 176 176
68 176 192
68 192 4
68 192 12
68 192 16
68 192 24
68 192 36
68 192 44
68 192 68
68 192 76
68 192 120
68 192 128
68 192 152
68 192 160
68 192 176
68 192 192
76 4 4
76 4 12
76 4 16
76 4 24
76 4 36
76 4 44
76 4 68
76 4 76
76 4 120
76 4 128
76 4 152
76 4 160
76 4 176
76 4 192
76 12 4
76 12 12
76 12 16
76 12 24
76 12 36
76 12 44
76 12 68
76 12 76
76 12 120
76 12 128
76 12 152
76 12 160
76 12 176
76 12 192
76 16 4
76 16 12
76 16 16
76 16 24
76 16 36
76 16 44
76 16 68
76 16 76
76 16 120
76 16 128
76 16 152
76 16 160
76 16 176
76 16 192
76 24 4
76 24 12
76 24 16
76 24 24
76 24 36
76 24 44
76 24 68
76 24 76
76 24 120
76 24 128
76 24 152
76 24 160
76 24 176
76 24 192
76 36 4
76 36 12
76 36 16
76 36 24
76 36 36
76 36 44
76 36 68
76 36 76
76 36 120
76 36 128
76 36 152
76 36 160
76 36 176
76 36 192
76 44 4
76 44 12
76 44 16
76 44 24
76 44 36
76 44 44
76 44 68
76 44 76
76 44 120
76 44 128
76 44 152
76 44 160
76 44 176
76 44 192
76 68 4
76 68 12
76 68 16
76 68 24
76 68 36
76 68 44
76 68 68
76 68 76
76 68 120
76 68 128
76 68 152
76 68 160
76 68 176
76 68 192
76 76 4
76 76 12
76 76 16
76 76 24
76 76 36
76 76 44
76 76 68
76 76 76
76 76 120
76 76 128
76 76 152
76 76 160
76 76 176
76 76 192
76 120 4
76 120 12
76 120 16
76 120 24
76 120 36
76 120 44
76 120 68
76 120 76
76 120 120
76 120 128
76 120 152
76 120 160
76 120 176
76 120 192
76 128 4
76 128 12
76 128 16
76 128 24
76 128 36
76 128 44
76 128 68
76 128 76
76 128 120
76 128 128
76 128 152
76 128 160
76 128 176
76 128 192
76 152 4
76 152 12
76 152 16
76 152 24
76 152 36
76 152 44
76 152 68
76 152 76
76 152 120
76 152 128
76 152 152
76 152 160
76 152 176
76 152 192
76 160 4
76 160 12
76 160 16
76 160 24
76 160 36
76 160 44
76 160 68
76 160 76
76 160 120
76 160 128
76 160 152
76 160 160
76 160 176
76 160 192
76 176 4
76 176 12
76 176 16
76 176 24
76 176 36
76 176 44
76 176 68
76 176 76
76 176 120
76 176 128
76 176 152
76 176 160
76 176 176
76 176 192
76 192 4
76 192 12
76 192 16
76 192 24
76 192 36
76 192 44
76 192 68
76 192 76
76 192 120
76 192 128
76 192 152
76 192 160
76 192 176
76 192 192
120 4 4
120 4 12
120 4 16
120 4 24
120 4 36
120 4 44
120 4 68
120 4 76
120 4 120
120 4 128
120 4 152
120 4 160
120 4 176
120 4 192
120 12 4
120 12 12
120 12 16
120 12 24
120 12 36
120 12 44
120 12 68
120 12 76
120 12 120
120 12 128
120 12 152
120 12 160
120 12 176
120 12 192
120 16 4
120 16 12
120 16 16
120 16 24
120 16 36
120 16 44
120 16 68
120 16 76
120 16 120
120 16 128
120 16 152
120 16 160
120 16 176
120 16 192
120 24 4
120 24 12
120 24 16
120 24 24
120 24 36
120 24 44
120 24 68
120 24 76
120 24 120
120 24 128
120 24 152
120 24 160
120 24 176
120 24 192
120 36 4
120 36 12
120 36 16
120 36 24
120 36 36
120 36 44
120 36 68
120 36 76
120 36 120
120 36 128
120 36 152
120 36 160
120 36 176
120 36 192
120 44 4
120 44 12
120 44 16
120 44 24
120 44 36
120 44 44
120 44 68
120 44 76
120 44 120
120 44 128
120 44 152
120 44 160
120 44 176
120 44 192
120 68 4
120 68 12
120 68 16
120 68 24
120 68 36
120 68 44
120 68 68
120 68 76
120 68 120
120 68 128
120 68 152
120 68 160
120 68 176
120 68 192
120 76 4
120 76 12
120 76 16
120 76 24
120 76 36
120 76 44
120 76 68
120 76 76
120 76 120
120 76 128
120 76 152
120 76 160
120 76 176
120 76 192
120 120 4
120 120 12
120 120 16
120 120 24
120 120 36
120 120 44
120 120 68
120 120 76
120 120 120
120 120 128
120 120 152
120 120 160
120 120 176
120 120 192
120 128 4
120 128 12
120 128 16
120 128 24
120 128 36
120 128 44
120 128 68
120 128 76
120 128 120
120 128 128
120 128 152
120 128 160
120 128 176
120 128 192
120 152 4
120 152 12
120 152 16
120 152 24
120 152 36
120 152 44
120 152 68
120 152 76
120 152 120
120 152 128
120 152 152
120 152 160
120 152 176
120 152 192
120 160 4
120 160 12
120 160 16
120 160 24
120 160 36
120 160 44
120 160 68
120 160 76
120 160 120
120 160 128
120 160 152
120 160 160
120 160 176
120 160 192
120 176 4
120 176 12
120 176 16
120 176 24
120 176 36
120 176 44
120 176 68
120 176 76
120 176 120
120 176 128
120 176 152
120 176 160
120 176 176
120 176 192
120 192 4
120 192 12
120 192 16
120 192 24
120 192 36
120 192 44
120 192 68
120 192 76
120 192 120
120 192 128
120 192 152
120 192 160
120 192 176
120 192 192
128 4 4
128 4 12
128 4 16
128 4 24
128 4 36
128 4 44
128 4 68
128 4 76
128 4 120
128 4 128
128 4 152
128 4 160
128 4 176
128 4 192
128 12 4
128 12 12
128 12 16
128 12 24
128 12 36
128 12 44
128 12 68
128 12 76
128 12 120
128 12 128
128 12 152
128 12 160
128 12 176
128 12 192
128 16 4
128 16 12
128 16 16
128 16 24
128 16 36
128 16 44
128 16 68
128 16 76
128 16 120
128 16 128
128 16 152
128 16 160
128 16 176
128 16 192
128 24 4
128 24 12
128 24 16
128 24 24
128 24 36
128 24 44
128 24 68
128 24 76
128 24 120
128 24 128
128 24 152
128 24 160
128 24 176
128 24 192
128 36 4
128 36 12
128 36 16
128 36 24
128 36 36
128 36 44
128 36 68
128 36 76
128 36 120
128 36 128
128 36 152
128 36 160
128 36 176
128 36 192
128 44 4
128 44 12
128 44 16
128 44 24
128 44 36
128 44 44
128 44 68
128 44 76
128 44 120
128 44 128
128 44 152
128 44 160
128 44 176
128 44 192
128 68 4
128 68 12
128 68 16
128 68 24
128 68 36
128 68 44
128 68 68
128 68 76
128 68 120
128 68 128
128 68 152
128 68 160
128 68 176
128 68 192
128 76 4
128 76 12
128 76 16
128 76 24
128 76 36
128 76 44
128 76 68
128 76 76
128 76 120
128 76 128
128 76 152
128 76 160
128 76 176
128 76 192
128 120 4
128 120 12
128 120 16
128 120 24
128 120 36
128 120 44
128 120 68
128 120 76
128 120 120
128 120 128
128 120 152
128 120 160
128 120 176
128 120 192
128 128 4
128 128 12
128 128 16
128 128 24
128 128 36
128 128 44
128 128 68
128 128 76
128 128 120
128 128 128
128 128 152
128 128 160
128 128 176
128 128 192
128 152 4
128 152 12
128 152 16
128 152 24
128 152 36
128 152 44
128 152 68
128 152 76
128 152 120
128 152 128
128 152 152
128 152 160
128 152 176
128 152 192
128 160 4
128 160 12
128 160 16
128 160 24
128 160 36
128 160 44
128 160 68
128 160 76
128 160 120
128 160 128
128 160 152
128 160 160
128 160 176
128 160 192
128 176 4
128 176 12
128 176 16
128 176 24
128 176 36
128 176 44
128 176 68
128 176 76
128 176 120
128 176 128
128 176 152
128 176 160
128 176 176
128 176 192
128 192 4
128 192 12
128 192 16
128 192 24
128 192 36
128 192 44
128 192 68
128 192 76
128 192 120
128 192 128
128 192 152
128 192 160
128 192 176
128 192 192
152 4 4
152 4 12
152 4 16
152 4 24
152 4 36
152 4 44
152 4 68
152 4 76
152 4 120
152 4 128
152 4 152
152 4 160
152 4 176
152 4 192
152 12 4
152 12 12
152 12 16
152 12 24
152 12 36
152 12 44
152 12 68
152 12 76
152 12 120
152 12 128
152 12 152
152 12 160
152 12 176
152 12 192
152 16 4
152 16 12
152 16 16
152 16 24
152 16 36
152 16 44
152 16 68
152 16 76
152 16 120
152 16 128
152 16 152
152 16 160
152 16 176
152 16 192
152 24 4
152 24 12
152 24 16
152 24 24
152 24 36
152 24 44
152 24 68
152 24 76
152 24 120
152 24 128
152 24 152
152 24 160
152 24 176
152 24 192
152 36 4
152 36 12
152 36 16
152 36 24
152 36 36
152 36 44
152 36 68
152 36 76
152 36 120
152 36 128
152 36 152
152 36 160
152 36 176
152 36 192
152 44 4
152 44 12
152 44 16
152 44 24
152 44 36
152 44 44
152 44 68
152 44 76
152 44 120
152 44 128
152 44 152
152 44 160
152 44 176
152 44 192
152 68 4
152 68 12
152 68 16
152 68 24
152 68 36
152 68 44
152 68 68
152 68 76
152 68 120
152 68 128
152 68 152
152 68 160
152 68 176
152 68 192
152 76 4
152 76 12
152 76 16
152 76 24
152 76 36
152 76 44
152 76 68
152 76 76
152 76 120
152 76 128
152 76 152
152 76 160
152 76 176
152 76 192
152 120 4
152 120 12
152 120 16
152 120 24
152 120 36
152 120 44
152 120 68
152 120 76
152 120 120
152 120 128
152 120 152
152 120 160
152 120 176
152 120 192
152 128 4
152 128 12
152 128 16
152 128 24
152 128 36
152 128 44
152 128 68
152 128 76
152 128 120
152 128 128
152 128 152
152 128 160
152 128 176
152 128 192
152 152 4
152 152 12
152 152 16
152 152 24
152 152 36
152 152 44
152 152 68
152 152 76
152 152 120
152 152 128
152 152 152
152 152 160
152 152 176
152 152 192
152 160 4
152 160 12
152 160 16
152 160 24
152 160 36
152 160 44
152 160 68
152 160 76
152 160 120
152 160 128
152 160 152
152 160 160
152 160 176
152 160 192
152 176 4
152 176 12
152 176 16
152 176 24
152 176 36
152 176 44
152 176 68
152 176 76
152 176 120
152 176 128
152 176 152
152 176 160
152 176 176
152 176 192
152 192 4
152 192 12
152 192 16
152 192 24
152 192 36
152 192 44
152 192 68
152 192 76
152 192 120
152 192 128
152 192 152
152 192 160
152 192 176
152 192 192
160 4 4
160 4 12
160 4 16
160 4 24
160 4 36
160 4 44
160 4 68
160 4 76
160 4 120
160 4 128
160 4 152
160 4 160
160 4 176
160 4 192
160 12 4
160 12 12
160 12 16
160 12 24
160 12 36
160 12 44
160 12 68
160 12 76
160 12 120
160 12 128
160 12 152
160 12 160
160 12 176
160 12 192
160 16 4
160 16 12
160 16 16
160 16 24
160 16 36
160 16 44
160 16 68
160 16 76
160 16 120
160 16 128
160 16 152
160 16 160
160 16 176
160 16 192
160 24 4
160 24 12
160 24 16
160 24 24
160 24 36
160 24 44
160 24 68
160 24 76
160 24 120
160 24 128
160 24 152
160 24 160
160 24 176
160 24 192
160 36 4
160 36 12
160 36 16
160 36 24
160 36 36
160 36 44
160 36 68
160 36 76
160 36 120
160 36 128
160 36 152
160 36 160
160 36 176
160 36 192
160 44 4
160 44 12
160 44 16
160 44 24
160 44 36
160 44 44
160 44 68
160 44 76
160 44 120
160 44 128
160 44 152
160 44 160
160 44 176
160 44 192
160 68 4
160 68 12
160 68 16
160 68 24
160 68 36
160 68 44
160 68 68
160 68 76
160 68 120
160 68 128
160 68 152
160 68 160
160 68 176
160 68 192
160 76 4
160 76 12
160 76 16
160 76 24
160 76 36
160 76 44
160 76 68
160 76 76
160 76 120
160 76 128
160 76 152
160 76 160
160 76 176
160 76 192
160 120 4
160 120 12
160 120 16
160 120 24
160 120 36
160 120 44
160 120 68
160 120 76
160 120 120
160 120 128
160 120 152
160 120 160
160 120 176
160 120 192
160 128 4
160 128 12
160 128 16
160 128 24
160 128 36
160 128 44
160 128 68
160 128 76
160 128 120
160 128 128
160 128 152
160 128 160
160 128 176
160 128 192
160 152 4
160 152 12
160 152 16
160 152 24
160 152 36
160 152 44
160 152 68
160 152 76
160 152 120
160 152 128
160 152 152
160 152 160
160 152 176
160 152 192
160 160 4
160 160 12
160 160 16
160 160 24
160 160 36
160 160 44
160 160 68
160 160 76
160 160 120
160 160 128
160 160 152
160 160 160
160 160 176
160 160 192
160 176 4
160 176 12
160 176 16
160 176 24
160 176 36
160 176 44
160 176 68
160 176 76
160 176 120
160 176 128
160 176 152
160 176 160
160 176 176
160 176 192
160 192 4
160 192 12
160 192 16
160 192 24
160 192 36
160 192 44
160 192 68
160 192 76
160 192 120
160 192 128
160 192 152
160 192 160
160 192 176
160 192 192
176 4 4
176 4 12
176 4 16
176 4 24
176 4 36
176 4 44
176 4 68
176 4 76
176 4 120
176 4 128
176 4 152
176 4 160
176 4 176
176 4 192
176 12 4
176 12 12
176 12 16
176 12 24
176 12 36
176 12 44
176 12 68
176 12 76
176 12 120
176 12 128
176 12 152
176 12 160
176 12 176
176 12 192
176 16 4
176 16 12
176 16 16
176 16 24
176 16 36
176 16 44
176 16 68
176 16 76
176 16 120
176 16 128
176 16 152
176 16 160
176 16 176
176 16 192
176 24 4
176 24 12
176 24 16
176 24 24
176 24 36
176 24 44
176 24 68
176 24 76
176 24 120
176 24 128
176 24 152
176 24 160
176 24 176
176 24 192
176 36 4
176 36 12
176 36 16
176 36 24
176 36 36
176 36 44
176 36 68
176 36 76
176 36 120
176 36 128
176 36 152
176 36 160
176 36 176
176 36 192
176 44 4
176 44 12
176 44 16
176 44 24
176 44 36
176 44 44
176 44 68
176 44 76
176 44 120
176 44 128
176 44 152
176 44 160
176 44 176
176 44 192
176 68 4
176 68 12
176 68 16
176 68 24
176 68 36
176 68 44
176 68 68
176 68 76
176 68 120
176 68 128
176 68 152
176 68 160
176 68 176
176 68 192
176 76 4
176 76 12
176 76 16
176 76 24
176 76 36
176 76 44
176 76 68
176 76 76
176 76 120
176 76 128
176 76 152
176 76 160
176 76 176
176 76 192
176 120 4
176 120 12
176 120 16
176 120 24
176 120 36
176 120 44
176 120 68
176 120 76
176 120 120
176 120 128
176 120 152
176 120 160
176 120 176
176 120 192
176 128 4
176 128 12
176 128 16
176 128 24
176 128 36
176 128 44
176 128 68
176 128 76
176 128 120
176 128 128
176 128 152
176 128 160
176 128 176
176 128 192
176 152 4
176 152 12
176 152 16
176 152 24
176 152 36
176 152 44
176 152 68
176 152 76
176 152 120
176 152 128
176 152 152
176 152 160
176 152 176
176 152 192
176 160 4
176 160 12
176 160 16
176 160 24
176 160 36
176 160 44
176 160 68
176 160 76
176 160 120
176 160 128
176 160 152
176 160 160
176 160 176
176 160 192
176 176 4
176 176 12
176 176 16
176 176 24
176 176 36
176 176 44
176 176 68
176 176 76
176 176 120
176 176 128
176 176 152
176 176 160
176 176 176
176 176 192
176 192 4
176 192 12
176 192 16
176 192 24
176 192 36
176 192 44
176 192 68
176 192 76
176 192 120
176 192 128
176 192 152
176 192 160
176 192 176
176 192 192
192 4 4
192 4 12
192 4 16
192 4 24
192 4 36
192 4 44
192 4 68
192 4 76
192 4 120
192 4 128
192 4 152
192 4 160
192 4 176
192 4 192
192 12 4
192 12 12
192 12 16
192 12 24
192 12 36
192 12 44
192 12 68
192 12 76
192 12 120
192 12 128
192 12 152
192 12 160
192 12 176
192 12 192
192 16 4
192 16 12
192 16 16
192 16 24
192 16 36
192 16 44
192 16 68
192 16 76
192 16 120
192 16 128
192 16 152
192 16 160
192 16 176
192 16 192
192 24 4
192 24 12
192 24 16
192 24 24
192 24 36
192 24 44
192 24 68
192 24 76
192 24 120
192 24 128
192 24 152
192 24 160
192 24 176
192 24 192
192 36 4
192 36 12
192 36 16
192 36 24
192 36 36
192 36 44
192 36 68
192 36 76
192 36 120
192 36 128
192 36 152
192 36 160
192 36 176
192 36 192
192 44 4
192 44 12
192 44 16
192 44 24
192 44 36
192 44 44
192 44 68
192 44 76
192 44 120
192 44 128
192 44 152
192 44 160
192 44 176
192 44 192
192 68 4
192 68 12
192 68 16
192 68 24
192 68 36
192 68 44
192 68 68
192 68 76
192 68 120
192 68 128
192 68 152
192 68 160
192 68 176
192 68 192
192 76 4
192 76 12
192 76 16
192 76 24
192 76 36
192 76 44
192 76 68
192 76 76
192 76 120
192 76 128
192 76 152
192 76 160
192 76 176
192 76 192
192 120 4
192 120 12
192 120 16
192 120 24
192 120 36
192 120 44
192 120 68
192 120 76
192 120 120
192 120 128
192 120 152
192 120 160
192 120 176
192 120 192
192 128 4
192 128 12
192 128 16
192 128 24
192 128 36
192 128 44
192 128 68
192 128 76
192 128 120
192 128 128
192 128 152
192 128 160
192 128 176
192 128 192
192 152 4
192 152 12
192 152 16
192 152 24
192 152 36
192 152 44
192 152 68
192 152 76
192 152 120
192 152 128
192 152 152
192 152 160
192 152 176
192 152 192
192 160 4
192 160 12
192 160 16
192 160 24
192 160 36
192 160 44
192 160 68
192 160 76
192 160 120
192 160 128
192 160 152
192 160 160
192 160 176
192 160 192
192 176 4
192 176 12
192 176 16
192 176 24
192 176 36
192 176 44
192 176 68
192 176 76
192 176 120
192 176 128
192 176 152
192 176 160
192 176 176
192 176 192
192 192 4
192 192 12
192 192 16
192 192 24
192 192 36
192 192 44
192 192 68
192 192 76
192 192 120
192 192 128
192 192 152
192 192 160
192 192 176
192 192 192
