200
0 0 0
0 0 12
0 0 16
0 0 28
0 0 32
0 0 48
0 0 64
0 0 80
0 0 116
0 0 132
0 0 148
0 0 164
0 0 172
0 0 180
0 0 188
0 0 196
0 12 0
0 12 12
0 12 16
0 12 28
0 12 32
0 12 48
0 12 64
0 12 80
0 12 116
0 12 132
0 12 148
0 12 164
0 12 172
0 12 180
0 12 188
0 12 196
0 16 0
0 16 12
0 16 16
0 16 28
0 16 32
0 16 48
0 16 64
0 16 80
0 16 116
0 16 132
0 16 148
0 16 164
0 16 172
0 16 180
0 16 188
0 16 196
0 28 0
0 28 12
0 28 16
0 28 28
0 28 32
0 28 48
0 28 64
0 28 80
0 28 116
0 28 132
0 28 148
0 28 164
0 28 172
0 28 180
0 28 188
0 28 196
0 32 0
0 32 12
0 32 16
0 32 28
0 32 32
0 32 48
0 32 64
0 32 80
0 32 116
0 32 132
0 32 148
0 32 164
0 32 172
0 32 180
0 32 188
0 32 196
0 48 0
0 48 12
0 48 16
0 48 28
0 48 32
0 48 48
0 48 64
0 48 80
0 48 116
0 48 132
0 48 148
0 48 164
0 48 172
0 48 180
0 48 188
0 48 196
0 64 0
0 64 12
0 64 16
0 64 28
0 64 32
0 64 48
0 64 64
0 64 80
0 64 116
0 64 132
0 64 148
0 64 164
0 64 172
0 64 180
0 64 188
0 64 196
0 80 0
0 80 12
0 80 16
0 80 28
0 80 32
0 80 48
0 80 64
0 80 80
0 80 116
0 80 132
0 80 148
0 80 164
0 80 172
0 80 180
0 80 188
0 80 196
0 116 0
0 116 12
0 116 16
0 116 28
0 116 32
0 116 48
0 116 64
0 116 80
0 116 116
0 116 132
0 116 148
0 116 164
0 116 172
0 116 180
0 116 188
0 116 196
0 132 0
0 132 12
0 132 16
0 132 28
0 132 32
0 132 48
0 132 64
0 132 80
0 132 116
0 132 132
0 132 148
0 132 164
0 132 172
0 132 180
0 132 188
0 132 196
0 148 0
0 148 12
0 148 16
0 148 28
0 148 32
0 148 48
0 148 64
0 148 80
0 148 116
0 148 132
0 148 148
0 148 164
0 148 172
0 148 180
0 148 188
0 148 196
0 164 0
0 164 12
0 164 16
0 164 28
0 164 32
0 164 48
0 164 64
0 164 80
0 164 116
0 164 132
0 164 148
0 164 164
0 164 172
0 164 180
0 164 188
0 164 196
0 172 0
0 172 12
0 172 16
0 172 28
0 172 32
0 172 48
0 172 64
0 172 80
0 172 116
0 172 132
0 172 148
0 172 164
0 172 172
0 172 180
0 172 188
0 172 196
0 180 0
0 180 12
0 180 16
0 180 28
0 180 32
0 180 48
0 180 64
0 180 80
0 180 116
0 180 132
0 180 148
0 180 164
0 180 172
0 180 180
0 180 188
0 180 196
0 188 0
0 188 12
0 188 16
0 188 28
0 188 32
0 188 48
0 188 64
0 188 80
0 188 116
0 188 132
0 188 148
0 188 164
0 188 172
0 188 180
0 188 188
0 188 196
0 196 0
0 196 12
0 196 16
0 196 28
0 196 32
0 196 48
0 196 64
0 196 80
0 196 116
0 196 132
0 196 148
0 196 164
0 196 172
0 196 180
0 196 188
0 196 196
12 0 0
12 0 12
12 0 16
12 0 28
12 0 32
12 0 48
12 0 64
12 0 80
12 0 116
12 0 132
12 0 148
12 0 164
12 0 172
12 0 180
12 0 188
12 0 196
12 12 0
12 12 12
12 12 16
12 12 28
12 12 32
12 12 48
12 12 64
12 12 80
12 12 116
12 12 132
12 12 148
12 12 164
12 12 172
12 12 180
12 12 188
12 12 196
12 16 0
12 16 12
12 16 16
12 16 28
12 16 32
12 16 48
12 16 64
12 16 80
12 16 116
12 16 132
12 16 148
12 16 164
12 16 172
12 16 180
12 16 188
12 16 196
12 28 0
12 28 12
12 28 16
12 28 28
12 28 32
12 28 48
12 28 64
12 28 80
12 28 116
12 28 132
12 28 148
12 28 164
12 28 172
12 28 180
12 28 188
12 28 196
12 32 0
12 32 12
12 32 16
12 32 28
12 32 32
12 32 48
12 32 64
12 32 80
12 32 116
12 32 132
12 32 148
12 32 164
12 32 172
12 32 180
12 32 188
12 32 196
12 48 0
12 48 12
12 48 16
12 48 28
12 48 32
12 48 48
12 48 64
12 48 80
12 48 116
12 48 132
12 48 148
12 48 164
12 48 172
12 48 180
12 48 188
12 48 196
12 64 0
12 64 12
12 64 16
12 64 28
12 64 32
12 64 48
12 64 64
12 64 80
12 64 116
12 64 132
12 64 148
12 64 164
12 64 172
12 64 180
12 64 188
12 64 196
12 80 0
12 80 12
12 80 16
12 80 28
12 80 32
12 80 48
12 80 64
12 80 80
12 80 116
12 80 132
12 80 148
12 80 164
12 80 172
12 80 180
12 80 188
12 80 196
12 116 0
12 116 12
12 116 16
12 116 28
12 116 32
12 116 48
12 116 64
12 116 80
12 116 116
12 116 132
12 116 148
12 116 164
12 116 172
12 116 180
12 116 188
12 116 196
12 132 0
12 132 12
12 132 16
12 132 28
12 132 32
12 132 48
12 132 64
12 132 80
12 132 116
12 132 132
12 132 148
12 132 164
12 132 172
12 132 180
12 132 188
12 132 196
12 148 0
12 148 12
12 148 16
12 148 28
12 148 32
12 148 48
12 148 64
12 148 80
12 148 116
12 148 132
12 148 148
12 148 164
12 148 172
12 148 180
12 148 188
12 148 196
12 164 0
12 164 12
12 164 16
12 164 28
12 164 32
12 164 48
12 164 64
12 164 80
12 164 116
12 164 132
12 164 148
12 164 164
12 164 172
12 164 180
12 164 188
12 164 196
12 172 0
12 172 12
12 172 16
12 172 28
12 172 32
12 172 48
12 172 64
12 172 80
12 172 116
12 172 132
12 172 148
12 172 164
12 172 172
12 172 180
12 172 188
12 172 196
12 180 0
12 180 12
12 180 16
12 180 28
12 180 32
12 180 48
12 180 64
12 180 80
12 180 116
12 180 132
12 180 148
12 180 164
12 180 172
12 180 180
12 180 188
12 180 196
12 188 0
12 188 12
12 188 16
12 188 28
12 188 32
12 188 48
12 188 64
12 188 80
12 188 116
12 188 132
12 188 148
12 188 164
12 188 172
12 188 180
12 188 188
12 188 196
12 196 0
12 196 12
12 196 16
12 196 28
12 196 32
12 196 48
12 196 64
12 196 80
12 196 116
12 196 132
12 196 148
12 196 164
12 196 172
12 196 180
12 196 188
12 196 196
16 0 0
16 0 12
16 0 16
16 0 28
16 0 32
16 0 48
16 0 64
16 0 80
16 0 116
16 0 132
16 0 148
16 0 164
16 0 172
16 0 180
16 0 188
16 0 196
16 12 0
16 12 12
16 12 16
16 12 28
16 12 32
16 12 48
16 12 64
16 12 80
16 12 116
16 12 132
16 12 148
16 12 164
16 12 172
16 12 180
16 12 188
16 12 196
16 16 0
16 16 12
16 16 16
16 16 28
16 16 32
16 16 48
16 16 64
16 16 80
16 16 116
16 16 132
16 16 148
16 16 164
16 16 172
16 16 180
16 16 188
16 16 196
16 28 0
16 28 12
16 28 16
16 28 28
16 28 32
16 28 48
16 28 64
16 28 80
16 28 116
16 28 132
16 28 148
16 28 164
16 28 172
16 28 180
16 28 188
16 28 196
16 32 0
16 32 12
16 32 16
16 32 28
16 32 32
16 32 48
16 32 64
16 32 80
16 32 116
16 32 132
16 32 148
16 32 164
16 32 172
16 32 180
16 32 188
16 32 196
16 48 0
16 48 12
16 48 16
16 48 28
16 48 32
16 48 48
16 48 64
16 48 80
16 48 116
16 48 132
16 48 148
16 48 164
16 48 172
16 48 180
16 48 188
16 48 196
16 64 0
16 64 12
16 64 16
16 64 28
16 64 32
16 64 48
16 64 64
16 64 80
16 64 116
16 64 132
16 64 148
16 64 164
16 64 172
16 64 180
16 64 188
16 64 196
16 80 0
16 80 12
16 80 16
16 80 28
16 80 32
16 80 48
16 80 64
16 80 80
16 80 116
16 80 132
16 80 148
16 80 164
16 80 172
16 80 180
16 80 188
16 80 196
16 116 0
16 116 12
16 116 16
16 116 28
16 116 32
16 116 48
16 116 64
16 116 80
16 116 116
16 116 132
16 116 148
16 116 164
16 116 172
16 116 180
16 116 188
16 116 196
16 132 0
16 132 12
16 132 16
16 132 28
16 132 32
16 132 48
16 132 64
16 132 80
16 132 116
16 132 132
16 132 148
16 132 164
16 132 172
16 132 180
16 132 188
16 132 196
16 148 0
16 148 12
16 148 16
16 148 28
16 148 32
16 148 48
16 148 64
16 148 80
16 148 116
16 148 132
16 148 148
16 148 164
16 148 172
16 148 180
16 148 188
16 148 196
16 164 0
16 164 12
16 164 16
16 164 28
16 164 32
16 164 48
16 164 64
16 164 80
16 164 116
16 164 132
16 164 148
16 164 164
16 164 172
16 164 180
16 164 188
16 164 196
16 172 0
16 172 12
16 172 16
16 172 28
16 172 32
16 172 48
16 172 64
16 172 80
16 172 116
16 172 132
16 172 148
16 172 164
16 172 172
16 172 180
16 172 188
16 172 196
16 180 0
16 180 12
16 180 16
16 180 28
16 180 32
16 180 48
16 180 64
16 180 80
16 180 116
16 180 132
16 180 148
16 180 164
16 180 172
16 180 180
16 180 188
16 180 196
16 188 0
16 188 12
16 188 16
16 188 28
16 188 32
16 188 48
16 188 64
16 188 80
16 188 116
16 188 132
16 188 148
16 188 164
16 188 172
16 188 180
16 188 188
16 188 196
16 196 0
16 196 12
16 196 16
16 196 28
16 196 32
16 196 48
16 196 64
16 196 80
16 196 116
16 196 132
16 196 148
16 196 164
16 196 172
16 196 180
16 196 188
16 196 196
28 0 0
28 0 12
28 0 16
28 0 28
28 0 32
28 0 48
28 0 64
28 0 80
28 0 116
28 0 132
28 0 148
28 0 164
28 0 172
28 0 180
28 0 188
28 0 196
28 12 0
28 12 12
28 12 16
28 12 28
28 12 32
28 12 48
28 12 64
28 12 80
28 12 116
28 12 132
28 12 148
28 12 164
28 12 172
28 12 180
28 12 188
28 12 196
28 16 0
28 16 12
28 16 16
28 16 28
28 16 32
28 16 48
28 16 64
28 16 80
28 16 116
28 16 132
28 16 148
28 16 164
28 16 172
28 16 180
28 16 188
28 16 196
28 28 0
28 28 12
28 28 16
28 28 28
28 28 32
28 28 48
28 28 64
28 28 80
28 28 116
28 28 132
28 28 148
28 28 164
28 28 172
28 28 180
28 28 188
28 28 196
28 32 0
28 32 12
28 32 16
28 32 28
28 32 32
28 32 48
28 32 64
28 32 80
28 32 116
28 32 132
28 32 148
28 32 164
28 32 172
28 32 180
28 32 188
28 32 196
28 48 0
28 48 12
28 48 16
28 48 28
28 48 32
28 48 48
28 48 64
28 48 80
28 48 116
28 48 132
28 48 148
28 48 164
28 48 172
28 48 180
28 48 188
28 48 196
28 64 0
28 64 12
28 64 16
28 64 28
28 64 32
28 64 48
28 64 64
28 64 80
28 64 116
28 64 132
28 64 148
28 64 164
28 64 172
28 64 180
28 64 188
28 64 196
28 80 0
28 80 12
28 80 16
28 80 28
28 80 32
28 80 48
28 80 64
28 80 80
28 80 116
28 80 132
28 80 148
28 80 164
28 80 172
28 80 180
28 80 188
28 80 196
28 116 0
28 116 12
28 116 16
28 116 28
28 116 32
28 116 48
28 116 64
28 116 80
28 116 116
28 116 132
28 116 148
28 116 164
28 116 172
28 116 180
28 116 188
28 116 196
28 132 0
28 132 12
28 132 16
28 132 28
28 132 32
28 132 48
28 132 64
28 132 80
28 132 116
28 132 132
28 132 148
28 132 164
28 132 172
28 132 180
28 132 188
28 132 196
28 148 0
28 148 12
28 148 16
28 148 28
28 148 32
28 148 48
28 148 64
28 148 80
28 148 116
28 148 132
28 148 148
28 148 164
28 148 172
28 148 180
28 148 188
28 148 196
28 164 0
28 164 12
28 164 16
28 164 28
28 164 32
28 164 48
28 164 64
28 164 80
28 164 116
28 164 132
28 164 148
28 164 164
28 164 172
28 164 180
28 164 188
28 164 196
28 172 0
28 172 12
28 172 16
28 172 28
28 172 32
28 172 48
28 172 64
28 172 80
28 172 116
28 172 132
28 172 148
28 172 164
28 172 172
28 172 180
28 172 188
28 172 196
28 180 0
28 180 12
28 180 16
28 180 28
28 180 32
28 180 48
28 180 64
28 180 80
28 180 116
28 180 132
28 180 148
28 180 164
28 180 172
28 180 180
28 180 188
28 180 196
28 188 0
28 188 12
28 188 16
28 188 28
28 188 32
28 188 48
28 188 64
28 188 80
28 188 116
28 188 132
28 188 148
28 188 164
28 188 172
28 188 180
28 188 188
28 188 196
28 196 0
28 196 12
28 196 16
28 196 28
28 196 32
28 196 48
28 196 64
28 196 80
28 196 116
28 196 132
28 196 148
28 196 164
28 196 172
28 196 180
28 196 188
28 196 196
32 0 0
32 0 12
32 0 16
32 0 28
32 0 32
32 0 48
32 0 64
32 0 80
32 0 116
32 0 132
32 0 148
32 0 164
32 0 172
32 0 180
32 0 188
32 0 196
32 12 0
32 12 12
32 12 16
32 12 28
32 12 32
32 12 48
32 12 64
32 12 80
32 12 116
32 12 132
32 12 148
32 12 164
32 12 172
32 12 180
32 12 188
32 12 196
32 16 0
32 16 12
32 16 16
32 16 28
32 16 32
32 16 48
32 16 64
32 16 80
32 16 116
32 16 132
32 16 148
32 16 164
32 16 172
32 16 180
32 16 188
32 16 196
32 28 0
32 28 12
32 28 16
32 28 28
32 28 32
32 28 48
32 28 64
32 28 80
32 28 116
32 28 132
32 28 148
32 28 164
32 28 172
32 28 180
32 28 188
32 28 196
32 32 0
32 32 12
32 32 16
32 32 28
32 32 32
32 32 48
32 32 64
32 32 80
32 32 116
32 32 132
32 32 148
32 32 164
32 32 172
32 32 180
32 32 188
32 32 196
32 48 0
32 48 12
32 48 16
32 48 28
32 48 32
32 48 48
32 48 64
32 48 80
32 48 116
32 48 132
32 48 148
32 48 164
32 48 172
32 48 180
32 48 188
32 48 196
32 64 0
32 64 12
32 64 16
32 64 28
32 64 32
32 64 48
32 64 64
32 64 80
32 64 116
32 64 132
32 64 148
32 64 164
32 64 172
32 64 180
32 64 188
32 64 196
32 80 0
32 80 12
32 80 16
32 80 28
32 80 32
32 80 48
32 80 64
32 80 80
32 80 116
32 80 132
32 80 148
32 80 164
32 80 172
32 80 180
32 80 188
32 80 196
32 116 0
32 116 12
32 116 16
32 116 28
32 116 32
32 116 48
32 116 64
32 116 80
32 116 116
32 116 132
32 116 148
32 116 164
32 116 172
32 116 180
32 116 188
32 116 196
32 132 0
32 132 12
32 132 16
32 132 28
32 132 32
32 132 48
32 132 64
32 132 80
32 132 116
32 132 132
32 132 148
32 132 164
32 132 172
32 132 180
32 132 188
32 132 196
32 148 0
32 148 12
32 148 16
32 148 28
32 148 32
32 148 48
32 148 64
32 148 80
32 148 116
32 148 132
32 148 148
32 148 164
32 148 172
32 148 180
32 148 188
32 148 196
32 164 0
32 164 12
32 164 16
32 164 28
32 164 32
32 164 48
32 164 64
32 164 80
32 164 116
32 164 132
32 164 148
32 164 164
32 164 172
32 164 180
32 164 188
32 164 196
32 172 0
32 172 12
32 172 16
32 172 28
32 172 32
32 172 48
32 172 64
32 172 80
32 172 116
32 172 132
32 172 148
32 172 164
32 172 172
32 172 180
32 172 188
32 172 196
32 180 0
32 180 12
32 180 16
32 180 28
32 180 32
32 180 48
32 180 64
32 180 80
32 180 116
32 180 132
32 180 148
32 180 164
32 180 172
32 180 180
32 180 188
32 180 196
32 188 0
32 188 12
32 188 16
32 188 28
32 188 32
32 188 48
32 188 64
32 188 80
32 188 116
32 188 132
32 188 148
32 188 164
32 188 172
32 188 180
32 188 188
32 188 196
32 196 0
32 196 12
32 196 16
32 196 28
32 196 32
32 196 48
32 196 64
32 196 80
32 196 116
32 196 132
32 196 148
32 196 164
32 196 172
32 196 180
32 196 188
32 196 196
48 0 0
48 0 12
48 0 16
48 0 28
48 0 32
48 0 48
48 0 64
48 0 80
48 0 116
48 0 132
48 0 148
48 0 164
48 0 172
48 0 180
48 0 188
48 0 196
48 12 0
48 12 12
48 12 16
48 12 28
48 12 32
48 12 48
48 12 64
48 12 80
48 12 116
48 12 132
48 12 148
48 12 164
48 12 172
48 12 180
48 12 188
48 12 196
48 16 0
48 16 12
48 16 16
48 16 28
48 16 32
48 16 48
48 16 64
48 16 80
48 16 116
48 16 132
48 16 148
48 16 164
48 16 172
48 16 180
48 16 188
48 16 196
48 28 0
48 28 12
48 28 16
48 28 28
48 28 32
48 28 48
48 28 64
48 28 80
48 28 116
48 28 132
48 28 148
48 28 164
48 28 172
48 28 180
48 28 188
48 28 196
48 32 0
48 32 12
48 32 16
48 32 28
48 32 32
48 32 48
48 32 64
48 32 80
48 32 116
48 32 132
48 32 148
48 32 164
48 32 172
48 32 180
48 32 188
48 32 196
48 48 0
48 48 12
48 48 16
48 48 28
48 48 32
48 48 48
48 48 64
48 48 80
48 48 116
48 48 132
48 48 148
48 48 164
48 48 172
48 48 180
48 48 188
48 48 196
48 64 0
48 64 12
48 64 16
48 64 28
48 64 32
48 64 48
48 64 64
48 64 80
48 64 116
48 64 132
48 64 148
48 64 164
48 64 172
48 64 180
48 64 188
48 64 196
48 80 0
48 80 12
48 80 16
48 80 28
48 80 32
48 80 48
48 80 64
48 80 80
48 80 116
48 80 132
48 80 148
48 80 164
48 80 172
48 80 180
48 80 188
48 80 196
48 116 0
48 116 12
48 116 16
48 116 28
48 116 32
48 116 48
48 116 64
48 116 80
48 116 116
48 116 132
48 116 148
48 116 164
48 116 172
48 116 180
48 116 188
48 116 196
48 132 0
48 132 12
48 132 16
48 132 28
48 132 32
48 132 48
48 132 64
48 132 80
48 132 116
48 132 132
48 132 148
48 132 164
48 132 172
48 132 180
48 132 188
48 132 196
48 148 0
48 148 12
48 148 16
48 148 28
48 148 32
48 148 48
48 148 64
48 148 80
48 148 116
48 148 132
48 148 148
48 148 164
48 148 172
48 148 180
48 148 188
48 148 196
48 164 0
48 164 12
48 164 16
48 164 28
48 164 32
48 164 48
48 164 64
48 164 80
48 164 116
48 164 132
48 164 148
48 164 164
48 164 172
48 164 180
48 164 188
48 164 196
48 172 0
48 172 12
48 172 16
48 172 28
48 172 32
48 172 48
48 172 64
48 172 80
48 172 116
48 172 132
48 172 148
48 172 164
48 172 172
48 172 180
48 172 188
48 172 196
48 180 0
48 180 12
48 180 16
48 180 28
48 180 32
48 180 48
48 180 64
48 180 80
48 180 116
48 180 132
48 180 148
48 180 164
48 180 172
48 180 180
48 180 188
48 180 196
48 188 0
48 188 12
48 188 16
48 188 28
48 188 32
48 188 48
48 188 64
48 188 80
48 188 116
48 188 132
48 188 148
48 188 164
48 188 172
48 188 180
48 188 188
48 188 196
48 196 0
48 196 12
48 196 16
48 196 28
48 196 32
48 196 48
48 196 64
48 196 80
48 196 116
48 196 132
48 196 148
48 196 164
48 196 172
48 196 180
48 196 188
48 196 196
64 0 0
64 0 12
64 0 16
64 0 28
64 0 32
64 0 48
64 0 64
64 0 80
64 0 116
64 0 132
64 0 148
64 0 164
64 0 172
64 0 180
64 0 188
64 0 196
64 12 0
64 12 12
64 12 16
64 12 28
64 12 32
64 12 48
64 12 64
64 12 80
64 12 116
64 12 132
64 12 148
64 12 164
64 12 172
64 12 180
64 12 188
64 12 196
64 16 0
64 16 12
64 16 16
64 16 28
64 16 32
64 16 48
64 16 64
64 16 80
64 16 116
64 16 132
64 16 148
64 16 164
64 16 172
64 16 180
64 16 188
64 16 196
64 28 0
64 28 12
64 28 16
64 28 28
64 28 32
64 28 48
64 28 64
64 28 80
64 28 116
64 28 132
64 28 148
64 28 164
64 28 172
64 28 180
64 28 188
64 28 196
64 32 0
64 32 12
64 32 16
64 32 28
64 32 32
64 32 48
64 32 64
64 32 80
64 32 116
64 32 132
64 32 148
64 32 164
64 32 172
64 32 180
64 32 188
64 32 196
64 48 0
64 48 12
64 48 16
64 48 28
64 48 32
64 48 48
64 48 64
64 48 80
64 48 116
64 48 132
64 48 148
64 48 164
64 48 172
64 48 180
64 48 188
64 48 196
64 64 0
64 64 12
64 64 16
64 64 28
64 64 32
64 64 48
64 64 64
64 64 80
64 64 116
64 64 132
64 64 148
64 64 164
64 64 172
64 64 180
64 64 188
64 64 196
64 80 0
64 80 12
64 80 16
64 80 28
64 80 32
64 80 48
64 80 64
64 80 80
64 80 116
64 80 132
64 80 148
64 80 164
64 80 172
64 80 180
64 80 188
64 80 196
64 116 0
64 116 12
64 116 16
64 116 28
64 116 32
64 116 48
64 116 64
64 116 80
64 116 116
64 116 132
64 116 148
64 116 164
64 116 172
64 116 180
64 116 188
64 116 196
64 132 0
64 132 12
64 132 16
64 132 28
64 132 32
64 132 48
64 132 64
64 132 80
64 132 116
64 132 132
64 132 148
64 132 164
64 132 172
64 132 180
64 132 188
64 132 196
64 148 0
64 148 12
64 148 16
64 148 28
64 148 32
64 148 48
64 148 64
64 148 80
64 148 116
64 148 132
64 148 148
64 148 164
64 148 172
64 148 180
64 148 188
64 148 196
64 164 0
64 164 12
64 164 16
64 164 28
64 164 32
64 164 48
64 164 64
64 164 80
64 164 116
64 164 132
64 164 148
64 164 164
64 164 172
64 164 180
64 164 188
64 164 196
64 172 0
64 172 12
64 172 16
64 172 28
64 172 32
64 172 48
64 172 64
64 172 80
64 172 116
64 172 132
64 172 148
64 172 164
64 172 172
64 172 180
64 172 188
64 172 196
64 180 0
64 180 12
64 180 16
64 180 28
64 180 32
64 180 48
64 180 64
64 180 80
64 180 116
64 180 132
64 180 148
64 180 164
64 180 172
64 180 180
64 180 188
64 180 196
64 188 0
64 188 12
64 188 16
64 188 28
64 188 32
64 188 48
64 188 64
64 188 80
64 188 116
64 188 132
64 188 148
64 188 164
64 188 172
64 188 180
64 188 188
64 188 196
64 196 0
64 196 12
64 196 16
64 196 28
64 196 32
64 196 48
64 196 64
64 196 80
64 196 116
64 196 132
64 196 148
64 196 164
64 196 172
64 196 180
64 196 188
64 196 196
80 0 0
80 0 12
80 0 16
80 0 28
80 0 32
80 0 48
80 0 64
80 0 80
80 0 116
80 0 132
80 0 148
80 0 164
80 0 172
80 0 180
80 0 188
80 0 196
80 12 0
80 12 12
80 12 16
80 12 28
80 12 32
80 12 48
80 12 64
80 12 80
80 12 116
80 12 132
80 12 148
80 12 164
80 12 172
80 12 180
80 12 188
80 12 196
80 16 0
80 16 12
80 16 16
80 16 28
80 16 32
80 16 48
80 16 64
80 16 80
80 16 116
80 16 132
80 16 148
80 16 164
80 16 172
80 16 180
80 16 188
80 16 196
80 28 0
80 28 12
80 28 16
80 28 28
80 28 32
80 28 48
80 28 64
80 28 80
80 28 116
80 28 132
80 28 148
80 28 164
80 28 172
80 28 180
80 28 188
80 28 196
80 32 0
80 32 12
80 32 16
80 32 28
80 32 32
80 32 48
80 32 64
80 32 80
80 32 116
80 32 132
80 32 148
80 32 164
80 32 172
80 32 180
80 32 188
80 32 196
80 48 0
80 48 12
80 48 16
80 48 28
80 48 32
80 48 48
80 48 64
80 48 80
80 48 116
80 48 132
80 48 148
80 48 164
80 48 172
80 48 180
80 48 188
80 48 196
80 64 0
80 64 12
80 64 16
80 64 28
80 64 32
80 64 48
80 64 64
80 64 80
80 64 116
80 64 132
80 64 148
80 64 164
80 64 172
80 64 180
80 64 188
80 64 196
80 80 0
80 80 12
80 80 16
80 80 28
80 80 32
80 80 48
80 80 64
80 80 80
80 80 116
80 80 132
80 80 148
80 80 164
80 80 172
80 80 180
80 80 188
80 80 196
80 116 0
80 116 12
80 116 16
80 116 28
80 116 32
80 116 48
80 116 64
80 116 80
80 116 116
80 116 132
80 116 148
80 116 164
80 116 172
80 116 180
80 116 188
80 116 196
80 132 0
80 132 12
80 132 16
80 132 28
80 132 32
80 132 48
80 132 64
80 132 80
80 132 116
80 132 132
80 132 148
80 132 164
80 132 172
80 132 180
80 132 188
80 132 196
80 148 0
80 148 12
80 148 16
80 148 28
80 148 32
80 148 48
80 148 64
80 148 80
80 148 116
80 148 132
80 148 148
80 148 164
80 148 172
80 148 180
80 148 188
80 148 196
80 164 0
80 164 12
80 164 16
80 164 28
80 164 32
80 164 48
80 164 64
80 164 80
80 164 116
80 164 132
80 164 148
80 164 164
80 164 172
80 164 180
80 164 188
80 164 196
80 172 0
80 172 12
80 172 16
80 172 28
80 172 32
80 172 48
80 172 64
80 172 80
80 172 116
80 172 132
80 172 148
80 172 164
80 172 172
80 172 180
80 172 188
80 172 196
80 180 0
80 180 12
80 180 16
80 180 28
80 180 32
80 180 48
80 180 64
80 180 80
80 180 116
80 180 132
80 180 148
80 180 164
80 180 172
80 180 180
80 180 188
80 180 196
80 188 0
80 188 12
80 188 16
80 188 28
80 188 32
80 188 48
80 188 64
80 188 80
80 188 116
80 188 132
80 188 148
80 188 164
80 188 172
80 188 180
80 188 188
80 188 196
80 196 0
80 196 12
80 196 16
80 196 28
80 196 32
80 196 48
80 196 64
80 196 80
80 196 116
80 196 132
80 196 148
80 196 164
80 196 172
80 196 180
80 196 188
80 196 196
116 0 0
116 0 12
116 0 16
116 0 28
116 0 32
116 0 48
116 0 64
116 0 80
116 0 116
116 0 132
116 0 148
116 0 164
116 0 172
116 0 180
116 0 188
116 0 196
116 12 0
116 12 12
116 12 16
116 12 28
116 12 32
116 12 48
116 12 64
116 12 80
116 12 116
116 12 132
116 12 148
116 12 164
116 12 172
116 12 180
116 12 188
116 12 196
116 16 0
116 16 12
116 16 16
116 16 28
116 16 32
116 16 48
116 16 64
116 16 80
116 16 116
116 16 132
116 16 148
116 16 164
116 16 172
116 16 180
116 16 188
116 16 196
116 28 0
116 28 12
116 28 16
116 28 28
116 28 32
116 28 48
116 28 64
116 28 80
116 28 116
116 28 132
116 28 148
116 28 164
116 28 172
116 28 180
116 28 188
116 28 196
116 32 0
116 32 12
116 32 16
116 32 28
116 32 32
116 32 48
116 32 64
116 32 80
116 32 116
116 32 132
116 32 148
116 32 164
116 32 172
116 32 180
116 32 188
116 32 196
116 48 0
116 48 12
116 48 16
116 48 28
116 48 32
116 48 48
116 48 64
116 48 80
116 48 116
116 48 132
116 48 148
116 48 164
116 48 172
116 48 180
116 48 188
116 48 196
116 64 0
116 64 12
116 64 16
116 64 28
116 64 32
116 64 48
116 64 64
116 64 80
116 64 116
116 64 132
116 64 148
116 64 164
116 64 172
116 64 180
116 64 188
116 64 196
116 80 0
116 80 12
116 80 16
116 80 28
116 80 32
116 80 48
116 80 64
116 80 80
116 80 116
116 80 132
116 80 148
116 80 164
116 80 172
116 80 180
116 80 188
116 80 196
116 116 0
116 116 12
116 116 16
116 116 28
116 116 32
116 116 48
116 116 64
116 116 80
116 116 116
116 116 132
116 116 148
116 116 164
116 116 172
116 116 180
116 116 188
116 116 196
116 132 0
116 132 12
116 132 16
116 132 28
116 132 32
116 132 48
116 132 64
116 132 80
116 132 116
116 132 132
116 132 148
116 132 164
116 132 172
116 132 180
116 132 188
116 132 196
116 148 0
116 148 12
116 148 16
116 148 28
116 148 32
116 148 48
116 148 64
116 148 80
116 148 116
116 148 132
116 148 148
116 148 164
116 148 172
116 148 180
116 148 188
116 148 196
116 164 0
116 164 12
116 164 16
116 164 28
116 164 32
116 164 48
116 164 64
116 164 80
116 164 116
116 164 132
116 164 148
116 164 164
116 164 172
116 164 180
116 164 188
116 164 196
116 172 0
116 172 12
116 172 16
116 172 28
116 172 32
116 172 48
116 172 64
116 172 80
116 172 116
116 172 132
116 172 148
116 172 164
116 172 172
116 172 180
116 172 188
116 172 196
116 180 0
116 180 12
116 180 16
116 180 28
116 180 32
116 180 48
116 180 64
116 180 80
116 180 116
116 180 132
116 180 148
116 180 164
116 180 172
116 180 180
116 180 188
116 180 196
116 188 0
116 188 12
116 188 16
116 188 28
116 188 32
116 188 48
116 188 64
116 188 80
116 188 116
116 188 132
116 188 148
116 188 164
116 188 172
116 188 180
116 188 188
116 188 196
116 196 0
116 196 12
116 196 16
116 196 28
116 196 32
116 196 48
116 196 64
116 196 80
116 196 116
116 196 132
116 196 148
116 196 164
116 196 172
116 196 180
116 196 188
116 196 196
132 0 0
132 0 12
132 0 16
132 0 28
132 0 32
132 0 48
132 0 64
132 0 80
132 0 116
132 0 132
132 0 148
132 0 164
132 0 172
132 0 180
132 0 188
132 0 196
132 12 0
132 12 12
132 12 16
132 12 28
132 12 32
132 12 48
132 12 64
132 12 80
132 12 116
132 12 132
132 12 148
132 12 164
132 12 172
132 12 180
132 12 188
132 12 196
132 16 0
132 16 12
132 16 16
132 16 28
132 16 32
132 16 48
132 16 64
132 16 80
132 16 116
132 16 132
132 16 148
132 16 164
132 16 172
132 16 180
132 16 188
132 16 196
132 28 0
132 28 12
132 28 16
132 28 28
132 28 32
132 28 48
132 28 64
132 28 80
132 28 116
132 28 132
132 28 148
132 28 164
132 28 172
132 28 180
132 28 188
132 28 196
132 32 0
132 32 12
132 32 16
132 32 28
132 32 32
132 32 48
132 32 64
132 32 80
132 32 116
132 32 132
132 32 148
132 32 164
132 32 172
132 32 180
132 32 188
132 32 196
132 48 0
132 48 12
132 48 16
132 48 28
132 48 32
132 48 48
132 48 64
132 48 80
132 48 116
132 48 132
132 48 148
132 48 164
132 48 172
132 48 180
132 48 188
132 48 196
132 64 0
132 64 12
132 64 16
132 64 28
132 64 32
132 64 48
132 64 64
132 64 80
132 64 116
132 64 132
132 64 148
132 64 164
132 64 172
132 64 180
132 64 188
132 64 196
132 80 0
132 80 12
132 80 16
132 80 28
132 80 32
132 80 48
132 80 64
132 80 80
132 80 116
132 80 132
132 80 148
132 80 164
132 80 172
132 80 180
132 80 188
132 80 196
132 116 0
132 116 12
132 116 16
132 116 28
132 116 32
132 116 48
132 116 64
132 116 80
132 116 116
132 116 132
132 116 148
132 116 164
132 116 172
132 116 180
132 116 188
132 116 196
132 132 0
132 132 12
132 132 16
132 132 28
132 132 32
132 132 48
132 132 64
132 132 80
132 132 116
132 132 132
132 132 148
132 132 164
132 132 172
132 132 180
132 132 188
132 132 196
132 148 0
132 148 12
132 148 16
132 148 28
132 148 32
132 148 48
132 148 64
132 148 80
132 148 116
132 148 132
132 148 148
132 148 164
132 148 172
132 148 180
132 148 188
132 148 196
132 164 0
132 164 12
132 164 16
132 164 28
132 164 32
132 164 48
132 164 64
132 164 80
132 164 116
132 164 132
132 164 148
132 164 164
132 164 172
132 164 180
132 164 188
132 164 196
132 172 0
132 172 12
132 172 16
132 172 28
132 172 32
132 172 48
132 172 64
132 172 80
132 172 116
132 172 132
132 172 148
132 172 164
132 172 172
132 172 180
132 172 188
132 172 196
132 180 0
132 180 12
132 180 16
132 180 28
132 180 32
132 180 48
132 180 64
132 180 80
132 180 116
132 180 132
132 180 148
132 180 164
132 180 172
132 180 180
132 180 188
132 180 196
132 188 0
132 188 12
132 188 16
132 188 28
132 188 32
132 188 48
132 188 64
132 188 80
132 188 116
132 188 132
132 188 148
132 188 164
132 188 172
132 188 180
132 188 188
132 188 196
132 196 0
132 196 12
132 196 16
132 196 28
132 196 32
132 196 48
132 196 64
132 196 80
132 196 116
132 196 132
132 196 148
132 196 164
132 196 172
132 196 180
132 196 188
132 196 196
148 0 0
148 0 12
148 0 16
148 0 28
148 0 32
148 0 48
148 0 64
148 0 80
148 0 116
148 0 132
148 0 148
148 0 164
148 0 172
148 0 180
148 0 188
148 0 196
148 12 0
148 12 12
148 12 16
148 12 28
148 12 32
148 12 48
148 12 64
148 12 80
148 12 116
148 12 132
148 12 148
148 12 164
148 12 172
148 12 180
148 12 188
148 12 196
148 16 0
148 16 12
148 16 16
148 16 28
148 16 32
148 16 48
148 16 64
148 16 80
148 16 116
148 16 132
148 16 148
148 16 164
148 16 172
148 16 180
148 16 188
148 16 196
148 28 0
148 28 12
148 28 16
148 28 28
148 28 32
148 28 48
148 28 64
148 28 80
148 28 116
148 28 132
148 28 148
148 28 164
148 28 172
148 28 180
148 28 188
148 28 196
148 32 0
148 32 12
148 32 16
148 32 28
148 32 32
148 32 48
148 32 64
148 32 80
148 32 116
148 32 132
148 32 148
148 32 164
148 32 172
148 32 180
148 32 188
148 32 196
148 48 0
148 48 12
148 48 16
148 48 28
148 48 32
148 48 48
148 48 64
148 48 80
148 48 116
148 48 132
148 48 148
148 48 164
148 48 172
148 48 180
148 48 188
148 48 196
148 64 0
148 64 12
148 64 16
148 64 28
148 64 32
148 64 48
148 64 64
148 64 80
148 64 116
148 64 132
148 64 148
148 64 164
148 64 172
148 64 180
148 64 188
148 64 196
148 80 0
148 80 12
148 80 16
148 80 28
148 80 32
148 80 48
148 80 64
148 80 80
148 80 116
148 80 132
148 80 148
148 80 164
148 80 172
148 80 180
148 80 188
148 80 196
148 116 0
148 116 12
148 116 16
148 116 28
148 116 32
148 116 48
148 116 64
148 116 80
148 116 116
148 116 132
148 116 148
148 116 164
148 116 172
148 116 180
148 116 188
148 116 196
148 132 0
148 132 12
148 132 16
148 132 28
148 132 32
148 132 48
148 132 64
148 132 80
148 132 116
148 132 132
148 132 148
148 132 164
148 132 172
148 132 180
148 132 188
148 132 196
148 148 0
148 148 12
148 148 16
148 148 28
148 148 32
148 148 48
148 148 64
148 148 80
148 148 116
148 148 132
148 148 148
148 148 164
148 148 172
148 148 180
148 148 188
148 148 196
148 164 0
148 164 12
148 164 16
148 164 28
148 164 32
148 164 48
148 164 64
148 164 80
148 164 116
148 164 132
148 164 148
148 164 164
148 164 172
148 164 180
148 164 188
148 164 196
148 172 0
148 172 12
148 172 16
148 172 28
148 172 32
148 172 48
148 172 64
148 172 80
148 172 116
148 172 132
148 172 148
148 172 164
148 172 172
148 172 180
148 172 188
148 172 196
148 180 0
148 180 12
148 180 16
148 180 28
148 180 32
148 180 48
148 180 64
148 180 80
148 180 116
148 180 132
148 180 148
148 180 164
148 180 172
148 180 180
148 180 188
148 180 196
148 188 0
148 188 12
148 188 16
148 188 28
148 188 32
148 188 48
148 188 64
148 188 80
148 188 116
148 188 132
148 188 148
148 188 164
148 188 172
148 188 180
148 188 188
148 188 196
148 196 0
148 196 12
148 196 16
148 196 28
148 196 32
148 196 48
148 196 64
148 196 80
148 196 116
148 196 132
148 196 148
148 196 164
148 196 172
148 196 180
148 196 188
148 196 196
164 0 0
164 0 12
164 0 16
164 0 28
164 0 32
164 0 48
164 0 64
164 0 80
164 0 116
164 0 132
164 0 148
164 0 164
164 0 172
164 0 180
164 0 188
164 0 196
164 12 0
164 12 12
164 12 16
164 12 28
164 12 32
164 12 48
164 12 64
164 12 80
164 12 116
164 12 132
164 12 148
164 12 164
164 12 172
164 12 180
164 12 188
164 12 196
164 16 0
164 16 12
164 16 16
164 16 28
164 16 32
164 16 48
164 16 64
164 16 80
164 16 116
164 16 132
164 16 148
164 16 164
164 16 172
164 16 180
164 16 188
164 16 196
164 28 0
164 28 12
164 28 16
164 28 28
164 28 32
164 28 48
164 28 64
164 28 80
164 28 116
164 28 132
164 28 148
164 28 164
164 28 172
164 28 180
164 28 188
164 28 196
164 32 0
164 32 12
164 32 16
164 32 28
164 32 32
164 32 48
164 32 64
164 32 80
164 32 116
164 32 132
164 32 148
164 32 164
164 32 172
164 32 180
164 32 188
164 32 196
164 48 0
164 48 12
164 48 16
164 48 28
164 48 32
164 48 48
164 48 64
164 48 80
164 48 116
164 48 132
164 48 148
164 48 164
164 48 172
164 48 180
164 48 188
164 48 196
164 64 0
164 64 12
164 64 16
164 64 28
164 64 32
164 64 48
164 64 64
164 64 80
164 64 116
164 64 132
164 64 148
164 64 164
164 64 172
164 64 180
164 64 188
164 64 196
164 80 0
164 80 12
164 80 16
164 80 28
164 80 32
164 80 48
164 80 64
164 80 80
164 80 116
164 80 132
164 80 148
164 80 164
164 80 172
164 80 180
164 80 188
164 80 196
164 116 0
164 116 12
164 116 16
164 116 28
164 116 32
164 116 48
164 116 64
164 116 80
164 116 116
164 116 132
164 116 148
164 116 164
164 116 172
164 116 180
164 116 188
164 116 196
164 132 0
164 132 12
164 132 16
164 132 28
164 132 32
164 132 48
164 132 64
164 132 80
164 132 116
164 132 132
164 132 148
164 132 164
164 132 172
164 132 180
164 132 188
164 132 196
164 148 0
164 148 12
164 148 16
164 148 28
164 148 32
164 148 48
164 148 64
164 148 80
164 148 116
164 148 132
164 148 148
164 148 164
164 148 172
164 148 180
164 148 188
164 148 196
164 164 0
164 164 12
164 164 16
164 164 28
164 164 32
164 164 48
164 164 64
164 164 80
164 164 116
164 164 132
164 164 148
164 164 164
164 164 172
164 164 180
164 164 188
164 164 196
164 172 0
164 172 12
164 172 16
164 172 28
164 172 32
164 172 48
164 172 64
164 172 80
164 172 116
164 172 132
164 172 148
164 172 164
164 172 172
164 172 180
164 172 188
164 172 196
164 180 0
164 180 12
164 180 16
164 180 28
164 180 32
164 180 48
164 180 64
164 180 80
164 180 116
164 180 132
164 180 148
164 180 164
164 180 172
164 180 180
164 180 188
164 180 196
164 188 0
164 188 12
164 188 16
164 188 28
164 188 32
164 188 48
164 188 64
164 188 80
164 188 116
164 188 132
164 188 148
164 188 164
164 188 172
164 188 180
164 188 188
164 188 196
164 196 0
164 196 12
164 196 16
164 196 28
164 196 32
164 196 48
164 196 64
164 196 80
164 196 116
164 196 132
164 196 148
164 196 164
164 196 172
164 196 180
164 196 188
164 196 196
172 0 0
172 0 12
172 0 16
172 0 28
172 0 32
172 0 48
172 0 64
172 0 80
172 0 116
172 0 132
172 0 148
172 0 164
172 0 172
172 0 180
172 0 188
172 0 196
172 12 0
172 12 12
172 12 16
172 12 28
172 12 32
172 12 48
172 12 64
172 12 80
172 12 116
172 12 132
172 12 148
172 12 164
172 12 172
172 12 180
172 12 188
172 12 196
172 16 0
172 16 12
172 16 16
172 16 28
172 16 32
172 16 48
172 16 64
172 16 80
172 16 116
172 16 132
172 16 148
172 16 164
172 16 172
172 16 180
172 16 188
172 16 196
172 28 0
172 28 12
172 28 16
172 28 28
172 28 32
172 28 48
172 28 64
172 28 80
172 28 116
172 28 132
172 28 148
172 28 164
172 28 172
172 28 180
172 28 188
172 28 196
172 32 0
172 32 12
172 32 16
172 32 28
172 32 32
172 32 48
172 32 64
172 32 80
172 32 116
172 32 132
172 32 148
172 32 164
172 32 172
172 32 180
172 32 188
172 32 196
172 48 0
172 48 12
172 48 16
172 48 28
172 48 32
172 48 48
172 48 64
172 48 80
172 48 116
172 48 132
172 48 148
172 48 164
172 48 172
172 48 180
172 48 188
172 48 196
172 64 0
172 64 12
172 64 16
172 64 28
172 64 32
172 64 48
172 64 64
172 64 80
172 64 116
172 64 132
172 64 148
172 64 164
172 64 172
172 64 180
172 64 188
172 64 196
172 80 0
172 80 12
172 80 16
172 80 28
172 80 32
172 80 48
172 80 64
172 80 80
172 80 116
172 80 132
172 80 148
172 80 164
172 80 172
172 80 180
172 80 188
172 80 196
172 116 0
172 116 12
172 116 16
172 116 28
172 116 32
172 116 48
172 116 64
172 116 80
172 116 116
172 116 132
172 116 148
172 116 164
172 116 172
172 116 180
172 116 188
172 116 196
172 132 0
172 132 12
172 132 16
172 132 28
172 132 32
172 132 48
172 132 64
172 132 80
172 132 116
172 132 132
172 132 148
172 132 164
172 132 172
172 132 180
172 132 188
172 132 196
172 148 0
172 148 12
172 148 16
172 148 28
172 148 32
172 148 48
172 148 64
172 148 80
172 148 116
172 148 132
172 148 148
172 148 164
172 148 172
172 148 180
172 148 188
172 148 196
172 164 0
172 164 12
172 164 16
172 164 28
172 164 32
172 164 48
172 164 64
172 164 80
172 164 116
172 164 132
172 164 148
172 164 164
172 164 172
172 164 180
172 164 188
172 164 196
172 172 0
172 172 12
172 172 16
172 172 28
172 172 32
172 172 48
172 172 64
172 172 80
172 172 116
172 172 132
172 172 148
172 172 164
172 172 172
172 172 180
172 172 188
172 172 196
172 180 0
172 180 12
172 180 16
172 180 28
172 180 32
172 180 48
172 180 64
172 180 80
172 180 116
172 180 132
172 180 148
172 180 164
172 180 172
172 180 180
172 180 188
172 180 196
172 188 0
172 188 12
172 188 16
172 188 28
172 188 32
172 188 48
172 188 64
172 188 80
172 188 116
172 188 132
172 188 148
172 188 164
172 188 172
172 188 180
172 188 188
172 188 196
172 196 0
172 196 12
172 196 16
172 196 28
172 196 32
172 196 48
172 196 64
172 196 80
172 196 116
172 196 132
172 196 148
172 196 164
172 196 172
172 196 180
172 196 188
172 196 196
180 0 0
180 0 12
180 0 16
180 0 28
180 0 32
180 0 48
180 0 64
180 0 80
180 0 116
180 0 132
180 0 148
180 0 164
180 0 172
180 0 180
180 0 188
180 0 196
180 12 0
180 12 12
180 12 16
180 12 28
180 12 32
180 12 48
180 12 64
180 12 80
180 12 116
180 12 132
180 12 148
180 12 164
180 12 172
180 12 180
180 12 188
180 12 196
180 16 0
180 16 12
180 16 16
180 16 28
180 16 32
180 16 48
180 16 64
180 16 80
180 16 116
180 16 132
180 16 148
180 16 164
180 16 172
180 16 180
180 16 188
180 16 196
180 28 0
180 28 12
180 28 16
180 28 28
180 28 32
180 28 48
180 28 64
180 28 80
180 28 116
180 28 132
180 28 148
180 28 164
180 28 172
180 28 180
180 28 188
180 28 196
180 32 0
180 32 12
180 32 16
180 32 28
180 32 32
180 32 48
180 32 64
180 32 80
180 32 116
180 32 132
180 32 148
180 32 164
180 32 172
180 32 180
180 32 188
180 32 196
180 48 0
180 48 12
180 48 16
180 48 28
180 48 32
180 48 48
180 48 64
180 48 80
180 48 116
180 48 132
180 48 148
180 48 164
180 48 172
180 48 180
180 48 188
180 48 196
180 64 0
180 64 12
180 64 16
180 64 28
180 64 32
180 64 48
180 64 64
180 64 80
180 64 116
180 64 132
180 64 148
180 64 164
180 64 172
180 64 180
180 64 188
180 64 196
180 80 0
180 80 12
180 80 16
180 80 28
180 80 32
180 80 48
180 80 64
180 80 80
180 80 116
180 80 132
180 80 148
180 80 164
180 80 172
180 80 180
180 80 188
180 80 196
180 116 0
180 116 12
180 116 16
180 116 28
180 116 32
180 116 48
180 116 64
180 116 80
180 116 116
180 116 132
180 116 148
180 116 164
180 116 172
180 116 180
180 116 188
180 116 196
180 132 0
180 132 12
180 132 16
180 132 28
180 132 32
180 132 48
180 132 64
180 132 80
180 132 116
180 132 132
180 132 148
180 132 164
180 132 172
180 132 180
180 132 188
180 132 196
180 148 0
180 148 12
180 148 16
180 148 28
180 148 32
180 148 48
180 148 64
180 148 80
180 148 116
180 148 132
180 148 148
180 148 164
180 148 172
180 148 180
180 148 188
180 148 196
180 164 0
180 164 12
180 164 16
180 164 28
180 164 32
180 164 48
180 164 64
180 164 80
180 164 116
180 164 132
180 164 148
180 164 164
180 164 172
180 164 180
180 164 188
180 164 196
180 172 0
180 172 12
180 172 16
180 172 28
180 172 32
180 172 48
180 172 64
180 172 80
180 172 116
180 172 132
180 172 148
180 172 164
180 172 172
180 172 180
180 172 188
180 172 196
180 180 0
180 180 12
180 180 16
180 180 28
180 180 32
180 180 48
180 180 64
180 180 80
180 180 116
180 180 132
180 180 148
180 180 164
180 180 172
180 180 180
180 180 188
180 180 196
180 188 0
180 188 12
180 188 16
180 188 28
180 188 32
180 188 48
180 188 64
180 188 80
180 188 116
180 188 132
180 188 148
180 188 164
180 188 172
180 188 180
180 188 188
180 188 196
180 196 0
180 196 12
180 196 16
180 196 28
180 196 32
180 196 48
180 196 64
180 196 80
180 196 116
180 196 132
180 196 148
180 196 164
180 196 172
180 196 180
180 196 188
180 196 196
188 0 0
188 0 12
188 0 16
188 0 28
188 0 32
188 0 48
188 0 64
188 0 80
188 0 116
188 0 132
188 0 148
188 0 164
188 0 172
188 0 180
188 0 188
188 0 196
188 12 0
188 12 12
188 12 16
188 12 28
188 12 32
188 12 48
188 12 64
188 12 80
188 12 116
188 12 132
188 12 148
188 12 164
188 12 172
188 12 180
188 12 188
188 12 196
188 16 0
188 16 12
188 16 16
188 16 28
188 16 32
188 16 48
188 16 64
188 16 80
188 16 116
188 16 132
188 16 148
188 16 164
188 16 172
188 16 180
188 16 188
188 16 196
188 28 0
188 28 12
188 28 16
188 28 28
188 28 32
188 28 48
188 28 64
188 28 80
188 28 116
188 28 132
188 28 148
188 28 164
188 28 172
188 28 180
188 28 188
188 28 196
188 32 0
188 32 12
188 32 16
188 32 28
188 32 32
188 32 48
188 32 64
188 32 80
188 32 116
188 32 132
188 32 148
188 32 164
188 32 172
188 32 180
188 32 188
188 32 196
188 48 0
188 48 12
188 48 16
188 48 28
188 48 32
188 48 48
188 48 64
188 48 80
188 48 116
188 48 132
188 48 148
188 48 164
188 48 172
188 48 180
188 48 188
188 48 196
188 64 0
188 64 12
188 64 16
188 64 28
188 64 32
188 64 48
188 64 64
188 64 80
188 64 116
188 64 132
188 64 148
188 64 164
188 64 172
188 64 180
188 64 188
188 64 196
188 80 0
188 80 12
188 80 16
188 80 28
188 80 32
188 80 48
188 80 64
188 80 80
188 80 116
188 80 132
188 80 148
188 80 164
188 80 172
188 80 180
188 80 188
188 80 196
188 116 0
188 116 12
188 116 16
188 116 28
188 116 32
188 116 48
188 116 64
188 116 80
188 116 116
188 116 132
188 116 148
188 116 164
188 116 172
188 116 180
188 116 188
188 116 196
188 132 0
188 132 12
188 132 16
188 132 28
188 132 32
188 132 48
188 132 64
188 132 80
188 132 116
188 132 132
188 132 148
188 132 164
188 132 172
188 132 180
188 132 188
188 132 196
188 148 0
188 148 12
188 148 16
188 148 28
188 148 32
188 148 48
188 148 64
188 148 80
188 148 116
188 148 132
188 148 148
188 148 164
188 148 172
188 148 180
188 148 188
188 148 196
188 164 0
188 164 12
188 164 16
188 164 28
188 164 32
188 164 48
188 164 64
188 164 80
188 164 116
188 164 132
188 164 148
188 164 164
188 164 172
188 164 180
188 164 188
188 164 196
188 172 0
188 172 12
188 172 16
188 172 28
188 172 32
188 172 48
188 172 64
188 172 80
188 172 116
188 172 132
188 172 148
188 172 164
188 172 172
188 172 180
188 172 188
188 172 196
188 180 0
188 180 12
188 180 16
188 180 28
188 180 32
188 180 48
188 180 64
188 180 80
188 180 116
188 180 132
188 180 148
188 180 164
188 180 172
188 180 180
188 180 188
188 180 196
188 188 0
188 188 12
188 188 16
188 188 28
188 188 32
188 188 48
188 188 64
188 188 80
188 188 116
188 188 132
188 188 148
188 188 164
188 188 172
188 188 180
188 188 188
188 188 196
188 196 0
188 196 12
188 196 16
188 196 28
188 196 32
188 196 48
188 196 64
188 196 80
188 196 116
188 196 132
188 196 148
188 196 164
188 196 172
188 196 180
188 196 188
188 196 196
196 0 0
196 0 12
196 0 16
196 0 28
196 0 32
196 0 48
196 0 64
196 0 80
196 0 116
196 0 132
196 0 148
196 0 164
196 0 172
196 0 180
196 0 188
196 0 196
196 12 0
196 12 12
196 12 16
196 12 28
196 12 32
196 12 48
196 12 64
196 12 80
196 12 116
196 12 132
196 12 148
196 12 164
196 12 172
196 12 180
196 12 188
196 12 196
196 16 0
196 16 12
196 16 16
196 16 28
196 16 32
196 16 48
196 16 64
196 16 80
196 16 116
196 16 132
196 16 148
196 16 164
196 16 172
196 16 180
196 16 188
196 16 196
196 28 0
196 28 12
196 28 16
196 28 28
196 28 32
196 28 48
196 28 64
196 28 80
196 28 116
196 28 132
196 28 148
196 28 164
196 28 172
196 28 180
196 28 188
196 28 196
196 32 0
196 32 12
196 32 16
196 32 28
196 32 32
196 32 48
196 32 64
196 32 80
196 32 116
196 32 132
196 32 148
196 32 164
196 32 172
196 32 180
196 32 188
196 32 196
196 48 0
196 48 12
196 48 16
196 48 28
196 48 32
196 48 48
196 48 64
196 48 80
196 48 116
196 48 132
196 48 148
196 48 164
196 48 172
196 48 180
196 48 188
196 48 196
196 64 0
196 64 12
196 64 16
196 64 28
196 64 32
196 64 48
196 64 64
196 64 80
196 64 116
196 64 132
196 64 148
196 64 164
196 64 172
196 64 180
196 64 188
196 64 196
196 80 0
196 80 12
196 80 16
196 80 28
196 80 32
196 80 48
196 80 64
196 80 80
196 80 116
196 80 132
196 80 148
196 80 164
196 80 172
196 80 180
196 80 188
196 80 196
196 116 0
196 116 12
196 116 16
196 116 28
196 116 32
196 116 48
196 116 64
196 116 80
196 116 116
196 116 132
196 116 148
196 116 164
196 116 172
196 116 180
196 116 188
196 116 196
196 132 0
196 132 12
196 132 16
196 132 28
196 132 32
196 132 48
196 132 64
196 132 80
196 132 116
196 132 132
196 132 148
196 132 164
196 132 172
196 132 180
196 132 188
196 132 196
196 148 0
196 148 12
196 148 16
196 148 28
196 148 32
196 148 48
196 148 64
196 148 80
196 148 116
196 148 132
196 148 148
196 148 164
196 148 172
196 148 180
196 148 188
196 148 196
196 164 0
196 164 12
196 164 16
196 164 28
196 164 32
196 164 48
196 164 64
196 164 80
196 164 116
196 164 132
196 164 148
196 164 164
196 164 172
196 164 180
196 164 188
196 164 196
196 172 0
196 172 12
196 172 16
196 172 28
196 172 32
196 172 48
196 172 64
196 172 80
196 172 116
196 172 132
196 172 148
196 172 164
196 172 172
196 172 180
196 172 188
196 172 196
196 180 0
196 180 12
196 180 16
196 180 28
196 180 32
196 180 48
196 180 64
196 180 80
196 180 116
196 180 132
196 180 148
196 180 164
196 180 172
196 180 180
196 180 188
196 180 196
196 188 0
196 188 12
196 188 16
196 188 28
196 188 32
196 188 48
196 188 64
196 188 80
196 188 116
196 188 132
196 188 148
196 188 164
196 188 172
196 188 180
196 188 188
196 188 196
196 196 0
196 196 12
196 196 16
196 196 28
196 196 32
196 196 48
196 196 64
196 196 80
196 196 116
196 196 132
196 196 148
196 196 164
196 196 172
196 196 180
196 196 188
196 196 196
