200
0 0 0
0 0 4
0 0 8
0 0 16
0 0 44
0 0 52
0 0 60
0 0 68
0 0 128
0 0 136
0 0 144
0 0 152
0 0 184
0 4 0
0 4 4
0 4 8
0 4 16
0 4 44
0 4 52
0 4 60
0 4 68
0 4 128
0 4 136
0 4 144
0 4 152
0 4 184
0 8 0
0 8 4
0 8 8
0 8 16
0 8 44
0 8 52
0 8 60
0 8 68
0 8 128
0 8 136
0 8 144
0 8 152
0 8 184
0 16 0
0 16 4
0 16 8
0 16 16
0 16 44
0 16 52
0 16 60
0 16 68
0 16 128
0 16 136
0 16 144
0 16 152
0 16 184
0 44 0
0 44 4
0 44 8
0 44 16
0 44 44
0 44 52
0 44 60
0 44 68
0 44 128
0 44 136
0 44 144
0 44 152
0 44 184
0 52 0
0 52 4
0 52 8
0 52 16
0 52 44
0 52 52
0 52 60
0 52 68
0 52 128
0 52 136
0 52 144
0 52 152
0 52 184
0 60 0
0 60 4
0 60 8
0 60 16
0 60 44
0 60 52
0 60 60
0 60 68
0 60 128
0 60 136
0 60 144
0 60 152
0 60 184
0 68 0
0 68 4
0 68 8
0 68 16
0 68 44
0 68 52
0 68 60
0 68 68
0 68 128
0 68 136
0 68 144
0 68 152
0 68 184
0 128 0
0 128 4
0 128 8
0 128 16
0 128 44
0 128 52
0 128 60
0 128 68
0 128 128
0 128 136
0 128 144
0 128 152
0 128 184
0 136 0
0 136 4
0 136 8
0 136 16
0 136 44
0 136 52
0 136 60
0 136 68
0 136 128
0 136 136
0 136 144
0 136 152
0 136 184
0 144 0
0 144 4
0 144 8
0 144 16
0 144 44
0 144 52
0 144 60
0 144 68
0 144 128
0 144 136
0 144 144
0 144 152
0 144 184
0 152 0
0 152 4
0 152 8
0 152 16
0 152 44
0 152 52
0 152 60
0 152 68
0 152 128
0 152 136
0 152 144
0 152 152
0 152 184
0 184 0
0 184 4
0 184 8
0 184 16
0 184 44
0 184 52
0 184 60
0 184 68
0 184 128
0 184 136
0 184 144
0 184 152
0 184 184
4 0 0
4 0 4
4 0 8
4 0 16
4 0 44
4 0 52
4 0 60
4 0 68
4 0 128
4 0 136
4 0 144
4 0 152
4 0 184
4 4 0
4 4 4
4 4 8
4 4 16
4 4 44
4 4 52
4 4 60
4 4 68
4 4 128
4 4 136
4 4 144
4 4 152
4 4 184
4 8 0
4 8 4
4 8 8
4 8 16
4 8 44
4 8 52
4 8 60
4 8 68
4 8 128
4 8 136
4 8 144
4 8 152
4 8 184
4 16 0
4 16 4
4 16 8
4 16 16
4 16 44
4 16 52
4 16 60
4 16 68
4 16 128
4 16 136
4 16 144
4 16 152
4 16 184
4 44 0
4 44 4
4 44 8
4 44 16
4 44 44
4 44 52
4 44 60
4 44 68
4 44 128
4 44 136
4 44 144
4 44 152
4 44 184
4 52 0
4 52 4
4 52 8
4 52 16
4 52 44
4 52 52
4 52 60
4 52 68
4 52 128
4 52 136
4 52 144
4 52 152
4 52 184
4 60 0
4 60 4
4 60 8
4 60 16
4 60 44
4 60 52
4 60 60
4 60 68
4 60 128
4 60 136
4 60 144
4 60 152
4 60 184
4 68 0
4 68 4
4 68 8
4 68 16
4 68 44
4 68 52
4 68 60
4 68 68
4 68 128
4 68 136
4 68 144
4 68 152
4 68 184
4 128 0
4 128 4
4 128 8
4 128 16
4 128 44
4 128 52
4 128 60
4 128 68
4 128 128
4 128 136
4 128 144
4 128 152
4 128 184
4 136 0
4 136 4
4 136 8
4 136 16
4 136 44
4 136 52
4 136 60
4 136 68
4 136 128
4 136 136
4 136 144
4 136 152
4 136 184
4 144 0
4 144 4
4 144 8
4 144 16
4 144 44
4 144 52
4 144 60
4 144 68
4 144 128
4 144 136
4 144 144
4 144 152
4 144 184
4 152 0
4 152 4
4 152 8
4 152 16
4 152 44
4 152 52
4 152 60
4 152 68
4 152 128
4 152 136
4 152 144
4 152 152
4 152 184
4 184 0
4 184 4
4 184 8
4 184 16
4 184 44
4 184 52
4 184 60
4 184 68
4 184 128
4 184 136
4 184 144
4 184 152
4 184 184
8 0 0
8 0 4
8 0 8
8 0 16
8 0 44
8 0 52
8 0 60
8 0 68
8 0 128
8 0 136
8 0 144
8 0 152
8 0 184
8 4 0
8 4 4
8 4 8
8 4 16
8 4 44
8 4 52
8 4 60
8 4 68
8 4 128
8 4 136
8 4 144
8 4 152
8 4 184
8 8 0
8 8 4
8 8 8
8 8 16
8 8 44
8 8 52
8 8 60
8 8 68
8 8 128
8 8 136
8 8 144
8 8 152
8 8 184
8 16 0
8 16 4
8 16 8
8 16 16
8 16 44
8 16 52
8 16 60
8 16 68
8 16 128
8 16 136
8 16 144
8 16 152
8 16 184
8 44 0
8 44 4
8 44 8
8 44 16
8 44 44
8 44 52
8 44 60
8 44 68
8 44 128
8 44 136
8 44 144
8 44 152
8 44 184
8 52 0
8 52 4
8 52 8
8 52 16
8 52 44
8 52 52
8 52 60
8 52 68
8 52 128
8 52 136
8 52 144
8 52 152
8 52 184
8 60 0
8 60 4
8 60 8
8 60 16
8 60 44
8 60 52
8 60 60
8 60 68
8 60 128
8 60 136
8 60 144
8 60 152
8 60 184
8 68 0
8 68 4
8 68 8
8 68 16
8 68 44
8 68 52
8 68 60
8 68 68
8 68 128
8 68 136
8 68 144
8 68 152
8 68 184
8 128 0
8 128 4
8 128 8
8 128 16
8 128 44
8 128 52
8 128 60
8 128 68
8 128 128
8 128 136
8 128 144
8 128 152
8 128 184
8 136 0
8 136 4
8 136 8
8 136 16
8 136 44
8 136 52
8 136 60
8 136 68
8 136 128
8 136 136
8 136 144
8 136 152
8 136 184
8 144 0
8 144 4
8 144 8
8 144 16
8 144 44
8 144 52
8 144 60
8 144 68
8 144 128
8 144 136
8 144 144
8 144 152
8 144 184
8 152 0
8 152 4
8 152 8
8 152 16
8 152 44
8 152 52
8 152 60
8 152 68
8 152 128
8 152 136
8 152 144
8 152 152
8 152 184
8 184 0
8 184 4
8 184 8
8 184 16
8 184 44
8 184 52
8 184 60
8 184 68
8 184 128
8 184 136
8 184 144
8 184 152
8 184 184
16 0 0
16 0 4
16 0 8
16 0 16
16 0 44
16 0 52
16 0 60
16 0 68
16 0 128
16 0 136
16 0 144
16 0 152
16 0 184
16 4 0
16 4 4
16 4 8
16 4 16
16 4 44
16 4 52
16 4 60
16 4 68
16 4 128
16 4 136
16 4 144
16 4 152
16 4 184
16 8 0
16 8 4
16 8 8
16 8 16
16 8 44
16 8 52
16 8 60
16 8 68
16 8 128
16 8 136
16 8 144
16 8 152
16 8 184
16 16 0
16 16 4
16 16 8
16 16 16
16 16 44
16 16 52
16 16 60
16 16 68
16 16 128
16 16 136
16 16 144
16 16 152
16 16 184
16 44 0
16 44 4
16 44 8
16 44 16
16 44 44
16 44 52
16 44 60
16 44 68
16 44 128
16 44 136
16 44 144
16 44 152
16 44 184
16 52 0
16 52 4
16 52 8
16 52 16
16 52 44
16 52 52
16 52 60
16 52 68
16 52 128
16 52 136
16 52 144
16 52 152
16 52 184
16 60 0
16 60 4
16 60 8
16 60 16
16 60 44
16 60 52
16 60 60
16 60 68
16 60 128
16 60 136
16 60 144
16 60 152
16 60 184
16 68 0
16 68 4
16 68 8
16 68 16
16 68 44
16 68 52
16 68 60
16 68 68
16 68 128
16 68 136
16 68 144
16 68 152
16 68 184
16 128 0
16 128 4
16 128 8
16 128 16
16 128 44
16 128 52
16 128 60
16 128 68
16 128 128
16 128 136
16 128 144
16 128 152
16 128 184
16 136 0
16 136 4
16 136 8
16 136 16
16 136 44
16 136 52
16 136 60
16 136 68
16 136 128
16 136 136
16 136 144
16 136 152
16 136 184
16 144 0
16 144 4
16 144 8
16 144 16
16 144 44
16 144 52
16 144 60
16 144 68
16 144 128
16 144 136
16 144 144
16 144 152
16 144 184
16 152 0
16 152 4
16 152 8
16 152 16
16 152 44
16 152 52
16 152 60
16 152 68
16 152 128
16 152 136
16 152 144
16 152 152
16 152 184
16 184 0
16 184 4
16 184 8
16 184 16
16 184 44
16 184 52
16 184 60
16 184 68
16 184 128
16 184 136
16 184 144
16 184 152
16 184 184
44 0 0
44 0 4
44 0 8
44 0 16
44 0 44
44 0 52
44 0 60
44 0 68
44 0 128
44 0 136
44 0 144
44 0 152
44 0 184
44 4 0
44 4 4
44 4 8
44 4 16
44 4 44
44 4 52
44 4 60
44 4 68
44 4 128
44 4 136
44 4 144
44 4 152
44 4 184
44 8 0
44 8 4
44 8 8
44 8 16
44 8 44
44 8 52
44 8 60
44 8 68
44 8 128
44 8 136
44 8 144
44 8 152
44 8 184
44 16 0
44 16 4
44 16 8
44 16 16
44 16 44
44 16 52
44 16 60
44 16 68
44 16 128
44 16 136
44 16 144
44 16 152
44 16 184
44 44 0
44 44 4
44 44 8
44 44 16
44 44 44
44 44 52
44 44 60
44 44 68
44 44 128
44 44 136
44 44 144
44 44 152
44 44 184
44 52 0
44 52 4
44 52 8
44 52 16
44 52 44
44 52 52
44 52 60
44 52 68
44 52 128
44 52 136
44 52 144
44 52 152
44 52 184
44 60 0
44 60 4
44 60 8
44 60 16
44 60 44
44 60 52
44 60 60
44 60 68
44 60 128
44 60 136
44 60 144
44 60 152
44 60 184
44 68 0
44 68 4
44 68 8
44 68 16
44 68 44
44 68 52
44 68 60
44 68 68
44 68 128
44 68 136
44 68 144
44 68 152
44 68 184
44 128 0
44 128 4
44 128 8
44 128 16
44 128 44
44 128 52
44 128 60
44 128 68
44 128 128
44 128 136
44 128 144
44 128 152
44 128 184
44 136 0
44 136 4
44 136 8
44 136 16
44 136 44
44 136 52
44 136 60
44 136 68
44 136 128
44 136 136
44 136 144
44 136 152
44 136 184
44 144 0
44 144 4
44 144 8
44 144 16
44 144 44
44 144 52
44 144 60
44 144 68
44 144 128
44 144 136
44 144 144
44 144 152
44 144 184
44 152 0
44 152 4
44 152 8
44 152 16
44 152 44
44 152 52
44 152 60
44 152 68
44 152 128
44 152 136
44 152 144
44 152 152
44 152 184
44 184 0
44 184 4
44 184 8
44 184 16
44 184 44
44 184 52
44 184 60
44 184 68
44 184 128
44 184 136
44 184 144
44 184 152
44 184 184
52 0 0
52 0 4
52 0 8
52 0 16
52 0 44
52 0 52
52 0 60
52 0 68
52 0 128
52 0 136
52 0 144
52 0 152
52 0 184
52 4 0
52 4 4
52 4 8
52 4 16
52 4 44
52 4 52
52 4 60
52 4 68
52 4 128
52 4 136
52 4 144
52 4 152
52 4 184
52 8 0
52 8 4
52 8 8
52 8 16
52 8 44
52 8 52
52 8 60
52 8 68
52 8 128
52 8 136
52 8 144
52 8 152
52 8 184
52 16 0
52 16 4
52 16 8
52 16 16
52 16 44
52 16 52
52 16 60
52 16 68
52 16 128
52 16 136
52 16 144
52 16 152
52 16 184
52 44 0
52 44 4
52 44 8
52 44 16
52 44 44
52 44 52
52 44 60
52 44 68
52 44 128
52 44 136
52 44 144
52 44 152
52 44 184
52 52 0
52 52 4
52 52 8
52 52 16
52 52 44
52 52 52
52 52 60
52 52 68
52 52 128
52 52 136
52 52 144
52 52 152
52 52 184
52 60 0
52 60 4
52 60 8
52 60 16
52 60 44
52 60 52
52 60 60
52 60 68
52 60 128
52 60 136
52 60 144
52 60 152
52 60 184
52 68 0
52 68 4
52 68 8
52 68 16
52 68 44
52 68 52
52 68 60
52 68 68
52 68 128
52 68 136
52 68 144
52 68 152
52 68 184
52 128 0
52 128 4
52 128 8
52 128 16
52 128 44
52 128 52
52 128 60
52 128 68
52 128 128
52 128 136
52 128 144
52 128 152
52 128 184
52 136 0
52 136 4
52 136 8
52 136 16
52 136 44
52 136 52
52 136 60
52 136 68
52 136 128
52 136 136
52 136 144
52 136 152
52 136 184
52 144 0
52 144 4
52 144 8
52 144 16
52 144 44
52 144 52
52 144 60
52 144 68
52 144 128
52 144 136
52 144 144
52 144 152
52 144 184
52 152 0
52 152 4
52 152 8
52 152 16
52 152 44
52 152 52
52 152 60
52 152 68
52 152 128
52 152 136
52 152 144
52 152 152
52 152 184
52 184 0
52 184 4
52 184 8
52 184 16
52 184 44
52 184 52
52 184 60
52 184 68
52 184 128
52 184 136
52 184 144
52 184 152
52 184 184
60 0 0
60 0 4
60 0 8
60 0 16
60 0 44
60 0 52
60 0 60
60 0 68
60 0 128
60 0 136
60 0 144
60 0 152
60 0 184
60 4 0
60 4 4
60 4 8
60 4 16
60 4 44
60 4 52
60 4 60
60 4 68
60 4 128
60 4 136
60 4 144
60 4 152
60 4 184
60 8 0
60 8 4
60 8 8
60 8 16
60 8 44
60 8 52
60 8 60
60 8 68
60 8 128
60 8 136
60 8 144
60 8 152
60 8 184
60 16 0
60 16 4
60 16 8
60 16 16
60 16 44
60 16 52
60 16 60
60 16 68
60 16 128
60 16 136
60 16 144
60 16 152
60 16 184
60 44 0
60 44 4
60 44 8
60 44 16
60 44 44
60 44 52
60 44 60
60 44 68
60 44 128
60 44 136
60 44 144
60 44 152
60 44 184
60 52 0
60 52 4
60 52 8
60 52 16
60 52 44
60 52 52
60 52 60
60 52 68
60 52 128
60 52 136
60 52 144
60 52 152
60 52 184
60 60 0
60 60 4
60 60 8
60 60 16
60 60 44
60 60 52
60 60 60
60 60 68
60 60 128
60 60 136
60 60 144
60 60 152
60 60 184
60 68 0
60 68 4
60 68 8
60 68 16
60 68 44
60 68 52
60 68 60
60 68 68
60 68 128
60 68 136
60 68 144
60 68 152
60 68 184
60 128 0
60 128 4
60 128 8
60 128 16
60 128 44
60 128 52
60 128 60
60 128 68
60 128 128
60 128 136
60 128 144
60 128 152
60 128 184
60 136 0
60 136 4
60 136 8
60 136 16
60 136 44
60 136 52
60 136 60
60 136 68
60 136 128
60 136 136
60 136 144
60 136 152
60 136 184
60 144 0
60 144 4
60 144 8
60 144 16
60 144 44
60 144 52
60 144 60
60 144 68
60 144 128
60 144 136
60 144 144
60 144 152
60 144 184
60 152 0
60 152 4
60 152 8
60 152 16
60 152 44
60 152 52
60 152 60
60 152 68
60 152 128
60 152 136
60 152 144
60 152 152
60 152 184
60 184 0
60 184 4
60 184 8
60 184 16
60 184 44
60 184 52
60 184 60
60 184 68
60 184 128
60 184 136
60 184 144
60 184 152
60 184 184
68 0 0
68 0 4
68 0 8
68 0 16
68 0 44
68 0 52
68 0 60
68 0 68
68 0 128
68 0 136
68 0 144
68 0 152
68 0 184
68 4 0
68 4 4
68 4 8
68 4 16
68 4 44
68 4 52
68 4 60
68 4 68
68 4 128
68 4 136
68 4 144
68 4 152
68 4 184
68 8 0
68 8 4
68 8 8
68 8 16
68 8 44
68 8 52
68 8 60
68 8 68
68 8 128
68 8 136
68 8 144
68 8 152
68 8 184
68 16 0
68 16 4
68 16 8
68 16 16
68 16 44
68 16 52
68 16 60
68 16 68
68 16 128
68 16 136
68 16 144
68 16 152
68 16 184
68 44 0
68 44 4
68 44 8
68 44 16
68 44 44
68 44 52
68 44 60
68 44 68
68 44 128
68 44 136
68 44 144
68 44 152
68 44 184
68 52 0
68 52 4
68 52 8
68 52 16
68 52 44
68 52 52
68 52 60
68 52 68
68 52 128
68 52 136
68 52 144
68 52 152
68 52 184
68 60 0
68 60 4
68 60 8
68 60 16
68 60 44
68 60 52
68 60 60
68 60 68
68 60 128
68 60 136
68 60 144
68 60 152
68 60 184
68 68 0
68 68 4
68 68 8
68 68 16
68 68 44
68 68 52
68 68 60
68 68 68
68 68 128
68 68 136
68 68 144
68 68 152
68 68 184
68 128 0
68 128 4
68 128 8
68 128 16
68 128 44
68 128 52
68 128 60
68 128 68
68 128 128
68 128 136
68 128 144
68 128 152
68 128 184
68 136 0
68 136 4
68 136 8
68 136 16
68 136 44
68 136 52
68 136 60
68 136 68
68 136 128
68 136 136
68 136 144
68 136 152
68 136 184
68 144 0
68 144 4
68 144 8
68 144 16
68 144 44
68 144 52
68 144 60
68 144 68
68 144 128
68 144 136
68 144 144
68 144 152
68 144 184
68 152 0
68 152 4
68 152 8
68 152 16
68 152 44
68 152 52
68 152 60
68 152 68
68 152 128
68 152 136
68 152 144
68 152 152
68 152 184
68 184 0
68 184 4
68 184 8
68 184 16
68 184 44
68 184 52
68 184 60
68 184 68
68 184 128
68 184 136
68 184 144
68 184 152
68 184 184
128 0 0
128 0 4
128 0 8
128 0 16
128 0 44
128 0 52
128 0 60
128 0 68
128 0 128
128 0 136
128 0 144
128 0 152
128 0 184
128 4 0
128 4 4
128 4 8
128 4 16
128 4 44
128 4 52
128 4 60
128 4 68
128 4 128
128 4 136
128 4 144
128 4 152
128 4 184
128 8 0
128 8 4
128 8 8
128 8 16
128 8 44
128 8 52
128 8 60
128 8 68
128 8 128
128 8 136
128 8 144
128 8 152
128 8 184
128 16 0
128 16 4
128 16 8
128 16 16
128 16 44
128 16 52
128 16 60
128 16 68
128 16 128
128 16 136
128 16 144
128 16 152
128 16 184
128 44 0
128 44 4
128 44 8
128 44 16
128 44 44
128 44 52
128 44 60
128 44 68
128 44 128
128 44 136
128 44 144
128 44 152
128 44 184
128 52 0
128 52 4
128 52 8
128 52 16
128 52 44
128 52 52
128 52 60
128 52 68
128 52 128
128 52 136
128 52 144
128 52 152
128 52 184
128 60 0
128 60 4
128 60 8
128 60 16
128 60 44
128 60 52
128 60 60
128 60 68
128 60 128
128 60 136
128 60 144
128 60 152
128 60 184
128 68 0
128 68 4
128 68 8
128 68 16
128 68 44
128 68 52
128 68 60
128 68 68
128 68 128
128 68 136
128 68 144
128 68 152
128 68 184
128 128 0
128 128 4
128 128 8
128 128 16
128 128 44
128 128 52
128 128 60
128 128 68
128 128 128
128 128 136
128 128 144
128 128 152
128 128 184
128 136 0
128 136 4
128 136 8
128 136 16
128 136 44
128 136 52
128 136 60
128 136 68
128 136 128
128 136 136
128 136 144
128 136 152
128 136 184
128 144 0
128 144 4
128 144 8
128 144 16
128 144 44
128 144 52
128 144 60
128 144 68
128 144 128
128 144 136
128 144 144
128 144 152
128 144 184
128 152 0
128 152 4
128 152 8
128 152 16
128 152 44
128 152 52
128 152 60
128 152 68
128 152 128
128 152 136
128 152 144
128 152 152
128 152 184
128 184 0
128 184 4
128 184 8
128 184 16
128 184 44
128 184 52
128 184 60
128 184 68
128 184 128
128 184 136
128 184 144
128 184 152
128 184 184
136 0 0
136 0 4
136 0 8
136 0 16
136 0 44
136 0 52
136 0 60
136 0 68
136 0 128
136 0 136
136 0 144
136 0 152
136 0 184
136 4 0
136 4 4
136 4 8
136 4 16
136 4 44
136 4 52
136 4 60
136 4 68
136 4 128
136 4 136
136 4 144
136 4 152
136 4 184
136 8 0
136 8 4
136 8 8
136 8 16
136 8 44
136 8 52
136 8 60
136 8 68
136 8 128
136 8 136
136 8 144
136 8 152
136 8 184
136 16 0
136 16 4
136 16 8
136 16 16
136 16 44
136 16 52
136 16 60
136 16 68
136 16 128
136 16 136
136 16 144
136 16 152
136 16 184
136 44 0
136 44 4
136 44 8
136 44 16
136 44 44
136 44 52
136 44 60
136 44 68
136 44 128
136 44 136
136 44 144
136 44 152
136 44 184
136 52 0
136 52 4
136 52 8
136 52 16
136 52 44
136 52 52
136 52 60
136 52 68
136 52 128
136 52 136
136 52 144
136 52 152
136 52 184
136 60 0
136 60 4
136 60 8
136 60 16
136 60 44
136 60 52
136 60 60
136 60 68
136 60 128
136 60 136
136 60 144
136 60 152
136 60 184
136 68 0
136 68 4
136 68 8
136 68 16
136 68 44
136 68 52
136 68 60
136 68 68
136 68 128
136 68 136
136 68 144
136 68 152
136 68 184
136 128 0
136 128 4
136 128 8
136 128 16
136 128 44
136 128 52
136 128 60
136 128 68
136 128 128
136 128 136
136 128 144
136 128 152
136 128 184
136 136 0
136 136 4
136 136 8
136 136 16
136 136 44
136 136 52
136 136 60
136 136 68
136 136 128
136 136 136
136 136 144
136 136 152
136 136 184
136 144 0
136 144 4
136 144 8
136 144 16
136 144 44
136 144 52
136 144 60
136 144 68
136 144 128
136 144 136
136 144 144
136 144 152
136 144 184
136 152 0
136 152 4
136 152 8
136 152 16
136 152 44
136 152 52
136 152 60
136 152 68
136 152 128
136 152 136
136 152 144
136 152 152
136 152 184
136 184 0
136 184 4
136 184 8
136 184 16
136 184 44
136 184 52
136 184 60
136 184 68
136 184 128
136 184 136
136 184 144
136 184 152
136 184 184
144 0 0
144 0 4
144 0 8
144 0 16
144 0 44
144 0 52
144 0 60
144 0 68
144 0 128
144 0 136
144 0 144
144 0 152
144 0 184
144 4 0
144 4 4
144 4 8
144 4 16
144 4 44
144 4 52
144 4 60
144 4 68
144 4 128
144 4 136
144 4 144
144 4 152
144 4 184
144 8 0
144 8 4
144 8 8
144 8 16
144 8 44
144 8 52
144 8 60
144 8 68
144 8 128
144 8 136
144 8 144
144 8 152
144 8 184
144 16 0
144 16 4
144 16 8
144 16 16
144 16 44
144 16 52
144 16 60
144 16 68
144 16 128
144 16 136
144 16 144
144 16 152
144 16 184
144 44 0
144 44 4
144 44 8
144 44 16
144 44 44
144 44 52
144 44 60
144 44 68
144 44 128
144 44 136
144 44 144
144 44 152
144 44 184
144 52 0
144 52 4
144 52 8
144 52 16
144 52 44
144 52 52
144 52 60
144 52 68
144 52 128
144 52 136
144 52 144
144 52 152
144 52 184
144 60 0
144 60 4
144 60 8
144 60 16
144 60 44
144 60 52
144 60 60
144 60 68
144 60 128
144 60 136
144 60 144
144 60 152
144 60 184
144 68 0
144 68 4
144 68 8
144 68 16
144 68 44
144 68 52
144 68 60
144 68 68
144 68 128
144 68 136
144 68 144
144 68 152
144 68 184
144 128 0
144 128 4
144 128 8
144 128 16
144 128 44
144 128 52
144 128 60
144 128 68
144 128 128
144 128 136
144 128 144
144 128 152
144 128 184
144 136 0
144 136 4
144 136 8
144 136 16
144 136 44
144 136 52
144 136 60
144 136 68
144 136 128
144 136 136
144 136 144
144 136 152
144 136 184
144 144 0
144 144 4
144 144 8
144 144 16
144 144 44
144 144 52
144 144 60
144 144 68
144 144 128
144 144 136
144 144 144
144 144 152
144 144 184
144 152 0
144 152 4
144 152 8
144 152 16
144 152 44
144 152 52
144 152 60
144 152 68
144 152 128
144 152 136
144 152 144
144 152 152
144 152 184
144 184 0
144 184 4
144 184 8
144 184 16
144 184 44
144 184 52
144 184 60
144 184 68
144 184 128
144 184 136
144 184 144
144 184 152
144 184 184
152 0 0
152 0 4
152 0 8
152 0 16
152 0 44
152 0 52
152 0 60
152 0 68
152 0 128
152 0 136
152 0 144
152 0 152
152 0 184
152 4 0
152 4 4
152 4 8
152 4 16
152 4 44
152 4 52
152 4 60
152 4 68
152 4 128
152 4 136
152 4 144
152 4 152
152 4 184
152 8 0
152 8 4
152 8 8
152 8 16
152 8 44
152 8 52
152 8 60
152 8 68
152 8 128
152 8 136
152 8 144
152 8 152
152 8 184
152 16 0
152 16 4
152 16 8
152 16 16
152 16 44
152 16 52
152 16 60
152 16 68
152 16 128
152 16 136
152 16 144
152 16 152
152 16 184
152 44 0
152 44 4
152 44 8
152 44 16
152 44 44
152 44 52
152 44 60
152 44 68
152 44 128
152 44 136
152 44 144
152 44 152
152 44 184
152 52 0
152 52 4
152 52 8
152 52 16
152 52 44
152 52 52
152 52 60
152 52 68
152 52 128
152 52 136
152 52 144
152 52 152
152 52 184
152 60 0
152 60 4
152 60 8
152 60 16
152 60 44
152 60 52
152 60 60
152 60 68
152 60 128
152 60 136
152 60 144
152 60 152
152 60 184
152 68 0
152 68 4
152 68 8
152 68 16
152 68 44
152 68 52
152 68 60
152 68 68
152 68 128
152 68 136
152 68 144
152 68 152
152 68 184
152 128 0
152 128 4
152 128 8
152 128 16
152 128 44
152 128 52
152 128 60
152 128 68
152 128 128
152 128 136
152 128 144
152 128 152
152 128 184
152 136 0
152 136 4
152 136 8
152 136 16
152 136 44
152 136 52
152 136 60
152 136 68
152 136 128
152 136 136
152 136 144
152 136 152
152 136 184
152 144 0
152 144 4
152 144 8
152 144 16
152 144 44
152 144 52
152 144 60
152 144 68
152 144 128
152 144 136
152 144 144
152 144 152
152 144 184
152 152 0
152 152 4
152 152 8
152 152 16
152 152 44
152 152 52
152 152 60
152 152 68
152 152 128
152 152 136
152 152 144
152 152 152
152 152 184
152 184 0
152 184 4
152 184 8
152 184 16
152 184 44
152 184 52
152 184 60
152 184 68
152 184 128
152 184 136
152 184 144
152 184 152
152 184 184
184 0 0
184 0 4
184 0 8
184 0 16
184 0 44
184 0 52
184 0 60
184 0 68
184 0 128
184 0 136
184 0 144
184 0 152
184 0 184
184 4 0
184 4 4
184 4 8
184 4 16
184 4 44
184 4 52
184 4 60
184 4 68
184 4 128
184 4 136
184 4 144
184 4 152
184 4 184
184 8 0
184 8 4
184 8 8
184 8 16
184 8 44
184 8 52
184 8 60
184 8 68
184 8 128
184 8 136
184 8 144
184 8 152
184 8 184
184 16 0
184 16 4
184 16 8
184 16 16
184 16 44
184 16 52
184 16 60
184 16 68
184 16 128
184 16 136
184 16 144
184 16 152
184 16 184
184 44 0
184 44 4
184 44 8
184 44 16
184 44 44
184 44 52
184 44 60
184 44 68
184 44 128
184 44 136
184 44 144
184 44 152
184 44 184
184 52 0
184 52 4
184 52 8
184 52 16
184 52 44
184 52 52
184 52 60
184 52 68
184 52 128
184 52 136
184 52 144
184 52 152
184 52 184
184 60 0
184 60 4
184 60 8
184 60 16
184 60 44
184 60 52
184 60 60
184 60 68
184 60 128
184 60 136
184 60 144
184 60 152
184 60 184
184 68 0
184 68 4
184 68 8
184 68 16
184 68 44
184 68 52
184 68 60
184 68 68
184 68 128
184 68 136
184 68 144
184 68 152
184 68 184
184 128 0
184 128 4
184 128 8
184 128 16
184 128 44
184 128 52
184 128 60
184 128 68
184 128 128
184 128 136
184 128 144
184 128 152
184 128 184
184 136 0
184 136 4
184 136 8
184 136 16
184 136 44
184 136 52
184 136 60
184 136 68
184 136 128
184 136 136
184 136 144
184 136 152
184 136 184
184 144 0
184 144 4
184 144 8
184 144 16
184 144 44
184 144 52
184 144 60
184 144 68
184 144 128
184 144 136
184 144 144
184 144 152
184 144 184
184 152 0
184 152 4
184 152 8
184 152 16
184 152 44
184 152 52
184 152 60
184 152 68
184 152 128
184 152 136
184 152 144
184 152 152
184 152 184
184 184 0
184 184 4
184 184 8
184 184 16
184 184 44
184 184 52
184 184 60
184 184 68
184 184 128
184 184 136
184 184 144
184 184 152
184 184 184
