20
0 1 6
0 1 11
0 1 12
0 2 6
0 2 8
0 3 7
0 3 8
0 3 12
0 4 3
0 4 4
0 4 8
0 4 12
0 5 2
0 5 3
0 5 12
0 6 0
0 6 3
0 6 11
0 6 13
0 7 3
0 7 17
0 7 18
0 8 3
0 8 17
0 8 18
0 9 0
0 9 2
0 9 8
0 9 15
0 9 16
0 9 17
0 9 18
0 10 8
0 10 17
0 10 18
0 11 16
0 11 17
1 1 6
1 1 11
1 1 12
1 1 15
1 2 3
1 2 4
1 2 5
1 2 8
1 3 3
1 3 4
1 3 5
1 4 10
1 4 12
1 5 1
1 5 5
1 5 11
1 5 12
1 6 13
1 7 4
1 7 12
1 8 4
1 8 8
1 8 14
1 8 15
1 8 19
1 9 4
1 9 7
1 9 10
1 10 1
1 10 3
1 10 4
1 10 6
1 10 10
1 10 14
1 11 15
1 11 19
1 12 17
2 0 1
2 0 2
2 0 4
2 0 14
2 1 2
2 1 14
2 2 0
2 2 2
2 2 3
2 2 4
2 2 5
2 2 7
2 2 10
2 2 11
2 2 12
2 2 16
2 3 6
2 3 7
2 3 9
2 4 3
2 4 6
2 4 13
2 5 7
2 5 13
2 5 17
2 5 19
2 6 2
2 6 6
2 7 7
2 7 8
2 7 11
2 7 12
2 8 4
2 8 6
2 8 11
2 8 12
2 8 13
2 8 14
2 9 1
2 9 5
2 9 7
2 10 7
2 10 13
2 10 14
2 11 5
2 11 8
2 11 14
2 11 17
2 11 18
2 12 14
2 12 16
2 13 14
2 13 15
3 0 0
3 0 14
3 1 10
3 1 14
3 1 17
3 2 16
3 2 17
3 4 13
3 5 4
3 5 5
3 5 13
3 6 10
3 7 6
3 8 13
3 9 10
3 9 12
3 9 13
3 9 19
3 10 2
3 10 7
3 10 10
3 10 15
3 10 19
3 11 8
3 11 9
3 11 13
3 11 14
3 12 17
3 13 13
3 13 15
4 0 3
4 0 10
4 0 13
4 0 14
4 0 15
4 0 16
4 1 15
4 2 4
4 2 14
4 3 8
4 4 8
4 4 18
4 4 19
4 5 9
4 5 13
4 6 5
4 6 6
4 6 8
4 6 11
4 7 6
4 7 10
4 7 13
4 7 15
4 9 3
4 9 10
4 9 13
4 9 18
4 10 3
4 10 8
4 10 9
4 10 15
4 11 10
4 11 15
4 11 16
4 12 8
4 12 10
4 12 12
4 12 16
4 13 9
4 13 10
4 13 15
4 14 14
5 0 1
5 0 2
5 0 13
5 1 3
5 3 0
5 3 1
5 3 4
5 4 15
5 4 16
5 4 17
5 4 18
5 5 2
5 5 3
5 5 11
5 5 15
5 5 16
5 5 17
5 5 19
5 6 1
5 6 3
5 6 7
5 7 1
5 7 3
5 7 6
5 8 10
5 8 19
5 10 6
5 10 8
5 10 9
5 10 15
5 11 7
5 12 12
5 12 13
5 13 9
5 13 10
5 13 13
6 0 5
6 0 8
6 1 10
6 2 6
6 3 0
6 3 1
6 3 2
6 3 4
6 3 6
6 3 16
6 4 3
6 4 4
6 4 5
6 4 18
6 5 4
6 5 5
6 5 6
6 5 18
6 6 1
6 6 3
6 6 7
6 6 12
6 6 13
6 6 19
6 7 1
6 7 3
6 7 15
6 7 16
6 7 17
6 7 19
6 8 3
6 8 6
6 8 14
6 8 18
6 8 19
6 9 4
6 9 14
6 10 6
6 10 10
6 10 13
6 10 14
6 10 17
6 11 10
6 12 9
6 12 17
6 13 15
6 13 16
7 0 9
7 0 12
7 0 13
7 0 14
7 1 2
7 1 4
7 2 2
7 2 5
7 2 6
7 2 15
7 3 8
7 3 16
7 4 7
7 5 2
7 5 5
7 5 6
7 5 11
7 6 7
7 6 12
7 6 13
7 6 18
7 7 6
7 7 9
7 7 13
7 8 4
7 8 14
7 9 6
7 9 17
7 10 5
7 10 6
7 10 7
7 10 11
7 10 12
7 10 15
7 10 16
7 11 16
7 12 17
7 13 15
7 13 16
8 0 12
8 0 13
8 0 14
8 1 3
8 1 4
8 1 9
8 1 10
8 1 11
8 1 13
8 1 15
8 2 3
8 2 4
8 2 8
8 2 13
8 2 15
8 3 6
8 3 7
8 3 8
8 3 9
8 3 13
8 3 15
8 4 3
8 4 14
8 5 5
8 5 7
8 5 14
8 6 4
8 6 5
8 6 15
8 6 17
8 7 4
8 7 5
8 7 8
8 8 16
8 9 16
8 10 8
8 10 12
8 10 13
8 10 14
8 10 16
9 0 4
9 0 12
9 0 13
9 0 14
9 1 5
9 1 12
9 1 13
9 1 15
9 1 17
9 2 9
9 2 13
9 2 17
9 3 2
9 3 8
9 3 9
9 3 10
9 3 11
9 3 12
9 4 9
9 4 10
9 4 11
9 4 12
9 4 16
9 4 18
9 4 19
9 5 18
9 6 4
9 7 11
9 8 8
9 8 12
9 8 13
9 9 10
9 9 15
9 10 12
9 10 13
10 0 17
10 1 3
10 1 5
10 2 3
10 2 5
10 2 12
10 2 13
10 2 14
10 2 18
10 3 8
10 3 9
10 3 12
10 3 17
10 4 4
10 4 13
10 5 4
10 6 5
10 6 10
10 6 12
10 6 13
10 8 16
10 8 19
10 9 14
10 10 16
10 10 17
11 1 5
11 1 11
11 1 12
11 1 15
11 2 19
11 3 9
11 3 18
11 4 10
11 4 12
11 5 5
11 5 10
11 5 11
11 5 17
11 5 19
11 6 11
11 6 12
11 6 17
11 7 7
11 8 10
11 8 14
11 8 16
11 9 18
11 10 16
11 10 17
12 0 11
12 0 12
12 1 19
12 2 6
12 2 9
12 2 10
12 3 6
12 3 10
12 4 6
12 5 6
12 5 10
12 6 17
12 6 19
12 7 8
12 7 9
12 7 17
12 8 9
12 8 17
13 0 18
13 1 7
13 1 13
13 1 16
13 1 18
13 2 6
13 2 9
13 2 10
13 2 11
13 2 16
13 2 19
13 3 6
13 3 8
13 3 9
13 3 10
13 4 11
13 5 18
13 6 8
13 6 9
13 6 10
13 7 10
13 7 11
13 7 12
13 8 11
13 8 12
14 2 12
14 2 16
14 2 18
14 3 12
14 3 13
14 3 16
14 4 14
14 4 15
14 4 18
14 5 12
14 5 13
14 5 16
14 6 11
14 6 12
