20
0 0 13
0 0 14
0 0 15
0 1 15
0 2 14
0 3 5
0 3 14
0 4 11
0 5 16
0 6 6
0 6 8
0 7 16
1 3 4
1 3 5
1 3 6
1 3 19
1 4 14
1 4 16
1 4 17
1 5 12
1 5 18
1 6 4
1 6 5
1 6 7
1 6 9
1 7 13
1 7 17
1 8 14
1 8 15
2 0 14
2 1 10
2 1 15
2 1 17
2 2 7
2 2 14
2 3 14
2 3 15
2 3 16
2 3 17
2 4 13
2 4 14
2 4 19
2 5 7
2 5 12
2 6 5
2 6 12
2 6 13
3 0 11
3 0 14
3 0 18
3 1 5
3 1 7
3 1 8
3 1 9
3 1 18
3 2 3
3 2 5
3 2 18
3 3 5
3 4 13
3 4 19
3 5 3
3 5 6
3 5 12
3 6 4
3 6 5
3 6 6
3 6 13
3 6 18
3 7 12
4 0 12
4 0 14
4 0 15
4 1 5
4 2 3
4 2 18
4 4 5
4 4 6
4 5 4
4 5 6
4 5 7
4 5 13
4 6 17
4 8 13
5 0 15
5 2 4
5 2 6
5 2 10
5 2 18
5 3 6
5 3 7
5 3 8
5 3 18
5 4 3
5 4 4
5 4 5
5 4 6
5 4 12
5 4 13
5 4 14
5 6 16
5 7 14
5 7 15
6 0 9
6 0 10
6 0 12
6 1 14
6 2 9
6 2 13
6 3 5
6 3 9
6 3 12
6 4 10
6 4 17
6 5 14
6 5 16
6 6 14
7 1 9
7 1 10
7 1 12
7 2 9
7 3 10
7 3 11
