200
62 62 62
62 62 66
62 62 70
62 62 74
62 62 126
62 62 130
62 62 134
62 62 138
62 66 62
62 66 66
62 66 70
62 66 74
62 66 126
62 66 130
62 66 134
62 66 138
62 70 62
62 70 66
62 70 70
62 70 74
62 70 126
62 70 130
62 70 134
62 70 138
62 74 62
62 74 66
62 74 70
62 74 74
62 74 126
62 74 130
62 74 134
62 74 138
62 126 62
62 126 66
62 126 70
62 126 74
62 126 126
62 126 130
62 126 134
62 126 138
62 130 62
62 130 66
62 130 70
62 130 74
62 130 126
62 130 130
62 130 134
62 130 138
62 134 62
62 134 66
62 134 70
62 134 74
62 134 126
62 134 130
62 134 134
62 134 138
62 138 62
62 138 66
62 138 70
62 138 74
62 138 126
62 138 130
62 138 134
62 138 138
66 62 62
66 62 66
66 62 70
66 62 74
66 62 126
66 62 130
66 62 134
66 62 138
66 66 62
66 66 66
66 66 70
66 66 74
66 66 126
66 66 130
66 66 134
66 66 138
66 70 62
66 70 66
66 70 70
66 70 74
66 70 126
66 70 130
66 70 134
66 70 138
66 74 62
66 74 66
66 74 70
66 74 74
66 74 126
66 74 130
66 74 134
66 74 138
66 126 62
66 126 66
66 126 70
66 126 74
66 126 126
66 126 130
66 126 134
66 126 138
66 130 62
66 130 66
66 130 70
66 130 74
66 130 126
66 130 130
66 130 134
66 130 138
66 134 62
66 134 66
66 134 70
66 134 74
66 134 126
66 134 130
66 134 134
66 134 138
66 138 62
66 138 66
66 138 70
66 138 74
66 138 126
66 138 130
66 138 134
66 138 138
70 62 62
70 62 66
70 62 70
70 62 74
70 62 126
70 62 130
70 62 134
70 62 138
70 66 62
70 66 66
70 66 70
70 66 74
70 66 126
70 66 130
70 66 134
70 66 138
70 70 62
70 70 66
70 70 70
70 70 74
70 70 126
70 70 130
70 70 134
70 70 138
70 74 62
70 74 66
70 74 70
70 74 74
70 74 126
70 74 130
70 74 134
70 74 138
70 126 62
70 126 66
70 126 70
70 126 74
70 126 126
70 126 130
70 126 134
70 126 138
70 130 62
70 130 66
70 130 70
70 130 74
70 130 126
70 130 130
70 130 134
70 130 138
70 134 62
70 134 66
70 134 70
70 134 74
70 134 126
70 134 130
70 134 134
70 134 138
70 138 62
70 138 66
70 138 70
70 138 74
70 138 126
70 138 130
70 138 134
70 138 138
74 62 62
74 62 66
74 62 70
74 62 74
74 62 126
74 62 130
74 62 134
74 62 138
74 66 62
74 66 66
74 66 70
74 66 74
74 66 126
74 66 130
74 66 134
74 66 138
74 70 62
74 70 66
74 70 70
74 70 74
74 70 126
74 70 130
74 70 134
74 70 138
74 74 62
74 74 66
74 74 70
74 74 74
74 74 126
74 74 130
74 74 134
74 74 138
74 126 62
74 126 66
74 126 70
74 126 74
74 126 126
74 126 130
74 126 134
74 126 138
74 130 62
74 130 66
74 130 70
74 130 74
74 130 126
74 130 130
74 130 134
74 130 138
74 134 62
74 134 66
74 134 70
74 134 74
74 134 126
74 134 130
74 134 134
74 134 138
74 138 62
74 138 66
74 138 70
74 138 74
74 138 126
74 138 130
74 138 134
74 138 138
126 62 62
126 62 66
126 62 70
126 62 74
126 62 126
126 62 130
126 62 134
126 62 138
126 66 62
126 66 66
126 66 70
126 66 74
126 66 126
126 66 130
126 66 134
126 66 138
126 70 62
126 70 66
126 70 70
126 70 74
126 70 126
126 70 130
126 70 134
126 70 138
126 74 62
126 74 66
126 74 70
126 74 74
126 74 126
126 74 130
126 74 134
126 74 138
126 126 62
126 126 66
126 126 70
126 126 74
126 126 126
126 126 130
126 126 134
126 126 138
126 130 62
126 130 66
126 130 70
126 130 74
126 130 126
126 130 130
126 130 134
126 130 138
126 134 62
126 134 66
126 134 70
126 134 74
126 134 126
126 134 130
126 134 134
126 134 138
126 138 62
126 138 66
126 138 70
126 138 74
126 138 126
126 138 130
126 138 134
126 138 138
130 62 62
130 62 66
130 62 70
130 62 74
130 62 126
130 62 130
130 62 134
130 62 138
130 66 62
130 66 66
130 66 70
130 66 74
130 66 126
130 66 130
130 66 134
130 66 138
130 70 62
130 70 66
130 70 70
130 70 74
130 70 126
130 70 130
130 70 134
130 70 138
130 74 62
130 74 66
130 74 70
130 74 74
130 74 126
130 74 130
130 74 134
130 74 138
130 126 62
130 126 66
130 126 70
130 126 74
130 126 126
130 126 130
130 126 134
130 126 138
130 130 62
130 130 66
130 130 70
130 130 74
130 130 126
130 130 130
130 130 134
130 130 138
130 134 62
130 134 66
130 134 70
130 134 74
130 134 126
130 134 130
130 134 134
130 134 138
130 138 62
130 138 66
130 138 70
130 138 74
130 138 126
130 138 130
130 138 134
130 138 138
134 62 62
134 62 66
134 62 70
134 62 74
134 62 126
134 62 130
134 62 134
134 62 138
134 66 62
134 66 66
134 66 70
134 66 74
134 66 126
134 66 130
134 66 134
134 66 138
134 70 62
134 70 66
134 70 70
134 70 74
134 70 126
134 70 130
134 70 134
134 70 138
134 74 62
134 74 66
134 74 70
134 74 74
134 74 126
134 74 130
134 74 134
134 74 138
134 126 62
134 126 66
134 126 70
134 126 74
134 126 126
134 126 130
134 126 134
134 126 138
134 130 62
134 130 66
134 130 70
134 130 74
134 130 126
134 130 130
134 130 134
134 130 138
134 134 62
134 134 66
134 134 70
134 134 74
134 134 126
134 134 130
134 134 134
134 134 138
134 138 62
134 138 66
134 138 70
134 138 74
134 138 126
134 138 130
134 138 134
134 138 138
138 62 62
138 62 66
138 62 70
138 62 74
138 62 126
138 62 130
138 62 134
138 62 138
138 66 62
138 66 66
138 66 70
138 66 74
138 66 126
138 66 130
138 66 134
138 66 138
138 70 62
138 70 66
138 70 70
138 70 74
138 70 126
138 70 130
138 70 134
138 70 138
138 74 62
138 74 66
138 74 70
138 74 74
138 74 126
138 74 130
138 74 134
138 74 138
138 126 62
138 126 66
138 126 70
138 126 74
138 126 126
138 126 130
138 126 134
138 126 138
138 130 62
138 130 66
138 130 70
138 130 74
138 130 126
138 130 130
138 130 134
138 130 138
138 134 62
138 134 66
138 134 70
138 134 74
138 134 126
138 134 130
138 134 134
138 134 138
138 138 62
138 138 66
138 138 70
138 138 74
138 138 126
138 138 130
138 138 134
138 138 138
