200
27 27 27
27 27 28
27 27 29
27 27 43
27 27 44
27 27 45
27 27 155
27 27 156
27 27 157
27 27 171
27 27 172
27 27 173
27 28 27
27 28 28
27 28 29
27 28 43
27 28 44
27 28 45
27 28 155
27 28 156
27 28 157
27 28 171
27 28 172
27 28 173
27 29 27
27 29 28
27 29 29
27 29 43
27 29 44
27 29 45
27 29 155
27 29 156
27 29 157
27 29 171
27 29 172
27 29 173
27 43 27
27 43 28
27 43 29
27 43 43
27 43 44
27 43 45
27 43 155
27 43 156
27 43 157
27 43 171
27 43 172
27 43 173
27 44 27
27 44 28
27 44 29
27 44 43
27 44 44
27 44 45
27 44 155
27 44 156
27 44 157
27 44 171
27 44 172
27 44 173
27 45 27
27 45 28
27 45 29
27 45 43
27 45 44
27 45 45
27 45 155
27 45 156
27 45 157
27 45 171
27 45 172
27 45 173
27 155 27
27 155 28
27 155 29
27 155 43
27 155 44
27 155 45
27 155 155
27 155 156
27 155 157
27 155 171
27 155 172
27 155 173
27 156 27
27 156 28
27 156 29
27 156 43
27 156 44
27 156 45
27 156 155
27 156 156
27 156 157
27 156 171
27 156 172
27 156 173
27 157 27
27 157 28
27 157 29
27 157 43
27 157 44
27 157 45
27 157 155
27 157 156
27 157 157
27 157 171
27 157 172
27 157 173
27 171 27
27 171 28
27 171 29
27 171 43
27 171 44
27 171 45
27 171 155
27 171 156
27 171 157
27 171 171
27 171 172
27 171 173
27 172 27
27 172 28
27 172 29
27 172 43
27 172 44
27 172 45
27 172 155
27 172 156
27 172 157
27 172 171
27 172 172
27 172 173
27 173 27
27 173 28
27 173 29
27 173 43
27 173 44
27 173 45
27 173 155
27 173 156
27 173 157
27 173 171
27 173 172
27 173 173
28 27 27
28 27 28
28 27 29
28 27 43
28 27 44
28 27 45
28 27 155
28 27 156
28 27 157
28 27 171
28 27 172
28 27 173
28 28 27
28 28 29
28 28 43
28 28 45
28 28 155
28 28 157
28 28 171
28 28 173
28 29 27
28 29 28
28 29 29
28 29 43
28 29 44
28 29 45
28 29 155
28 29 156
28 29 157
28 29 171
28 29 172
28 29 173
28 43 27
28 43 28
28 43 29
28 43 43
28 43 44
28 43 45
28 43 155
28 43 156
28 43 157
28 43 171
28 43 172
28 43 173
28 44 27
28 44 29
28 44 43
28 44 45
28 44 155
28 44 157
28 44 171
28 44 173
28 45 27
28 45 28
28 45 29
28 45 43
28 45 44
28 45 45
28 45 155
28 45 156
28 45 157
28 45 171
28 45 172
28 45 173
28 155 27
28 155 28
28 155 29
28 155 43
28 155 44
28 155 45
28 155 155
28 155 156
28 155 157
28 155 171
28 155 172
28 155 173
28 156 27
28 156 29
28 156 43
28 156 45
28 156 155
28 156 157
28 156 171
28 156 173
28 157 27
28 157 28
28 157 29
28 157 43
28 157 44
28 157 45
28 157 155
28 157 156
28 157 157
28 157 171
28 157 172
28 157 173
28 171 27
28 171 28
28 171 29
28 171 43
28 171 44
28 171 45
28 171 155
28 171 156
28 171 157
28 171 171
28 171 172
28 171 173
28 172 27
28 172 29
28 172 43
28 172 45
28 172 155
28 172 157
28 172 171
28 172 173
28 173 27
28 173 28
28 173 29
28 173 43
28 173 44
28 173 45
28 173 155
28 173 156
28 173 157
28 173 171
28 173 172
28 173 173
29 27 27
29 27 28
29 27 29
29 27 43
29 27 44
29 27 45
29 27 155
29 27 156
29 27 157
29 27 171
29 27 172
29 27 173
29 28 27
29 28 28
29 28 29
29 28 43
29 28 44
29 28 45
29 28 155
29 28 156
29 28 157
29 28 171
29 28 172
29 28 173
29 29 27
29 29 28
29 29 29
29 29 43
29 29 44
29 29 45
29 29 155
29 29 156
29 29 157
29 29 171
29 29 172
29 29 173
29 43 27
29 43 28
29 43 29
29 43 43
29 43 44
29 43 45
29 43 155
29 43 156
29 43 157
29 43 171
29 43 172
29 43 173
29 44 27
29 44 28
29 44 29
29 44 43
29 44 44
29 44 45
29 44 155
29 44 156
29 44 157
29 44 171
29 44 172
29 44 173
29 45 27
29 45 28
29 45 29
29 45 43
29 45 44
29 45 45
29 45 155
29 45 156
29 45 157
29 45 171
29 45 172
29 45 173
29 155 27
29 155 28
29 155 29
29 155 43
29 155 44
29 155 45
29 155 155
29 155 156
29 155 157
29 155 171
29 155 172
29 155 173
29 156 27
29 156 28
29 156 29
29 156 43
29 156 44
29 156 45
29 156 155
29 156 156
29 156 157
29 156 171
29 156 172
29 156 173
29 157 27
29 157 28
29 157 29
29 157 43
29 157 44
29 157 45
29 157 155
29 157 156
29 157 157
29 157 171
29 157 172
29 157 173
29 171 27
29 171 28
29 171 29
29 171 43
29 171 44
29 171 45
29 171 155
29 171 156
29 171 157
29 171 171
29 171 172
29 171 173
29 172 27
29 172 28
29 172 29
29 172 43
29 172 44
29 172 45
29 172 155
29 172 156
29 172 157
29 172 171
29 172 172
29 172 173
29 173 27
29 173 28
29 173 29
29 173 43
29 173 44
29 173 45
29 173 155
29 173 156
29 173 157
29 173 171
29 173 172
29 173 173
43 27 27
43 27 28
43 27 29
43 27 43
43 27 44
43 27 45
43 27 155
43 27 156
43 27 157
43 27 171
43 27 172
43 27 173
43 28 27
43 28 28
43 28 29
43 28 43
43 28 44
43 28 45
43 28 155
43 28 156
43 28 157
43 28 171
43 28 172
43 28 173
43 29 27
43 29 28
43 29 29
43 29 43
43 29 44
43 29 45
43 29 155
43 29 156
43 29 157
43 29 171
43 29 172
43 29 173
43 43 27
43 43 28
43 43 29
43 43 43
43 43 44
43 43 45
43 43 155
43 43 156
43 43 157
43 43 171
43 43 172
43 43 173
43 44 27
43 44 28
43 44 29
43 44 43
43 44 44
43 44 45
43 44 155
43 44 156
43 44 157
43 44 171
43 44 172
43 44 173
43 45 27
43 45 28
43 45 29
43 45 43
43 45 44
43 45 45
43 45 155
43 45 156
43 45 157
43 45 171
43 45 172
43 45 173
43 155 27
43 155 28
43 155 29
43 155 43
43 155 44
43 155 45
43 155 155
43 155 156
43 155 157
43 155 171
43 155 172
43 155 173
43 156 27
43 156 28
43 156 29
43 156 43
43 156 44
43 156 45
43 156 155
43 156 156
43 156 157
43 156 171
43 156 172
43 156 173
43 157 27
43 157 28
43 157 29
43 157 43
43 157 44
43 157 45
43 157 155
43 157 156
43 157 157
43 157 171
43 157 172
43 157 173
43 171 27
43 171 28
43 171 29
43 171 43
43 171 44
43 171 45
43 171 155
43 171 156
43 171 157
43 171 171
43 171 172
43 171 173
43 172 27
43 172 28
43 172 29
43 172 43
43 172 44
43 172 45
43 172 155
43 172 156
43 172 157
43 172 171
43 172 172
43 172 173
43 173 27
43 173 28
43 173 29
43 173 43
43 173 44
43 173 45
43 173 155
43 173 156
43 173 157
43 173 171
43 173 172
43 173 173
44 27 27
44 27 28
44 27 29
44 27 43
44 27 44
44 27 45
44 27 155
44 27 156
44 27 157
44 27 171
44 27 172
44 27 173
44 28 27
44 28 29
44 28 43
44 28 45
44 28 155
44 28 157
44 28 171
44 28 173
44 29 27
44 29 28
44 29 29
44 29 43
44 29 44
44 29 45
44 29 155
44 29 156
44 29 157
44 29 171
44 29 172
44 29 173
44 43 27
44 43 28
44 43 29
44 43 43
44 43 44
44 43 45
44 43 155
44 43 156
44 43 157
44 43 171
44 43 172
44 43 173
44 44 27
44 44 29
44 44 43
44 44 45
44 44 155
44 44 157
44 44 171
44 44 173
44 45 27
44 45 28
44 45 29
44 45 43
44 45 44
44 45 45
44 45 155
44 45 156
44 45 157
44 45 171
44 45 172
44 45 173
44 155 27
44 155 28
44 155 29
44 155 43
44 155 44
44 155 45
44 155 155
44 155 156
44 155 157
44 155 171
44 155 172
44 155 173
44 156 27
44 156 29
44 156 43
44 156 45
44 156 155
44 156 157
44 156 171
44 156 173
44 157 27
44 157 28
44 157 29
44 157 43
44 157 44
44 157 45
44 157 155
44 157 156
44 157 157
44 157 171
44 157 172
44 157 173
44 171 27
44 171 28
44 171 29
44 171 43
44 171 44
44 171 45
44 171 155
44 171 156
44 171 157
44 171 171
44 171 172
44 171 173
44 172 27
44 172 29
44 172 43
44 172 45
44 172 155
44 172 157
44 172 171
44 172 173
44 173 27
44 173 28
44 173 29
44 173 43
44 173 44
44 173 45
44 173 155
44 173 156
44 173 157
44 173 171
44 173 172
44 173 173
45 27 27
45 27 28
45 27 29
45 27 43
45 27 44
45 27 45
45 27 155
45 27 156
45 27 157
45 27 171
45 27 172
45 27 173
45 28 27
45 28 28
45 28 29
45 28 43
45 28 44
45 28 45
45 28 155
45 28 156
45 28 157
45 28 171
45 28 172
45 28 173
45 29 27
45 29 28
45 29 29
45 29 43
45 29 44
45 29 45
45 29 155
45 29 156
45 29 157
45 29 171
45 29 172
45 29 173
45 43 27
45 43 28
45 43 29
45 43 43
45 43 44
45 43 45
45 43 155
45 43 156
45 43 157
45 43 171
45 43 172
45 43 173
45 44 27
45 44 28
45 44 29
45 44 43
45 44 44
45 44 45
45 44 155
45 44 156
45 44 157
45 44 171
45 44 172
45 44 173
45 45 27
45 45 28
45 45 29
45 45 43
45 45 44
45 45 45
45 45 155
45 45 156
45 45 157
45 45 171
45 45 172
45 45 173
45 155 27
45 155 28
45 155 29
45 155 43
45 155 44
45 155 45
45 155 155
45 155 156
45 155 157
45 155 171
45 155 172
45 155 173
45 156 27
45 156 28
45 156 29
45 156 43
45 156 44
45 156 45
45 156 155
45 156 156
45 156 157
45 156 171
45 156 172
45 156 173
45 157 27
45 157 28
45 157 29
45 157 43
45 157 44
45 157 45
45 157 155
45 157 156
45 157 157
45 157 171
45 157 172
45 157 173
45 171 27
45 171 28
45 171 29
45 171 43
45 171 44
45 171 45
45 171 155
45 171 156
45 171 157
45 171 171
45 171 172
45 171 173
45 172 27
45 172 28
45 172 29
45 172 43
45 172 44
45 172 45
45 172 155
45 172 156
45 172 157
45 172 171
45 172 172
45 172 173
45 173 27
45 173 28
45 173 29
45 173 43
45 173 44
45 173 45
45 173 155
45 173 156
45 173 157
45 173 171
45 173 172
45 173 173
155 27 27
155 27 28
155 27 29
155 27 43
155 27 44
155 27 45
155 27 155
155 27 156
155 27 157
155 27 171
155 27 172
155 27 173
155 28 27
155 28 28
155 28 29
155 28 43
155 28 44
155 28 45
155 28 155
155 28 156
155 28 157
155 28 171
155 28 172
155 28 173
155 29 27
155 29 28
155 29 29
155 29 43
155 29 44
155 29 45
155 29 155
155 29 156
155 29 157
155 29 171
155 29 172
155 29 173
155 43 27
155 43 28
155 43 29
155 43 43
155 43 44
155 43 45
155 43 155
155 43 156
155 43 157
155 43 171
155 43 172
155 43 173
155 44 27
155 44 28
155 44 29
155 44 43
155 44 44
155 44 45
155 44 155
155 44 156
155 44 157
155 44 171
155 44 172
155 44 173
155 45 27
155 45 28
155 45 29
155 45 43
155 45 44
155 45 45
155 45 155
155 45 156
155 45 157
155 45 171
155 45 172
155 45 173
155 155 27
155 155 28
155 155 29
155 155 43
155 155 44
155 155 45
155 155 155
155 155 156
155 155 157
155 155 171
155 155 172
155 155 173
155 156 27
155 156 28
155 156 29
155 156 43
155 156 44
155 156 45
155 156 155
155 156 156
155 156 157
155 156 171
155 156 172
155 156 173
155 157 27
155 157 28
155 157 29
155 157 43
155 157 44
155 157 45
155 157 155
155 157 156
155 157 157
155 157 171
155 157 172
155 157 173
155 171 27
155 171 28
155 171 29
155 171 43
155 171 44
155 171 45
155 171 155
155 171 156
155 171 157
155 171 171
155 171 172
155 171 173
155 172 27
155 172 28
155 172 29
155 172 43
155 172 44
155 172 45
155 172 155
155 172 156
155 172 157
155 172 171
155 172 172
155 172 173
155 173 27
155 173 28
155 173 29
155 173 43
155 173 44
155 173 45
155 173 155
155 173 156
155 173 157
155 173 171
155 173 172
155 173 173
156 27 27
156 27 28
156 27 29
156 27 43
156 27 44
156 27 45
156 27 155
156 27 156
156 27 157
156 27 171
156 27 172
156 27 173
156 28 27
156 28 29
156 28 43
156 28 45
156 28 155
156 28 157
156 28 171
156 28 173
156 29 27
156 29 28
156 29 29
156 29 43
156 29 44
156 29 45
156 29 155
156 29 156
156 29 157
156 29 171
156 29 172
156 29 173
156 43 27
156 43 28
156 43 29
156 43 43
156 43 44
156 43 45
156 43 155
156 43 156
156 43 157
156 43 171
156 43 172
156 43 173
156 44 27
156 44 29
156 44 43
156 44 45
156 44 155
156 44 157
156 44 171
156 44 173
156 45 27
156 45 28
156 45 29
156 45 43
156 45 44
156 45 45
156 45 155
156 45 156
156 45 157
156 45 171
156 45 172
156 45 173
156 155 27
156 155 28
156 155 29
156 155 43
156 155 44
156 155 45
156 155 155
156 155 156
156 155 157
156 155 171
156 155 172
156 155 173
156 156 27
156 156 29
156 156 43
156 156 45
156 156 155
156 156 157
156 156 171
156 156 173
156 157 27
156 157 28
156 157 29
156 157 43
156 157 44
156 157 45
156 157 155
156 157 156
156 157 157
156 157 171
156 157 172
156 157 173
156 171 27
156 171 28
156 171 29
156 171 43
156 171 44
156 171 45
156 171 155
156 171 156
156 171 157
156 171 171
156 171 172
156 171 173
156 172 27
156 172 29
156 172 43
156 172 45
156 172 155
156 172 157
156 172 171
156 172 173
156 173 27
156 173 28
156 173 29
156 173 43
156 173 44
156 173 45
156 173 155
156 173 156
156 173 157
156 173 171
156 173 172
156 173 173
157 27 27
157 27 28
157 27 29
157 27 43
157 27 44
157 27 45
157 27 155
157 27 156
157 27 157
157 27 171
157 27 172
157 27 173
157 28 27
157 28 28
157 28 29
157 28 43
157 28 44
157 28 45
157 28 155
157 28 156
157 28 157
157 28 171
157 28 172
157 28 173
157 29 27
157 29 28
157 29 29
157 29 43
157 29 44
157 29 45
157 29 155
157 29 156
157 29 157
157 29 171
157 29 172
157 29 173
157 43 27
157 43 28
157 43 29
157 43 43
157 43 44
157 43 45
157 43 155
157 43 156
157 43 157
157 43 171
157 43 172
157 43 173
157 44 27
157 44 28
157 44 29
157 44 43
157 44 44
157 44 45
157 44 155
157 44 156
157 44 157
157 44 171
157 44 172
157 44 173
157 45 27
157 45 28
157 45 29
157 45 43
157 45 44
157 45 45
157 45 155
157 45 156
157 45 157
157 45 171
157 45 172
157 45 173
157 155 27
157 155 28
157 155 29
157 155 43
157 155 44
157 155 45
157 155 155
157 155 156
157 155 157
157 155 171
157 155 172
157 155 173
157 156 27
157 156 28
157 156 29
157 156 43
157 156 44
157 156 45
157 156 155
157 156 156
157 156 157
157 156 171
157 156 172
157 156 173
157 157 27
157 157 28
157 157 29
157 157 43
157 157 44
157 157 45
157 157 155
157 157 156
157 157 157
157 157 171
157 157 172
157 157 173
157 171 27
157 171 28
157 171 29
157 171 43
157 171 44
157 171 45
157 171 155
157 171 156
157 171 157
157 171 171
157 171 172
157 171 173
157 172 27
157 172 28
157 172 29
157 172 43
157 172 44
157 172 45
157 172 155
157 172 156
157 172 157
157 172 171
157 172 172
157 172 173
157 173 27
157 173 28
157 173 29
157 173 43
157 173 44
157 173 45
157 173 155
157 173 156
157 173 157
157 173 171
157 173 172
157 173 173
171 27 27
171 27 28
171 27 29
171 27 43
171 27 44
171 27 45
171 27 155
171 27 156
171 27 157
171 27 171
171 27 172
171 27 173
171 28 27
171 28 28
171 28 29
171 28 43
171 28 44
171 28 45
171 28 155
171 28 156
171 28 157
171 28 171
171 28 172
171 28 173
171 29 27
171 29 28
171 29 29
171 29 43
171 29 44
171 29 45
171 29 155
171 29 156
171 29 157
171 29 171
171 29 172
171 29 173
171 43 27
171 43 28
171 43 29
171 43 43
171 43 44
171 43 45
171 43 155
171 43 156
171 43 157
171 43 171
171 43 172
171 43 173
171 44 27
171 44 28
171 44 29
171 44 43
171 44 44
171 44 45
171 44 155
171 44 156
171 44 157
171 44 171
171 44 172
171 44 173
171 45 27
171 45 28
171 45 29
171 45 43
171 45 44
171 45 45
171 45 155
171 45 156
171 45 157
171 45 171
171 45 172
171 45 173
171 155 27
171 155 28
171 155 29
171 155 43
171 155 44
171 155 45
171 155 155
171 155 156
171 155 157
171 155 171
171 155 172
171 155 173
171 156 27
171 156 28
171 156 29
171 156 43
171 156 44
171 156 45
171 156 155
171 156 156
171 156 157
171 156 171
171 156 172
171 156 173
171 157 27
171 157 28
171 157 29
171 157 43
171 157 44
171 157 45
171 157 155
171 157 156
171 157 157
171 157 171
171 157 172
171 157 173
171 171 27
171 171 28
171 171 29
171 171 43
171 171 44
171 171 45
171 171 155
171 171 156
171 171 157
171 171 171
171 171 172
171 171 173
171 172 27
171 172 28
171 172 29
171 172 43
171 172 44
171 172 45
171 172 155
171 172 156
171 172 157
171 172 171
171 172 172
171 172 173
171 173 27
171 173 28
171 173 29
171 173 43
171 173 44
171 173 45
171 173 155
171 173 156
171 173 157
171 173 171
171 173 172
171 173 173
172 27 27
172 27 28
172 27 29
172 27 43
172 27 44
172 27 45
172 27 155
172 27 156
172 27 157
172 27 171
172 27 172
172 27 173
172 28 27
172 28 29
172 28 43
172 28 45
172 28 155
172 28 157
172 28 171
172 28 173
172 29 27
172 29 28
172 29 29
172 29 43
172 29 44
172 29 45
172 29 155
172 29 156
172 29 157
172 29 171
172 29 172
172 29 173
172 43 27
172 43 28
172 43 29
172 43 43
172 43 44
172 43 45
172 43 155
172 43 156
172 43 157
172 43 171
172 43 172
172 43 173
172 44 27
172 44 29
172 44 43
172 44 45
172 44 155
172 44 157
172 44 171
172 44 173
172 45 27
172 45 28
172 45 29
172 45 43
172 45 44
172 45 45
172 45 155
172 45 156
172 45 157
172 45 171
172 45 172
172 45 173
172 155 27
172 155 28
172 155 29
172 155 43
172 155 44
172 155 45
172 155 155
172 155 156
172 155 157
172 155 171
172 155 172
172 155 173
172 156 27
172 156 29
172 156 43
172 156 45
172 156 155
172 156 157
172 156 171
172 156 173
172 157 27
172 157 28
172 157 29
172 157 43
172 157 44
172 157 45
172 157 155
172 157 156
172 157 157
172 157 171
172 157 172
172 157 173
172 171 27
172 171 28
172 171 29
172 171 43
172 171 44
172 171 45
172 171 155
172 171 156
172 171 157
172 171 171
172 171 172
172 171 173
172 172 27
172 172 29
172 172 43
172 172 45
172 172 155
172 172 157
172 172 171
172 172 173
172 173 27
172 173 28
172 173 29
172 173 43
172 173 44
172 173 45
172 173 155
172 173 156
172 173 157
172 173 171
172 173 172
172 173 173
173 27 27
173 27 28
173 27 29
173 27 43
173 27 44
173 27 45
173 27 155
173 27 156
173 27 157
173 27 171
173 27 172
173 27 173
173 28 27
173 28 28
173 28 29
173 28 43
173 28 44
173 28 45
173 28 155
173 28 156
173 28 157
173 28 171
173 28 172
173 28 173
173 29 27
173 29 28
173 29 29
173 29 43
173 29 44
173 29 45
173 29 155
173 29 156
173 29 157
173 29 171
173 29 172
173 29 173
173 43 27
173 43 28
173 43 29
173 43 43
173 43 44
173 43 45
173 43 155
173 43 156
173 43 157
173 43 171
173 43 172
173 43 173
173 44 27
173 44 28
173 44 29
173 44 43
173 44 44
173 44 45
173 44 155
173 44 156
173 44 157
173 44 171
173 44 172
173 44 173
173 45 27
173 45 28
173 45 29
173 45 43
173 45 44
173 45 45
173 45 155
173 45 156
173 45 157
173 45 171
173 45 172
173 45 173
173 155 27
173 155 28
173 155 29
173 155 43
173 155 44
173 155 45
173 155 155
173 155 156
173 155 157
173 155 171
173 155 172
173 155 173
173 156 27
173 156 28
173 156 29
173 156 43
173 156 44
173 156 45
173 156 155
173 156 156
173 156 157
173 156 171
173 156 172
173 156 173
173 157 27
173 157 28
173 157 29
173 157 43
173 157 44
173 157 45
173 157 155
173 157 156
173 157 157
173 157 171
173 157 172
173 157 173
173 171 27
173 171 28
173 171 29
173 171 43
173 171 44
173 171 45
173 171 155
173 171 156
173 171 157
173 171 171
173 171 172
173 171 173
173 172 27
173 172 28
173 172 29
173 172 43
173 172 44
173 172 45
173 172 155
173 172 156
173 172 157
173 172 171
173 172 172
173 172 173
173 173 27
173 173 28
173 173 29
173 173 43
173 173 44
173 173 45
173 173 155
173 173 156
173 173 157
173 173 171
173 173 172
173 173 173
