200
0 0 0
0 0 4
0 0 8
0 0 16
0 0 56
0 0 64
0 0 72
0 0 80
0 0 120
0 0 128
0 0 136
0 0 144
0 0 184
0 4 0
0 4 4
0 4 8
0 4 16
0 4 56
0 4 64
0 4 72
0 4 80
0 4 120
0 4 128
0 4 136
0 4 144
0 4 184
0 8 0
0 8 4
0 8 8
0 8 16
0 8 56
0 8 64
0 8 72
0 8 80
0 8 120
0 8 128
0 8 136
0 8 144
0 8 184
0 16 0
0 16 4
0 16 8
0 16 16
0 16 56
0 16 64
0 16 72
0 16 80
0 16 120
0 16 128
0 16 136
0 16 144
0 16 184
0 56 0
0 56 4
0 56 8
0 56 16
0 56 56
0 56 64
0 56 72
0 56 80
0 56 120
0 56 128
0 56 136
0 56 144
0 56 184
0 64 0
0 64 4
0 64 8
0 64 16
0 64 56
0 64 64
0 64 72
0 64 80
0 64 120
0 64 128
0 64 136
0 64 144
0 64 184
0 72 0
0 72 4
0 72 8
0 72 16
0 72 56
0 72 64
0 72 72
0 72 80
0 72 120
0 72 128
0 72 136
0 72 144
0 72 184
0 80 0
0 80 4
0 80 8
0 80 16
0 80 56
0 80 64
0 80 72
0 80 80
0 80 120
0 80 128
0 80 136
0 80 144
0 80 184
0 120 0
0 120 4
0 120 8
0 120 16
0 120 56
0 120 64
0 120 72
0 120 80
0 120 120
0 120 128
0 120 136
0 120 144
0 120 184
0 128 0
0 128 4
0 128 8
0 128 16
0 128 56
0 128 64
0 128 72
0 128 80
0 128 120
0 128 128
0 128 136
0 128 144
0 128 184
0 136 0
0 136 4
0 136 8
0 136 16
0 136 56
0 136 64
0 136 72
0 136 80
0 136 120
0 136 128
0 136 136
0 136 144
0 136 184
0 144 0
0 144 4
0 144 8
0 144 16
0 144 56
0 144 64
0 144 72
0 144 80
0 144 120
0 144 128
0 144 136
0 144 144
0 144 184
0 184 0
0 184 4
0 184 8
0 184 16
0 184 56
0 184 64
0 184 72
0 184 80
0 184 120
0 184 128
0 184 136
0 184 144
0 184 184
4 0 0
4 0 4
4 0 8
4 0 16
4 0 56
4 0 64
4 0 72
4 0 80
4 0 120
4 0 128
4 0 136
4 0 144
4 0 184
4 4 0
4 4 4
4 4 8
4 4 16
4 4 56
4 4 64
4 4 72
4 4 80
4 4 120
4 4 128
4 4 136
4 4 144
4 4 184
4 8 0
4 8 4
4 8 8
4 8 16
4 8 56
4 8 64
4 8 72
4 8 80
4 8 120
4 8 128
4 8 136
4 8 144
4 8 184
4 16 0
4 16 4
4 16 8
4 16 16
4 16 56
4 16 64
4 16 72
4 16 80
4 16 120
4 16 128
4 16 136
4 16 144
4 16 184
4 56 0
4 56 4
4 56 8
4 56 16
4 56 56
4 56 64
4 56 72
4 56 80
4 56 120
4 56 128
4 56 136
4 56 144
4 56 184
4 64 0
4 64 4
4 64 8
4 64 16
4 64 56
4 64 64
4 64 72
4 64 80
4 64 120
4 64 128
4 64 136
4 64 144
4 64 184
4 72 0
4 72 4
4 72 8
4 72 16
4 72 56
4 72 64
4 72 72
4 72 80
4 72 120
4 72 128
4 72 136
4 72 144
4 72 184
4 80 0
4 80 4
4 80 8
4 80 16
4 80 56
4 80 64
4 80 72
4 80 80
4 80 120
4 80 128
4 80 136
4 80 144
4 80 184
4 120 0
4 120 4
4 120 8
4 120 16
4 120 56
4 120 64
4 120 72
4 120 80
4 120 120
4 120 128
4 120 136
4 120 144
4 120 184
4 128 0
4 128 4
4 128 8
4 128 16
4 128 56
4 128 64
4 128 72
4 128 80
4 128 120
4 128 128
4 128 136
4 128 144
4 128 184
4 136 0
4 136 4
4 136 8
4 136 16
4 136 56
4 136 64
4 136 72
4 136 80
4 136 120
4 136 128
4 136 136
4 136 144
4 136 184
4 144 0
4 144 4
4 144 8
4 144 16
4 144 56
4 144 64
4 144 72
4 144 80
4 144 120
4 144 128
4 144 136
4 144 144
4 144 184
4 184 0
4 184 4
4 184 8
4 184 16
4 184 56
4 184 64
4 184 72
4 184 80
4 184 120
4 184 128
4 184 136
4 184 144
4 184 184
8 0 0
8 0 4
8 0 8
8 0 16
8 0 56
8 0 64
8 0 72
8 0 80
8 0 120
8 0 128
8 0 136
8 0 144
8 0 184
8 4 0
8 4 4
8 4 8
8 4 16
8 4 56
8 4 64
8 4 72
8 4 80
8 4 120
8 4 128
8 4 136
8 4 144
8 4 184
8 8 0
8 8 4
8 8 8
8 8 16
8 8 56
8 8 64
8 8 72
8 8 80
8 8 120
8 8 128
8 8 136
8 8 144
8 8 184
8 16 0
8 16 4
8 16 8
8 16 16
8 16 56
8 16 64
8 16 72
8 16 80
8 16 120
8 16 128
8 16 136
8 16 144
8 16 184
8 56 0
8 56 4
8 56 8
8 56 16
8 56 56
8 56 64
8 56 72
8 56 80
8 56 120
8 56 128
8 56 136
8 56 144
8 56 184
8 64 0
8 64 4
8 64 8
8 64 16
8 64 56
8 64 64
8 64 72
8 64 80
8 64 120
8 64 128
8 64 136
8 64 144
8 64 184
8 72 0
8 72 4
8 72 8
8 72 16
8 72 56
8 72 64
8 72 72
8 72 80
8 72 120
8 72 128
8 72 136
8 72 144
8 72 184
8 80 0
8 80 4
8 80 8
8 80 16
8 80 56
8 80 64
8 80 72
8 80 80
8 80 120
8 80 128
8 80 136
8 80 144
8 80 184
8 120 0
8 120 4
8 120 8
8 120 16
8 120 56
8 120 64
8 120 72
8 120 80
8 120 120
8 120 128
8 120 136
8 120 144
8 120 184
8 128 0
8 128 4
8 128 8
8 128 16
8 128 56
8 128 64
8 128 72
8 128 80
8 128 120
8 128 128
8 128 136
8 128 144
8 128 184
8 136 0
8 136 4
8 136 8
8 136 16
8 136 56
8 136 64
8 136 72
8 136 80
8 136 120
8 136 128
8 136 136
8 136 144
8 136 184
8 144 0
8 144 4
8 144 8
8 144 16
8 144 56
8 144 64
8 144 72
8 144 80
8 144 120
8 144 128
8 144 136
8 144 144
8 144 184
8 184 0
8 184 4
8 184 8
8 184 16
8 184 56
8 184 64
8 184 72
8 184 80
8 184 120
8 184 128
8 184 136
8 184 144
8 184 184
16 0 0
16 0 4
16 0 8
16 0 16
16 0 56
16 0 64
16 0 72
16 0 80
16 0 120
16 0 128
16 0 136
16 0 144
16 0 184
16 4 0
16 4 4
16 4 8
16 4 16
16 4 56
16 4 64
16 4 72
16 4 80
16 4 120
16 4 128
16 4 136
16 4 144
16 4 184
16 8 0
16 8 4
16 8 8
16 8 16
16 8 56
16 8 64
16 8 72
16 8 80
16 8 120
16 8 128
16 8 136
16 8 144
16 8 184
16 16 0
16 16 4
16 16 8
16 16 16
16 16 56
16 16 64
16 16 72
16 16 80
16 16 120
16 16 128
16 16 136
16 16 144
16 16 184
16 56 0
16 56 4
16 56 8
16 56 16
16 56 56
16 56 64
16 56 72
16 56 80
16 56 120
16 56 128
16 56 136
16 56 144
16 56 184
16 64 0
16 64 4
16 64 8
16 64 16
16 64 56
16 64 64
16 64 72
16 64 80
16 64 120
16 64 128
16 64 136
16 64 144
16 64 184
16 72 0
16 72 4
16 72 8
16 72 16
16 72 56
16 72 64
16 72 72
16 72 80
16 72 120
16 72 128
16 72 136
16 72 144
16 72 184
16 80 0
16 80 4
16 80 8
16 80 16
16 80 56
16 80 64
16 80 72
16 80 80
16 80 120
16 80 128
16 80 136
16 80 144
16 80 184
16 120 0
16 120 4
16 120 8
16 120 16
16 120 56
16 120 64
16 120 72
16 120 80
16 120 120
16 120 128
16 120 136
16 120 144
16 120 184
16 128 0
16 128 4
16 128 8
16 128 16
16 128 56
16 128 64
16 128 72
16 128 80
16 128 120
16 128 128
16 128 136
16 128 144
16 128 184
16 136 0
16 136 4
16 136 8
16 136 16
16 136 56
16 136 64
16 136 72
16 136 80
16 136 120
16 136 128
16 136 136
16 136 144
16 136 184
16 144 0
16 144 4
16 144 8
16 144 16
16 144 56
16 144 64
16 144 72
16 144 80
16 144 120
16 144 128
16 144 136
16 144 144
16 144 184
16 184 0
16 184 4
16 184 8
16 184 16
16 184 56
16 184 64
16 184 72
16 184 80
16 184 120
16 184 128
16 184 136
16 184 144
16 184 184
56 0 0
56 0 4
56 0 8
56 0 16
56 0 56
56 0 64
56 0 72
56 0 80
56 0 120
56 0 128
56 0 136
56 0 144
56 0 184
56 4 0
56 4 4
56 4 8
56 4 16
56 4 56
56 4 64
56 4 72
56 4 80
56 4 120
56 4 128
56 4 136
56 4 144
56 4 184
56 8 0
56 8 4
56 8 8
56 8 16
56 8 56
56 8 64
56 8 72
56 8 80
56 8 120
56 8 128
56 8 136
56 8 144
56 8 184
56 16 0
56 16 4
56 16 8
56 16 16
56 16 56
56 16 64
56 16 72
56 16 80
56 16 120
56 16 128
56 16 136
56 16 144
56 16 184
56 56 0
56 56 4
56 56 8
56 56 16
56 56 56
56 56 64
56 56 72
56 56 80
56 56 120
56 56 128
56 56 136
56 56 144
56 56 184
56 64 0
56 64 4
56 64 8
56 64 16
56 64 56
56 64 64
56 64 72
56 64 80
56 64 120
56 64 128
56 64 136
56 64 144
56 64 184
56 72 0
56 72 4
56 72 8
56 72 16
56 72 56
56 72 64
56 72 72
56 72 80
56 72 120
56 72 128
56 72 136
56 72 144
56 72 184
56 80 0
56 80 4
56 80 8
56 80 16
56 80 56
56 80 64
56 80 72
56 80 80
56 80 120
56 80 128
56 80 136
56 80 144
56 80 184
56 120 0
56 120 4
56 120 8
56 120 16
56 120 56
56 120 64
56 120 72
56 120 80
56 120 120
56 120 128
56 120 136
56 120 144
56 120 184
56 128 0
56 128 4
56 128 8
56 128 16
56 128 56
56 128 64
56 128 72
56 128 80
56 128 120
56 128 128
56 128 136
56 128 144
56 128 184
56 136 0
56 136 4
56 136 8
56 136 16
56 136 56
56 136 64
56 136 72
56 136 80
56 136 120
56 136 128
56 136 136
56 136 144
56 136 184
56 144 0
56 144 4
56 144 8
56 144 16
56 144 56
56 144 64
56 144 72
56 144 80
56 144 120
56 144 128
56 144 136
56 144 144
56 144 184
56 184 0
56 184 4
56 184 8
56 184 16
56 184 56
56 184 64
56 184 72
56 184 80
56 184 120
56 184 128
56 184 136
56 184 144
56 184 184
64 0 0
64 0 4
64 0 8
64 0 16
64 0 56
64 0 64
64 0 72
64 0 80
64 0 120
64 0 128
64 0 136
64 0 144
64 0 184
64 4 0
64 4 4
64 4 8
64 4 16
64 4 56
64 4 64
64 4 72
64 4 80
64 4 120
64 4 128
64 4 136
64 4 144
64 4 184
64 8 0
64 8 4
64 8 8
64 8 16
64 8 56
64 8 64
64 8 72
64 8 80
64 8 120
64 8 128
64 8 136
64 8 144
64 8 184
64 16 0
64 16 4
64 16 8
64 16 16
64 16 56
64 16 64
64 16 72
64 16 80
64 16 120
64 16 128
64 16 136
64 16 144
64 16 184
64 56 0
64 56 4
64 56 8
64 56 16
64 56 56
64 56 64
64 56 72
64 56 80
64 56 120
64 56 128
64 56 136
64 56 144
64 56 184
64 64 0
64 64 4
64 64 8
64 64 16
64 64 56
64 64 64
64 64 72
64 64 80
64 64 120
64 64 128
64 64 136
64 64 144
64 64 184
64 72 0
64 72 4
64 72 8
64 72 16
64 72 56
64 72 64
64 72 72
64 72 80
64 72 120
64 72 128
64 72 136
64 72 144
64 72 184
64 80 0
64 80 4
64 80 8
64 80 16
64 80 56
64 80 64
64 80 72
64 80 80
64 80 120
64 80 128
64 80 136
64 80 144
64 80 184
64 120 0
64 120 4
64 120 8
64 120 16
64 120 56
64 120 64
64 120 72
64 120 80
64 120 120
64 120 128
64 120 136
64 120 144
64 120 184
64 128 0
64 128 4
64 128 8
64 128 16
64 128 56
64 128 64
64 128 72
64 128 80
64 128 120
64 128 128
64 128 136
64 128 144
64 128 184
64 136 0
64 136 4
64 136 8
64 136 16
64 136 56
64 136 64
64 136 72
64 136 80
64 136 120
64 136 128
64 136 136
64 136 144
64 136 184
64 144 0
64 144 4
64 144 8
64 144 16
64 144 56
64 144 64
64 144 72
64 144 80
64 144 120
64 144 128
64 144 136
64 144 144
64 144 184
64 184 0
64 184 4
64 184 8
64 184 16
64 184 56
64 184 64
64 184 72
64 184 80
64 184 120
64 184 128
64 184 136
64 184 144
64 184 184
72 0 0
72 0 4
72 0 8
72 0 16
72 0 56
72 0 64
72 0 72
72 0 80
72 0 120
72 0 128
72 0 136
72 0 144
72 0 184
72 4 0
72 4 4
72 4 8
72 4 16
72 4 56
72 4 64
72 4 72
72 4 80
72 4 120
72 4 128
72 4 136
72 4 144
72 4 184
72 8 0
72 8 4
72 8 8
72 8 16
72 8 56
72 8 64
72 8 72
72 8 80
72 8 120
72 8 128
72 8 136
72 8 144
72 8 184
72 16 0
72 16 4
72 16 8
72 16 16
72 16 56
72 16 64
72 16 72
72 16 80
72 16 120
72 16 128
72 16 136
72 16 144
72 16 184
72 56 0
72 56 4
72 56 8
72 56 16
72 56 56
72 56 64
72 56 72
72 56 80
72 56 120
72 56 128
72 56 136
72 56 144
72 56 184
72 64 0
72 64 4
72 64 8
72 64 16
72 64 56
72 64 64
72 64 72
72 64 80
72 64 120
72 64 128
72 64 136
72 64 144
72 64 184
72 72 0
72 72 4
72 72 8
72 72 16
72 72 56
72 72 64
72 72 72
72 72 80
72 72 120
72 72 128
72 72 136
72 72 144
72 72 184
72 80 0
72 80 4
72 80 8
72 80 16
72 80 56
72 80 64
72 80 72
72 80 80
72 80 120
72 80 128
72 80 136
72 80 144
72 80 184
72 120 0
72 120 4
72 120 8
72 120 16
72 120 56
72 120 64
72 120 72
72 120 80
72 120 120
72 120 128
72 120 136
72 120 144
72 120 184
72 128 0
72 128 4
72 128 8
72 128 16
72 128 56
72 128 64
72 128 72
72 128 80
72 128 120
72 128 128
72 128 136
72 128 144
72 128 184
72 136 0
72 136 4
72 136 8
72 136 16
72 136 56
72 136 64
72 136 72
72 136 80
72 136 120
72 136 128
72 136 136
72 136 144
72 136 184
72 144 0
72 144 4
72 144 8
72 144 16
72 144 56
72 144 64
72 144 72
72 144 80
72 144 120
72 144 128
72 144 136
72 144 144
72 144 184
72 184 0
72 184 4
72 184 8
72 184 16
72 184 56
72 184 64
72 184 72
72 184 80
72 184 120
72 184 128
72 184 136
72 184 144
72 184 184
80 0 0
80 0 4
80 0 8
80 0 16
80 0 56
80 0 64
80 0 72
80 0 80
80 0 120
80 0 128
80 0 136
80 0 144
80 0 184
80 4 0
80 4 4
80 4 8
80 4 16
80 4 56
80 4 64
80 4 72
80 4 80
80 4 120
80 4 128
80 4 136
80 4 144
80 4 184
80 8 0
80 8 4
80 8 8
80 8 16
80 8 56
80 8 64
80 8 72
80 8 80
80 8 120
80 8 128
80 8 136
80 8 144
80 8 184
80 16 0
80 16 4
80 16 8
80 16 16
80 16 56
80 16 64
80 16 72
80 16 80
80 16 120
80 16 128
80 16 136
80 16 144
80 16 184
80 56 0
80 56 4
80 56 8
80 56 16
80 56 56
80 56 64
80 56 72
80 56 80
80 56 120
80 56 128
80 56 136
80 56 144
80 56 184
80 64 0
80 64 4
80 64 8
80 64 16
80 64 56
80 64 64
80 64 72
80 64 80
80 64 120
80 64 128
80 64 136
80 64 144
80 64 184
80 72 0
80 72 4
80 72 8
80 72 16
80 72 56
80 72 64
80 72 72
80 72 80
80 72 120
80 72 128
80 72 136
80 72 144
80 72 184
80 80 0
80 80 4
80 80 8
80 80 16
80 80 56
80 80 64
80 80 72
80 80 80
80 80 120
80 80 128
80 80 136
80 80 144
80 80 184
80 120 0
80 120 4
80 120 8
80 120 16
80 120 56
80 120 64
80 120 72
80 120 80
80 120 120
80 120 128
80 120 136
80 120 144
80 120 184
80 128 0
80 128 4
80 128 8
80 128 16
80 128 56
80 128 64
80 128 72
80 128 80
80 128 120
80 128 128
80 128 136
80 128 144
80 128 184
80 136 0
80 136 4
80 136 8
80 136 16
80 136 56
80 136 64
80 136 72
80 136 80
80 136 120
80 136 128
80 136 136
80 136 144
80 136 184
80 144 0
80 144 4
80 144 8
80 144 16
80 144 56
80 144 64
80 144 72
80 144 80
80 144 120
80 144 128
80 144 136
80 144 144
80 144 184
80 184 0
80 184 4
80 184 8
80 184 16
80 184 56
80 184 64
80 184 72
80 184 80
80 184 120
80 184 128
80 184 136
80 184 144
80 184 184
120 0 0
120 0 4
120 0 8
120 0 16
120 0 56
120 0 64
120 0 72
120 0 80
120 0 120
120 0 128
120 0 136
120 0 144
120 0 184
120 4 0
120 4 4
120 4 8
120 4 16
120 4 56
120 4 64
120 4 72
120 4 80
120 4 120
120 4 128
120 4 136
120 4 144
120 4 184
120 8 0
120 8 4
120 8 8
120 8 16
120 8 56
120 8 64
120 8 72
120 8 80
120 8 120
120 8 128
120 8 136
120 8 144
120 8 184
120 16 0
120 16 4
120 16 8
120 16 16
120 16 56
120 16 64
120 16 72
120 16 80
120 16 120
120 16 128
120 16 136
120 16 144
120 16 184
120 56 0
120 56 4
120 56 8
120 56 16
120 56 56
120 56 64
120 56 72
120 56 80
120 56 120
120 56 128
120 56 136
120 56 144
120 56 184
120 64 0
120 64 4
120 64 8
120 64 16
120 64 56
120 64 64
120 64 72
120 64 80
120 64 120
120 64 128
120 64 136
120 64 144
120 64 184
120 72 0
120 72 4
120 72 8
120 72 16
120 72 56
120 72 64
120 72 72
120 72 80
120 72 120
120 72 128
120 72 136
120 72 144
120 72 184
120 80 0
120 80 4
120 80 8
120 80 16
120 80 56
120 80 64
120 80 72
120 80 80
120 80 120
120 80 128
120 80 136
120 80 144
120 80 184
120 120 0
120 120 4
120 120 8
120 120 16
120 120 56
120 120 64
120 120 72
120 120 80
120 120 120
120 120 128
120 120 136
120 120 144
120 120 184
120 128 0
120 128 4
120 128 8
120 128 16
120 128 56
120 128 64
120 128 72
120 128 80
120 128 120
120 128 128
120 128 136
120 128 144
120 128 184
120 136 0
120 136 4
120 136 8
120 136 16
120 136 56
120 136 64
120 136 72
120 136 80
120 136 120
120 136 128
120 136 136
120 136 144
120 136 184
120 144 0
120 144 4
120 144 8
120 144 16
120 144 56
120 144 64
120 144 72
120 144 80
120 144 120
120 144 128
120 144 136
120 144 144
120 144 184
120 184 0
120 184 4
120 184 8
120 184 16
120 184 56
120 184 64
120 184 72
120 184 80
120 184 120
120 184 128
120 184 136
120 184 144
120 184 184
128 0 0
128 0 4
128 0 8
128 0 16
128 0 56
128 0 64
128 0 72
128 0 80
128 0 120
128 0 128
128 0 136
128 0 144
128 0 184
128 4 0
128 4 4
128 4 8
128 4 16
128 4 56
128 4 64
128 4 72
128 4 80
128 4 120
128 4 128
128 4 136
128 4 144
128 4 184
128 8 0
128 8 4
128 8 8
128 8 16
128 8 56
128 8 64
128 8 72
128 8 80
128 8 120
128 8 128
128 8 136
128 8 144
128 8 184
128 16 0
128 16 4
128 16 8
128 16 16
128 16 56
128 16 64
128 16 72
128 16 80
128 16 120
128 16 128
128 16 136
128 16 144
128 16 184
128 56 0
128 56 4
128 56 8
128 56 16
128 56 56
128 56 64
128 56 72
128 56 80
128 56 120
128 56 128
128 56 136
128 56 144
128 56 184
128 64 0
128 64 4
128 64 8
128 64 16
128 64 56
128 64 64
128 64 72
128 64 80
128 64 120
128 64 128
128 64 136
128 64 144
128 64 184
128 72 0
128 72 4
128 72 8
128 72 16
128 72 56
128 72 64
128 72 72
128 72 80
128 72 120
128 72 128
128 72 136
128 72 144
128 72 184
128 80 0
128 80 4
128 80 8
128 80 16
128 80 56
128 80 64
128 80 72
128 80 80
128 80 120
128 80 128
128 80 136
128 80 144
128 80 184
128 120 0
128 120 4
128 120 8
128 120 16
128 120 56
128 120 64
128 120 72
128 120 80
128 120 120
128 120 128
128 120 136
128 120 144
128 120 184
128 128 0
128 128 4
128 128 8
128 128 16
128 128 56
128 128 64
128 128 72
128 128 80
128 128 120
128 128 128
128 128 136
128 128 144
128 128 184
128 136 0
128 136 4
128 136 8
128 136 16
128 136 56
128 136 64
128 136 72
128 136 80
128 136 120
128 136 128
128 136 136
128 136 144
128 136 184
128 144 0
128 144 4
128 144 8
128 144 16
128 144 56
128 144 64
128 144 72
128 144 80
128 144 120
128 144 128
128 144 136
128 144 144
128 144 184
128 184 0
128 184 4
128 184 8
128 184 16
128 184 56
128 184 64
128 184 72
128 184 80
128 184 120
128 184 128
128 184 136
128 184 144
128 184 184
136 0 0
136 0 4
136 0 8
136 0 16
136 0 56
136 0 64
136 0 72
136 0 80
136 0 120
136 0 128
136 0 136
136 0 144
136 0 184
136 4 0
136 4 4
136 4 8
136 4 16
136 4 56
136 4 64
136 4 72
136 4 80
136 4 120
136 4 128
136 4 136
136 4 144
136 4 184
136 8 0
136 8 4
136 8 8
136 8 16
136 8 56
136 8 64
136 8 72
136 8 80
136 8 120
136 8 128
136 8 136
136 8 144
136 8 184
136 16 0
136 16 4
136 16 8
136 16 16
136 16 56
136 16 64
136 16 72
136 16 80
136 16 120
136 16 128
136 16 136
136 16 144
136 16 184
136 56 0
136 56 4
136 56 8
136 56 16
136 56 56
136 56 64
136 56 72
136 56 80
136 56 120
136 56 128
136 56 136
136 56 144
136 56 184
136 64 0
136 64 4
136 64 8
136 64 16
136 64 56
136 64 64
136 64 72
136 64 80
136 64 120
136 64 128
136 64 136
136 64 144
136 64 184
136 72 0
136 72 4
136 72 8
136 72 16
136 72 56
136 72 64
136 72 72
136 72 80
136 72 120
136 72 128
136 72 136
136 72 144
136 72 184
136 80 0
136 80 4
136 80 8
136 80 16
136 80 56
136 80 64
136 80 72
136 80 80
136 80 120
136 80 128
136 80 136
136 80 144
136 80 184
136 120 0
136 120 4
136 120 8
136 120 16
136 120 56
136 120 64
136 120 72
136 120 80
136 120 120
136 120 128
136 120 136
136 120 144
136 120 184
136 128 0
136 128 4
136 128 8
136 128 16
136 128 56
136 128 64
136 128 72
136 128 80
136 128 120
136 128 128
136 128 136
136 128 144
136 128 184
136 136 0
136 136 4
136 136 8
136 136 16
136 136 56
136 136 64
136 136 72
136 136 80
136 136 120
136 136 128
136 136 136
136 136 144
136 136 184
136 144 0
136 144 4
136 144 8
136 144 16
136 144 56
136 144 64
136 144 72
136 144 80
136 144 120
136 144 128
136 144 136
136 144 144
136 144 184
136 184 0
136 184 4
136 184 8
136 184 16
136 184 56
136 184 64
136 184 72
136 184 80
136 184 120
136 184 128
136 184 136
136 184 144
136 184 184
144 0 0
144 0 4
144 0 8
144 0 16
144 0 56
144 0 64
144 0 72
144 0 80
144 0 120
144 0 128
144 0 136
144 0 144
144 0 184
144 4 0
144 4 4
144 4 8
144 4 16
144 4 56
144 4 64
144 4 72
144 4 80
144 4 120
144 4 128
144 4 136
144 4 144
144 4 184
144 8 0
144 8 4
144 8 8
144 8 16
144 8 56
144 8 64
144 8 72
144 8 80
144 8 120
144 8 128
144 8 136
144 8 144
144 8 184
144 16 0
144 16 4
144 16 8
144 16 16
144 16 56
144 16 64
144 16 72
144 16 80
144 16 120
144 16 128
144 16 136
144 16 144
144 16 184
144 56 0
144 56 4
144 56 8
144 56 16
144 56 56
144 56 64
144 56 72
144 56 80
144 56 120
144 56 128
144 56 136
144 56 144
144 56 184
144 64 0
144 64 4
144 64 8
144 64 16
144 64 56
144 64 64
144 64 72
144 64 80
144 64 120
144 64 128
144 64 136
144 64 144
144 64 184
144 72 0
144 72 4
144 72 8
144 72 16
144 72 56
144 72 64
144 72 72
144 72 80
144 72 120
144 72 128
144 72 136
144 72 144
144 72 184
144 80 0
144 80 4
144 80 8
144 80 16
144 80 56
144 80 64
144 80 72
144 80 80
144 80 120
144 80 128
144 80 136
144 80 144
144 80 184
144 120 0
144 120 4
144 120 8
144 120 16
144 120 56
144 120 64
144 120 72
144 120 80
144 120 120
144 120 128
144 120 136
144 120 144
144 120 184
144 128 0
144 128 4
144 128 8
144 128 16
144 128 56
144 128 64
144 128 72
144 128 80
144 128 120
144 128 128
144 128 136
144 128 144
144 128 184
144 136 0
144 136 4
144 136 8
144 136 16
144 136 56
144 136 64
144 136 72
144 136 80
144 136 120
144 136 128
144 136 136
144 136 144
144 136 184
144 144 0
144 144 4
144 144 8
144 144 16
144 144 56
144 144 64
144 144 72
144 144 80
144 144 120
144 144 128
144 144 136
144 144 144
144 144 184
144 184 0
144 184 4
144 184 8
144 184 16
144 184 56
144 184 64
144 184 72
144 184 80
144 184 120
144 184 128
144 184 136
144 184 144
144 184 184
184 0 0
184 0 4
184 0 8
184 0 16
184 0 56
184 0 64
184 0 72
184 0 80
184 0 120
184 0 128
184 0 136
184 0 144
184 0 184
184 4 0
184 4 4
184 4 8
184 4 16
184 4 56
184 4 64
184 4 72
184 4 80
184 4 120
184 4 128
184 4 136
184 4 144
184 4 184
184 8 0
184 8 4
184 8 8
184 8 16
184 8 56
184 8 64
184 8 72
184 8 80
184 8 120
184 8 128
184 8 136
184 8 144
184 8 184
184 16 0
184 16 4
184 16 8
184 16 16
184 16 56
184 16 64
184 16 72
184 16 80
184 16 120
184 16 128
184 16 136
184 16 144
184 16 184
184 56 0
184 56 4
184 56 8
184 56 16
184 56 56
184 56 64
184 56 72
184 56 80
184 56 120
184 56 128
184 56 136
184 56 144
184 56 184
184 64 0
184 64 4
184 64 8
184 64 16
184 64 56
184 64 64
184 64 72
184 64 80
184 64 120
184 64 128
184 64 136
184 64 144
184 64 184
184 72 0
184 72 4
184 72 8
184 72 16
184 72 56
184 72 64
184 72 72
184 72 80
184 72 120
184 72 128
184 72 136
184 72 144
184 72 184
184 80 0
184 80 4
184 80 8
184 80 16
184 80 56
184 80 64
184 80 72
184 80 80
184 80 120
184 80 128
184 80 136
184 80 144
184 80 184
184 120 0
184 120 4
184 120 8
184 120 16
184 120 56
184 120 64
184 120 72
184 120 80
184 120 120
184 120 128
184 120 136
184 120 144
184 120 184
184 128 0
184 128 4
184 128 8
184 128 16
184 128 56
184 128 64
184 128 72
184 128 80
184 128 120
184 128 128
184 128 136
184 128 144
184 128 184
184 136 0
184 136 4
184 136 8
184 136 16
184 136 56
184 136 64
184 136 72
184 136 80
184 136 120
184 136 128
184 136 136
184 136 144
184 136 184
184 144 0
184 144 4
184 144 8
184 144 16
184 144 56
184 144 64
184 144 72
184 144 80
184 144 120
184 144 128
184 144 136
184 144 144
184 144 184
184 184 0
184 184 4
184 184 8
184 184 16
184 184 56
184 184 64
184 184 72
184 184 80
184 184 120
184 184 128
184 184 136
184 184 144
184 184 184
