200
22 22 22
22 22 26
22 22 170
22 22 174
22 26 22
22 26 26
22 26 170
22 26 174
22 170 22
22 170 26
22 170 170
22 170 174
22 174 22
22 174 26
22 174 170
22 174 174
26 22 22
26 22 26
26 22 170
26 22 174
26 26 22
26 26 26
26 26 170
26 26 174
26 170 22
26 170 26
26 170 170
26 170 174
26 174 22
26 174 26
26 174 170
26 174 174
170 22 22
170 22 26
170 22 170
170 22 174
170 26 22
170 26 26
170 26 170
170 26 174
170 170 22
170 170 26
170 170 170
170 170 174
170 174 22
170 174 26
170 174 170
170 174 174
174 22 22
174 22 26
174 22 170
174 22 174
174 26 22
174 26 26
174 26 170
174 26 174
174 170 22
174 170 26
174 170 170
174 170 174
174 174 22
174 174 26
174 174 170
174 174 174
