20
0 0 13
0 1 12
0 1 14
0 2 14
0 3 13
0 3 14
0 4 13
0 4 14
0 5 13
0 5 14
1 0 11
1 0 13
1 0 18
1 1 14
1 1 17
1 2 15
1 2 17
1 3 6
1 3 7
1 3 12
1 4 6
1 4 7
1 4 12
1 5 15
1 6 6
1 6 7
1 6 8
1 6 13
1 6 14
1 7 7
2 0 12
2 1 13
2 2 6
2 2 7
2 2 11
2 2 12
2 3 5
2 3 8
2 3 13
2 3 16
2 4 11
2 4 12
2 4 17
2 5 5
2 5 16
2 6 12
3 0 11
3 0 12
3 0 13
3 0 14
3 1 10
3 3 10
3 3 11
3 3 16
3 4 5
3 4 17
3 5 12
3 5 15
3 5 16
3 6 13
3 6 14
4 0 14
4 0 18
4 1 9
4 1 14
4 1 17
4 2 6
4 2 17
4 3 5
4 4 15
4 6 5
4 7 8
5 0 11
5 1 10
5 4 11
6 0 12
6 1 10
6 2 7
6 2 8
6 5 6
