200
89 89 89
89 89 90
89 89 91
89 89 93
89 89 94
89 89 95
89 89 105
89 89 106
89 89 107
89 89 109
89 89 110
89 89 111
89 90 89
89 90 90
89 90 91
89 90 93
89 90 94
89 90 95
89 90 105
89 90 106
89 90 107
89 90 109
89 90 110
89 90 111
89 91 89
89 91 90
89 91 91
89 91 93
89 91 94
89 91 95
89 91 105
89 91 106
89 91 107
89 91 109
89 91 110
89 91 111
89 93 89
89 93 90
89 93 91
89 93 93
89 93 94
89 93 95
89 93 105
89 93 106
89 93 107
89 93 109
89 93 110
89 93 111
89 94 89
89 94 90
89 94 91
89 94 93
89 94 94
89 94 95
89 94 105
89 94 106
89 94 107
89 94 109
89 94 110
89 94 111
89 95 89
89 95 90
89 95 91
89 95 93
89 95 94
89 95 95
89 95 105
89 95 106
89 95 107
89 95 109
89 95 110
89 95 111
89 105 89
89 105 90
89 105 91
89 105 93
89 105 94
89 105 95
89 105 105
89 105 106
89 105 107
89 105 109
89 105 110
89 105 111
89 106 89
89 106 90
89 106 91
89 106 93
89 106 94
89 106 95
89 106 105
89 106 106
89 106 107
89 106 109
89 106 110
89 106 111
89 107 89
89 107 90
89 107 91
89 107 93
89 107 94
89 107 95
89 107 105
89 107 106
89 107 107
89 107 109
89 107 110
89 107 111
89 109 89
89 109 90
89 109 91
89 109 93
89 109 94
89 109 95
89 109 105
89 109 106
89 109 107
89 109 109
89 109 110
89 109 111
89 110 89
89 110 90
89 110 91
89 110 93
89 110 94
89 110 95
89 110 105
89 110 106
89 110 107
89 110 109
89 110 110
89 110 111
89 111 89
89 111 90
89 111 91
89 111 93
89 111 94
89 111 95
89 111 105
89 111 106
89 111 107
89 111 109
89 111 110
89 111 111
90 89 89
90 89 90
90 89 91
90 89 93
90 89 94
90 89 95
90 89 105
90 89 106
90 89 107
90 89 109
90 89 110
90 89 111
90 90 89
90 90 91
90 90 93
90 90 95
90 90 105
90 90 107
90 90 109
90 90 111
90 91 89
90 91 90
90 91 91
90 91 93
90 91 94
90 91 95
90 91 105
90 91 106
90 91 107
90 91 109
90 91 110
90 91 111
90 93 89
90 93 90
90 93 91
90 93 93
90 93 94
90 93 95
90 93 105
90 93 106
90 93 107
90 93 109
90 93 110
90 93 111
90 94 89
90 94 91
90 94 93
90 94 95
90 94 105
90 94 107
90 94 109
90 94 111
90 95 89
90 95 90
90 95 91
90 95 93
90 95 94
90 95 95
90 95 105
90 95 106
90 95 107
90 95 109
90 95 110
90 95 111
90 105 89
90 105 90
90 105 91
90 105 93
90 105 94
90 105 95
90 105 105
90 105 106
90 105 107
90 105 109
90 105 110
90 105 111
90 106 89
90 106 91
90 106 93
90 106 95
90 106 105
90 106 107
90 106 109
90 106 111
90 107 89
90 107 90
90 107 91
90 107 93
90 107 94
90 107 95
90 107 105
90 107 106
90 107 107
90 107 109
90 107 110
90 107 111
90 109 89
90 109 90
90 109 91
90 109 93
90 109 94
90 109 95
90 109 105
90 109 106
90 109 107
90 109 109
90 109 110
90 109 111
90 110 89
90 110 91
90 110 93
90 110 95
90 110 105
90 110 107
90 110 109
90 110 111
90 111 89
90 111 90
90 111 91
90 111 93
90 111 94
90 111 95
90 111 105
90 111 106
90 111 107
90 111 109
90 111 110
90 111 111
91 89 89
91 89 90
91 89 91
91 89 93
91 89 94
91 89 95
91 89 105
91 89 106
91 89 107
91 89 109
91 89 110
91 89 111
91 90 89
91 90 90
91 90 91
91 90 93
91 90 94
91 90 95
91 90 105
91 90 106
91 90 107
91 90 109
91 90 110
91 90 111
91 91 89
91 91 90
91 91 91
91 91 93
91 91 94
91 91 95
91 91 105
91 91 106
91 91 107
91 91 109
91 91 110
91 91 111
91 93 89
91 93 90
91 93 91
91 93 93
91 93 94
91 93 95
91 93 105
91 93 106
91 93 107
91 93 109
91 93 110
91 93 111
91 94 89
91 94 90
91 94 91
91 94 93
91 94 94
91 94 95
91 94 105
91 94 106
91 94 107
91 94 109
91 94 110
91 94 111
91 95 89
91 95 90
91 95 91
91 95 93
91 95 94
91 95 95
91 95 105
91 95 106
91 95 107
91 95 109
91 95 110
91 95 111
91 105 89
91 105 90
91 105 91
91 105 93
91 105 94
91 105 95
91 105 105
91 105 106
91 105 107
91 105 109
91 105 110
91 105 111
91 106 89
91 106 90
91 106 91
91 106 93
91 106 94
91 106 95
91 106 105
91 106 106
91 106 107
91 106 109
91 106 110
91 106 111
91 107 89
91 107 90
91 107 91
91 107 93
91 107 94
91 107 95
91 107 105
91 107 106
91 107 107
91 107 109
91 107 110
91 107 111
91 109 89
91 109 90
91 109 91
91 109 93
91 109 94
91 109 95
91 109 105
91 109 106
91 109 107
91 109 109
91 109 110
91 109 111
91 110 89
91 110 90
91 110 91
91 110 93
91 110 94
91 110 95
91 110 105
91 110 106
91 110 107
91 110 109
91 110 110
91 110 111
91 111 89
91 111 90
91 111 91
91 111 93
91 111 94
91 111 95
91 111 105
91 111 106
91 111 107
91 111 109
91 111 110
91 111 111
93 89 89
93 89 90
93 89 91
93 89 93
93 89 94
93 89 95
93 89 105
93 89 106
93 89 107
93 89 109
93 89 110
93 89 111
93 90 89
93 90 90
93 90 91
93 90 93
93 90 94
93 90 95
93 90 105
93 90 106
93 90 107
93 90 109
93 90 110
93 90 111
93 91 89
93 91 90
93 91 91
93 91 93
93 91 94
93 91 95
93 91 105
93 91 106
93 91 107
93 91 109
93 91 110
93 91 111
93 93 89
93 93 90
93 93 91
93 93 93
93 93 94
93 93 95
93 93 105
93 93 106
93 93 107
93 93 109
93 93 110
93 93 111
93 94 89
93 94 90
93 94 91
93 94 93
93 94 94
93 94 95
93 94 105
93 94 106
93 94 107
93 94 109
93 94 110
93 94 111
93 95 89
93 95 90
93 95 91
93 95 93
93 95 94
93 95 95
93 95 105
93 95 106
93 95 107
93 95 109
93 95 110
93 95 111
93 105 89
93 105 90
93 105 91
93 105 93
93 105 94
93 105 95
93 105 105
93 105 106
93 105 107
93 105 109
93 105 110
93 105 111
93 106 89
93 106 90
93 106 91
93 106 93
93 106 94
93 106 95
93 106 105
93 106 106
93 106 107
93 106 109
93 106 110
93 106 111
93 107 89
93 107 90
93 107 91
93 107 93
93 107 94
93 107 95
93 107 105
93 107 106
93 107 107
93 107 109
93 107 110
93 107 111
93 109 89
93 109 90
93 109 91
93 109 93
93 109 94
93 109 95
93 109 105
93 109 106
93 109 107
93 109 109
93 109 110
93 109 111
93 110 89
93 110 90
93 110 91
93 110 93
93 110 94
93 110 95
93 110 105
93 110 106
93 110 107
93 110 109
93 110 110
93 110 111
93 111 89
93 111 90
93 111 91
93 111 93
93 111 94
93 111 95
93 111 105
93 111 106
93 111 107
93 111 109
93 111 110
93 111 111
94 89 89
94 89 90
94 89 91
94 89 93
94 89 94
94 89 95
94 89 105
94 89 106
94 89 107
94 89 109
94 89 110
94 89 111
94 90 89
94 90 91
94 90 93
94 90 95
94 90 105
94 90 107
94 90 109
94 90 111
94 91 89
94 91 90
94 91 91
94 91 93
94 91 94
94 91 95
94 91 105
94 91 106
94 91 107
94 91 109
94 91 110
94 91 111
94 93 89
94 93 90
94 93 91
94 93 93
94 93 94
94 93 95
94 93 105
94 93 106
94 93 107
94 93 109
94 93 110
94 93 111
94 94 89
94 94 91
94 94 93
94 94 95
94 94 105
94 94 107
94 94 109
94 94 111
94 95 89
94 95 90
94 95 91
94 95 93
94 95 94
94 95 95
94 95 105
94 95 106
94 95 107
94 95 109
94 95 110
94 95 111
94 105 89
94 105 90
94 105 91
94 105 93
94 105 94
94 105 95
94 105 105
94 105 106
94 105 107
94 105 109
94 105 110
94 105 111
94 106 89
94 106 91
94 106 93
94 106 95
94 106 105
94 106 107
94 106 109
94 106 111
94 107 89
94 107 90
94 107 91
94 107 93
94 107 94
94 107 95
94 107 105
94 107 106
94 107 107
94 107 109
94 107 110
94 107 111
94 109 89
94 109 90
94 109 91
94 109 93
94 109 94
94 109 95
94 109 105
94 109 106
94 109 107
94 109 109
94 109 110
94 109 111
94 110 89
94 110 91
94 110 93
94 110 95
94 110 105
94 110 107
94 110 109
94 110 111
94 111 89
94 111 90
94 111 91
94 111 93
94 111 94
94 111 95
94 111 105
94 111 106
94 111 107
94 111 109
94 111 110
94 111 111
95 89 89
95 89 90
95 89 91
95 89 93
95 89 94
95 89 95
95 89 105
95 89 106
95 89 107
95 89 109
95 89 110
95 89 111
95 90 89
95 90 90
95 90 91
95 90 93
95 90 94
95 90 95
95 90 105
95 90 106
95 90 107
95 90 109
95 90 110
95 90 111
95 91 89
95 91 90
95 91 91
95 91 93
95 91 94
95 91 95
95 91 105
95 91 106
95 91 107
95 91 109
95 91 110
95 91 111
95 93 89
95 93 90
95 93 91
95 93 93
95 93 94
95 93 95
95 93 105
95 93 106
95 93 107
95 93 109
95 93 110
95 93 111
95 94 89
95 94 90
95 94 91
95 94 93
95 94 94
95 94 95
95 94 105
95 94 106
95 94 107
95 94 109
95 94 110
95 94 111
95 95 89
95 95 90
95 95 91
95 95 93
95 95 94
95 95 95
95 95 105
95 95 106
95 95 107
95 95 109
95 95 110
95 95 111
95 105 89
95 105 90
95 105 91
95 105 93
95 105 94
95 105 95
95 105 105
95 105 106
95 105 107
95 105 109
95 105 110
95 105 111
95 106 89
95 106 90
95 106 91
95 106 93
95 106 94
95 106 95
95 106 105
95 106 106
95 106 107
95 106 109
95 106 110
95 106 111
95 107 89
95 107 90
95 107 91
95 107 93
95 107 94
95 107 95
95 107 105
95 107 106
95 107 107
95 107 109
95 107 110
95 107 111
95 109 89
95 109 90
95 109 91
95 109 93
95 109 94
95 109 95
95 109 105
95 109 106
95 109 107
95 109 109
95 109 110
95 109 111
95 110 89
95 110 90
95 110 91
95 110 93
95 110 94
95 110 95
95 110 105
95 110 106
95 110 107
95 110 109
95 110 110
95 110 111
95 111 89
95 111 90
95 111 91
95 111 93
95 111 94
95 111 95
95 111 105
95 111 106
95 111 107
95 111 109
95 111 110
95 111 111
105 89 89
105 89 90
105 89 91
105 89 93
105 89 94
105 89 95
105 89 105
105 89 106
105 89 107
105 89 109
105 89 110
105 89 111
105 90 89
105 90 90
105 90 91
105 90 93
105 90 94
105 90 95
105 90 105
105 90 106
105 90 107
105 90 109
105 90 110
105 90 111
105 91 89
105 91 90
105 91 91
105 91 93
105 91 94
105 91 95
105 91 105
105 91 106
105 91 107
105 91 109
105 91 110
105 91 111
105 93 89
105 93 90
105 93 91
105 93 93
105 93 94
105 93 95
105 93 105
105 93 106
105 93 107
105 93 109
105 93 110
105 93 111
105 94 89
105 94 90
105 94 91
105 94 93
105 94 94
105 94 95
105 94 105
105 94 106
105 94 107
105 94 109
105 94 110
105 94 111
105 95 89
105 95 90
105 95 91
105 95 93
105 95 94
105 95 95
105 95 105
105 95 106
105 95 107
105 95 109
105 95 110
105 95 111
105 105 89
105 105 90
105 105 91
105 105 93
105 105 94
105 105 95
105 105 105
105 105 106
105 105 107
105 105 109
105 105 110
105 105 111
105 106 89
105 106 90
105 106 91
105 106 93
105 106 94
105 106 95
105 106 105
105 106 106
105 106 107
105 106 109
105 106 110
105 106 111
105 107 89
105 107 90
105 107 91
105 107 93
105 107 94
105 107 95
105 107 105
105 107 106
105 107 107
105 107 109
105 107 110
105 107 111
105 109 89
105 109 90
105 109 91
105 109 93
105 109 94
105 109 95
105 109 105
105 109 106
105 109 107
105 109 109
105 109 110
105 109 111
105 110 89
105 110 90
105 110 91
105 110 93
105 110 94
105 110 95
105 110 105
105 110 106
105 110 107
105 110 109
105 110 110
105 110 111
105 111 89
105 111 90
105 111 91
105 111 93
105 111 94
105 111 95
105 111 105
105 111 106
105 111 107
105 111 109
105 111 110
105 111 111
106 89 89
106 89 90
106 89 91
106 89 93
106 89 94
106 89 95
106 89 105
106 89 106
106 89 107
106 89 109
106 89 110
106 89 111
106 90 89
106 90 91
106 90 93
106 90 95
106 90 105
106 90 107
106 90 109
106 90 111
106 91 89
106 91 90
106 91 91
106 91 93
106 91 94
106 91 95
106 91 105
106 91 106
106 91 107
106 91 109
106 91 110
106 91 111
106 93 89
106 93 90
106 93 91
106 93 93
106 93 94
106 93 95
106 93 105
106 93 106
106 93 107
106 93 109
106 93 110
106 93 111
106 94 89
106 94 91
106 94 93
106 94 95
106 94 105
106 94 107
106 94 109
106 94 111
106 95 89
106 95 90
106 95 91
106 95 93
106 95 94
106 95 95
106 95 105
106 95 106
106 95 107
106 95 109
106 95 110
106 95 111
106 105 89
106 105 90
106 105 91
106 105 93
106 105 94
106 105 95
106 105 105
106 105 106
106 105 107
106 105 109
106 105 110
106 105 111
106 106 89
106 106 91
106 106 93
106 106 95
106 106 105
106 106 107
106 106 109
106 106 111
106 107 89
106 107 90
106 107 91
106 107 93
106 107 94
106 107 95
106 107 105
106 107 106
106 107 107
106 107 109
106 107 110
106 107 111
106 109 89
106 109 90
106 109 91
106 109 93
106 109 94
106 109 95
106 109 105
106 109 106
106 109 107
106 109 109
106 109 110
106 109 111
106 110 89
106 110 91
106 110 93
106 110 95
106 110 105
106 110 107
106 110 109
106 110 111
106 111 89
106 111 90
106 111 91
106 111 93
106 111 94
106 111 95
106 111 105
106 111 106
106 111 107
106 111 109
106 111 110
106 111 111
107 89 89
107 89 90
107 89 91
107 89 93
107 89 94
107 89 95
107 89 105
107 89 106
107 89 107
107 89 109
107 89 110
107 89 111
107 90 89
107 90 90
107 90 91
107 90 93
107 90 94
107 90 95
107 90 105
107 90 106
107 90 107
107 90 109
107 90 110
107 90 111
107 91 89
107 91 90
107 91 91
107 91 93
107 91 94
107 91 95
107 91 105
107 91 106
107 91 107
107 91 109
107 91 110
107 91 111
107 93 89
107 93 90
107 93 91
107 93 93
107 93 94
107 93 95
107 93 105
107 93 106
107 93 107
107 93 109
107 93 110
107 93 111
107 94 89
107 94 90
107 94 91
107 94 93
107 94 94
107 94 95
107 94 105
107 94 106
107 94 107
107 94 109
107 94 110
107 94 111
107 95 89
107 95 90
107 95 91
107 95 93
107 95 94
107 95 95
107 95 105
107 95 106
107 95 107
107 95 109
107 95 110
107 95 111
107 105 89
107 105 90
107 105 91
107 105 93
107 105 94
107 105 95
107 105 105
107 105 106
107 105 107
107 105 109
107 105 110
107 105 111
107 106 89
107 106 90
107 106 91
107 106 93
107 106 94
107 106 95
107 106 105
107 106 106
107 106 107
107 106 109
107 106 110
107 106 111
107 107 89
107 107 90
107 107 91
107 107 93
107 107 94
107 107 95
107 107 105
107 107 106
107 107 107
107 107 109
107 107 110
107 107 111
107 109 89
107 109 90
107 109 91
107 109 93
107 109 94
107 109 95
107 109 105
107 109 106
107 109 107
107 109 109
107 109 110
107 109 111
107 110 89
107 110 90
107 110 91
107 110 93
107 110 94
107 110 95
107 110 105
107 110 106
107 110 107
107 110 109
107 110 110
107 110 111
107 111 89
107 111 90
107 111 91
107 111 93
107 111 94
107 111 95
107 111 105
107 111 106
107 111 107
107 111 109
107 111 110
107 111 111
109 89 89
109 89 90
109 89 91
109 89 93
109 89 94
109 89 95
109 89 105
109 89 106
109 89 107
109 89 109
109 89 110
109 89 111
109 90 89
109 90 90
109 90 91
109 90 93
109 90 94
109 90 95
109 90 105
109 90 106
109 90 107
109 90 109
109 90 110
109 90 111
109 91 89
109 91 90
109 91 91
109 91 93
109 91 94
109 91 95
109 91 105
109 91 106
109 91 107
109 91 109
109 91 110
109 91 111
109 93 89
109 93 90
109 93 91
109 93 93
109 93 94
109 93 95
109 93 105
109 93 106
109 93 107
109 93 109
109 93 110
109 93 111
109 94 89
109 94 90
109 94 91
109 94 93
109 94 94
109 94 95
109 94 105
109 94 106
109 94 107
109 94 109
109 94 110
109 94 111
109 95 89
109 95 90
109 95 91
109 95 93
109 95 94
109 95 95
109 95 105
109 95 106
109 95 107
109 95 109
109 95 110
109 95 111
109 105 89
109 105 90
109 105 91
109 105 93
109 105 94
109 105 95
109 105 105
109 105 106
109 105 107
109 105 109
109 105 110
109 105 111
109 106 89
109 106 90
109 106 91
109 106 93
109 106 94
109 106 95
109 106 105
109 106 106
109 106 107
109 106 109
109 106 110
109 106 111
109 107 89
109 107 90
109 107 91
109 107 93
109 107 94
109 107 95
109 107 105
109 107 106
109 107 107
109 107 109
109 107 110
109 107 111
109 109 89
109 109 90
109 109 91
109 109 93
109 109 94
109 109 95
109 109 105
109 109 106
109 109 107
109 109 109
109 109 110
109 109 111
109 110 89
109 110 90
109 110 91
109 110 93
109 110 94
109 110 95
109 110 105
109 110 106
109 110 107
109 110 109
109 110 110
109 110 111
109 111 89
109 111 90
109 111 91
109 111 93
109 111 94
109 111 95
109 111 105
109 111 106
109 111 107
109 111 109
109 111 110
109 111 111
110 89 89
110 89 90
110 89 91
110 89 93
110 89 94
110 89 95
110 89 105
110 89 106
110 89 107
110 89 109
110 89 110
110 89 111
110 90 89
110 90 91
110 90 93
110 90 95
110 90 105
110 90 107
110 90 109
110 90 111
110 91 89
110 91 90
110 91 91
110 91 93
110 91 94
110 91 95
110 91 105
110 91 106
110 91 107
110 91 109
110 91 110
110 91 111
110 93 89
110 93 90
110 93 91
110 93 93
110 93 94
110 93 95
110 93 105
110 93 106
110 93 107
110 93 109
110 93 110
110 93 111
110 94 89
110 94 91
110 94 93
110 94 95
110 94 105
110 94 107
110 94 109
110 94 111
110 95 89
110 95 90
110 95 91
110 95 93
110 95 94
110 95 95
110 95 105
110 95 106
110 95 107
110 95 109
110 95 110
110 95 111
110 105 89
110 105 90
110 105 91
110 105 93
110 105 94
110 105 95
110 105 105
110 105 106
110 105 107
110 105 109
110 105 110
110 105 111
110 106 89
110 106 91
110 106 93
110 106 95
110 106 105
110 106 107
110 106 109
110 106 111
110 107 89
110 107 90
110 107 91
110 107 93
110 107 94
110 107 95
110 107 105
110 107 106
110 107 107
110 107 109
110 107 110
110 107 111
110 109 89
110 109 90
110 109 91
110 109 93
110 109 94
110 109 95
110 109 105
110 109 106
110 109 107
110 109 109
110 109 110
110 109 111
110 110 89
110 110 91
110 110 93
110 110 95
110 110 105
110 110 107
110 110 109
110 110 111
110 111 89
110 111 90
110 111 91
110 111 93
110 111 94
110 111 95
110 111 105
110 111 106
110 111 107
110 111 109
110 111 110
110 111 111
111 89 89
111 89 90
111 89 91
111 89 93
111 89 94
111 89 95
111 89 105
111 89 106
111 89 107
111 89 109
111 89 110
111 89 111
111 90 89
111 90 90
111 90 91
111 90 93
111 90 94
111 90 95
111 90 105
111 90 106
111 90 107
111 90 109
111 90 110
111 90 111
111 91 89
111 91 90
111 91 91
111 91 93
111 91 94
111 91 95
111 91 105
111 91 106
111 91 107
111 91 109
111 91 110
111 91 111
111 93 89
111 93 90
111 93 91
111 93 93
111 93 94
111 93 95
111 93 105
111 93 106
111 93 107
111 93 109
111 93 110
111 93 111
111 94 89
111 94 90
111 94 91
111 94 93
111 94 94
111 94 95
111 94 105
111 94 106
111 94 107
111 94 109
111 94 110
111 94 111
111 95 89
111 95 90
111 95 91
111 95 93
111 95 94
111 95 95
111 95 105
111 95 106
111 95 107
111 95 109
111 95 110
111 95 111
111 105 89
111 105 90
111 105 91
111 105 93
111 105 94
111 105 95
111 105 105
111 105 106
111 105 107
111 105 109
111 105 110
111 105 111
111 106 89
111 106 90
111 106 91
111 106 93
111 106 94
111 106 95
111 106 105
111 106 106
111 106 107
111 106 109
111 106 110
111 106 111
111 107 89
111 107 90
111 107 91
111 107 93
111 107 94
111 107 95
111 107 105
111 107 106
111 107 107
111 107 109
111 107 110
111 107 111
111 109 89
111 109 90
111 109 91
111 109 93
111 109 94
111 109 95
111 109 105
111 109 106
111 109 107
111 109 109
111 109 110
111 109 111
111 110 89
111 110 90
111 110 91
111 110 93
111 110 94
111 110 95
111 110 105
111 110 106
111 110 107
111 110 109
111 110 110
111 110 111
111 111 89
111 111 90
111 111 91
111 111 93
111 111 94
111 111 95
111 111 105
111 111 106
111 111 107
111 111 109
111 111 110
111 111 111
