200
8 8 8
8 8 40
8 8 156
8 8 188
8 40 8
8 40 40
8 40 156
8 40 188
8 156 8
8 156 40
8 156 156
8 156 188
8 188 8
8 188 40
8 188 156
8 188 188
40 8 8
40 8 40
40 8 156
40 8 188
40 40 8
40 40 40
40 40 156
40 40 188
40 156 8
40 156 40
40 156 156
40 156 188
40 188 8
40 188 40
40 188 156
40 188 188
156 8 8
156 8 40
156 8 156
156 8 188
156 40 8
156 40 40
156 40 156
156 40 188
156 156 8
156 156 40
156 156 156
156 156 188
156 188 8
156 188 40
156 188 156
156 188 188
188 8 8
188 8 40
188 8 156
188 8 188
188 40 8
188 40 40
188 40 156
188 40 188
188 156 8
188 156 40
188 156 156
188 156 188
188 188 8
188 188 40
188 188 156
188 188 188
