200
2 2 2
2 2 6
2 2 54
2 2 58
2 2 138
2 2 142
2 2 194
2 2 198
2 6 2
2 6 6
2 6 54
2 6 58
2 6 138
2 6 142
2 6 194
2 6 198
2 54 2
2 54 6
2 54 54
2 54 58
2 54 138
2 54 142
2 54 194
2 54 198
2 58 2
2 58 6
2 58 54
2 58 58
2 58 138
2 58 142
2 58 194
2 58 198
2 138 2
2 138 6
2 138 54
2 138 58
2 138 138
2 138 142
2 138 194
2 138 198
2 142 2
2 142 6
2 142 54
2 142 58
2 142 138
2 142 142
2 142 194
2 142 198
2 194 2
2 194 6
2 194 54
2 194 58
2 194 138
2 194 142
2 194 194
2 194 198
2 198 2
2 198 6
2 198 54
2 198 58
2 198 138
2 198 142
2 198 194
2 198 198
6 2 2
6 2 6
6 2 54
6 2 58
6 2 138
6 2 142
6 2 194
6 2 198
6 6 2
6 6 6
6 6 54
6 6 58
6 6 138
6 6 142
6 6 194
6 6 198
6 54 2
6 54 6
6 54 54
6 54 58
6 54 138
6 54 142
6 54 194
6 54 198
6 58 2
6 58 6
6 58 54
6 58 58
6 58 138
6 58 142
6 58 194
6 58 198
6 138 2
6 138 6
6 138 54
6 138 58
6 138 138
6 138 142
6 138 194
6 138 198
6 142 2
6 142 6
6 142 54
6 142 58
6 142 138
6 142 142
6 142 194
6 142 198
6 194 2
6 194 6
6 194 54
6 194 58
6 194 138
6 194 142
6 194 194
6 194 198
6 198 2
6 198 6
6 198 54
6 198 58
6 198 138
6 198 142
6 198 194
6 198 198
54 2 2
54 2 6
54 2 54
54 2 58
54 2 138
54 2 142
54 2 194
54 2 198
54 6 2
54 6 6
54 6 54
54 6 58
54 6 138
54 6 142
54 6 194
54 6 198
54 54 2
54 54 6
54 54 54
54 54 58
54 54 138
54 54 142
54 54 194
54 54 198
54 58 2
54 58 6
54 58 54
54 58 58
54 58 138
54 58 142
54 58 194
54 58 198
54 138 2
54 138 6
54 138 54
54 138 58
54 138 138
54 138 142
54 138 194
54 138 198
54 142 2
54 142 6
54 142 54
54 142 58
54 142 138
54 142 142
54 142 194
54 142 198
54 194 2
54 194 6
54 194 54
54 194 58
54 194 138
54 194 142
54 194 194
54 194 198
54 198 2
54 198 6
54 198 54
54 198 58
54 198 138
54 198 142
54 198 194
54 198 198
58 2 2
58 2 6
58 2 54
58 2 58
58 2 138
58 2 142
58 2 194
58 2 198
58 6 2
58 6 6
58 6 54
58 6 58
58 6 138
58 6 142
58 6 194
58 6 198
58 54 2
58 54 6
58 54 54
58 54 58
58 54 138
58 54 142
58 54 194
58 54 198
58 58 2
58 58 6
58 58 54
58 58 58
58 58 138
58 58 142
58 58 194
58 58 198
58 138 2
58 138 6
58 138 54
58 138 58
58 138 138
58 138 142
58 138 194
58 138 198
58 142 2
58 142 6
58 142 54
58 142 58
58 142 138
58 142 142
58 142 194
58 142 198
58 194 2
58 194 6
58 194 54
58 194 58
58 194 138
58 194 142
58 194 194
58 194 198
58 198 2
58 198 6
58 198 54
58 198 58
58 198 138
58 198 142
58 198 194
58 198 198
138 2 2
138 2 6
138 2 54
138 2 58
138 2 138
138 2 142
138 2 194
138 2 198
138 6 2
138 6 6
138 6 54
138 6 58
138 6 138
138 6 142
138 6 194
138 6 198
138 54 2
138 54 6
138 54 54
138 54 58
138 54 138
138 54 142
138 54 194
138 54 198
138 58 2
138 58 6
138 58 54
138 58 58
138 58 138
138 58 142
138 58 194
138 58 198
138 138 2
138 138 6
138 138 54
138 138 58
138 138 138
138 138 142
138 138 194
138 138 198
138 142 2
138 142 6
138 142 54
138 142 58
138 142 138
138 142 142
138 142 194
138 142 198
138 194 2
138 194 6
138 194 54
138 194 58
138 194 138
138 194 142
138 194 194
138 194 198
138 198 2
138 198 6
138 198 54
138 198 58
138 198 138
138 198 142
138 198 194
138 198 198
142 2 2
142 2 6
142 2 54
142 2 58
142 2 138
142 2 142
142 2 194
142 2 198
142 6 2
142 6 6
142 6 54
142 6 58
142 6 138
142 6 142
142 6 194
142 6 198
142 54 2
142 54 6
142 54 54
142 54 58
142 54 138
142 54 142
142 54 194
142 54 198
142 58 2
142 58 6
142 58 54
142 58 58
142 58 138
142 58 142
142 58 194
142 58 198
142 138 2
142 138 6
142 138 54
142 138 58
142 138 138
142 138 142
142 138 194
142 138 198
142 142 2
142 142 6
142 142 54
142 142 58
142 142 138
142 142 142
142 142 194
142 142 198
142 194 2
142 194 6
142 194 54
142 194 58
142 194 138
142 194 142
142 194 194
142 194 198
142 198 2
142 198 6
142 198 54
142 198 58
142 198 138
142 198 142
142 198 194
142 198 198
194 2 2
194 2 6
194 2 54
194 2 58
194 2 138
194 2 142
194 2 194
194 2 198
194 6 2
194 6 6
194 6 54
194 6 58
194 6 138
194 6 142
194 6 194
194 6 198
194 54 2
194 54 6
194 54 54
194 54 58
194 54 138
194 54 142
194 54 194
194 54 198
194 58 2
194 58 6
194 58 54
194 58 58
194 58 138
194 58 142
194 58 194
194 58 198
194 138 2
194 138 6
194 138 54
194 138 58
194 138 138
194 138 142
194 138 194
194 138 198
194 142 2
194 142 6
194 142 54
194 142 58
194 142 138
194 142 142
194 142 194
194 142 198
194 194 2
194 194 6
194 194 54
194 194 58
194 194 138
194 194 142
194 194 194
194 194 198
194 198 2
194 198 6
194 198 54
194 198 58
194 198 138
194 198 142
194 198 194
194 198 198
198 2 2
198 2 6
198 2 54
198 2 58
198 2 138
198 2 142
198 2 194
198 2 198
198 6 2
198 6 6
198 6 54
198 6 58
198 6 138
198 6 142
198 6 194
198 6 198
198 54 2
198 54 6
198 54 54
198 54 58
198 54 138
198 54 142
198 54 194
198 54 198
198 58 2
198 58 6
198 58 54
198 58 58
198 58 138
198 58 142
198 58 194
198 58 198
198 138 2
198 138 6
198 138 54
198 138 58
198 138 138
198 138 142
198 138 194
198 138 198
198 142 2
198 142 6
198 142 54
198 142 58
198 142 138
198 142 142
198 142 194
198 142 198
198 194 2
198 194 6
198 194 54
198 194 58
198 194 138
198 194 142
198 194 194
198 194 198
198 198 2
198 198 6
198 198 54
198 198 58
198 198 138
198 198 142
198 198 194
198 198 198
