200
95 95 95
95 95 96
95 95 97
95 95 103
95 95 104
95 95 105
95 96 95
95 96 96
95 96 97
95 96 103
95 96 104
95 96 105
95 97 95
95 97 96
95 97 97
95 97 103
95 97 104
95 97 105
95 103 95
95 103 96
95 103 97
95 103 103
95 103 104
95 103 105
95 104 95
95 104 96
95 104 97
95 104 103
95 104 104
95 104 105
95 105 95
95 105 96
95 105 97
95 105 103
95 105 104
95 105 105
96 95 95
96 95 96
96 95 97
96 95 103
96 95 104
96 95 105
96 96 95
96 96 97
96 96 103
96 96 105
96 97 95
96 97 96
96 97 97
96 97 103
96 97 104
96 97 105
96 103 95
96 103 96
96 103 97
96 103 103
96 103 104
96 103 105
96 104 95
96 104 97
96 104 103
96 104 105
96 105 95
96 105 96
96 105 97
96 105 103
96 105 104
96 105 105
97 95 95
97 95 96
97 95 97
97 95 103
97 95 104
97 95 105
97 96 95
97 96 96
97 96 97
97 96 103
97 96 104
97 96 105
97 97 95
97 97 96
97 97 97
97 97 103
97 97 104
97 97 105
97 103 95
97 103 96
97 103 97
97 103 103
97 103 104
97 103 105
97 104 95
97 104 96
97 104 97
97 104 103
97 104 104
97 104 105
97 105 95
97 105 96
97 105 97
97 105 103
97 105 104
97 105 105
103 95 95
103 95 96
103 95 97
103 95 103
103 95 104
103 95 105
103 96 95
103 96 96
103 96 97
103 96 103
103 96 104
103 96 105
103 97 95
103 97 96
103 97 97
103 97 103
103 97 104
103 97 105
103 103 95
103 103 96
103 103 97
103 103 103
103 103 104
103 103 105
103 104 95
103 104 96
103 104 97
103 104 103
103 104 104
103 104 105
103 105 95
103 105 96
103 105 97
103 105 103
103 105 104
103 105 105
104 95 95
104 95 96
104 95 97
104 95 103
104 95 104
104 95 105
104 96 95
104 96 97
104 96 103
104 96 105
104 97 95
104 97 96
104 97 97
104 97 103
104 97 104
104 97 105
104 103 95
104 103 96
104 103 97
104 103 103
104 103 104
104 103 105
104 104 95
104 104 97
104 104 103
104 104 105
104 105 95
104 105 96
104 105 97
104 105 103
104 105 104
104 105 105
105 95 95
105 95 96
105 95 97
105 95 103
105 95 104
105 95 105
105 96 95
105 96 96
105 96 97
105 96 103
105 96 104
105 96 105
105 97 95
105 97 96
105 97 97
105 97 103
105 97 104
105 97 105
105 103 95
105 103 96
105 103 97
105 103 103
105 103 104
105 103 105
105 104 95
105 104 96
105 104 97
105 104 103
105 104 104
105 104 105
105 105 95
105 105 96
105 105 97
105 105 103
105 105 104
105 105 105
