200
33 33 33
33 33 34
33 33 35
33 33 37
33 33 38
33 33 39
33 33 161
33 33 162
33 33 163
33 33 165
33 33 166
33 33 167
33 34 33
33 34 34
33 34 35
33 34 37
33 34 38
33 34 39
33 34 161
33 34 162
33 34 163
33 34 165
33 34 166
33 34 167
33 35 33
33 35 34
33 35 35
33 35 37
33 35 38
33 35 39
33 35 161
33 35 162
33 35 163
33 35 165
33 35 166
33 35 167
33 37 33
33 37 34
33 37 35
33 37 37
33 37 38
33 37 39
33 37 161
33 37 162
33 37 163
33 37 165
33 37 166
33 37 167
33 38 33
33 38 34
33 38 35
33 38 37
33 38 38
33 38 39
33 38 161
33 38 162
33 38 163
33 38 165
33 38 166
33 38 167
33 39 33
33 39 34
33 39 35
33 39 37
33 39 38
33 39 39
33 39 161
33 39 162
33 39 163
33 39 165
33 39 166
33 39 167
33 161 33
33 161 34
33 161 35
33 161 37
33 161 38
33 161 39
33 161 161
33 161 162
33 161 163
33 161 165
33 161 166
33 161 167
33 162 33
33 162 34
33 162 35
33 162 37
33 162 38
33 162 39
33 162 161
33 162 162
33 162 163
33 162 165
33 162 166
33 162 167
33 163 33
33 163 34
33 163 35
33 163 37
33 163 38
33 163 39
33 163 161
33 163 162
33 163 163
33 163 165
33 163 166
33 163 167
33 165 33
33 165 34
33 165 35
33 165 37
33 165 38
33 165 39
33 165 161
33 165 162
33 165 163
33 165 165
33 165 166
33 165 167
33 166 33
33 166 34
33 166 35
33 166 37
33 166 38
33 166 39
33 166 161
33 166 162
33 166 163
33 166 165
33 166 166
33 166 167
33 167 33
33 167 34
33 167 35
33 167 37
33 167 38
33 167 39
33 167 161
33 167 162
33 167 163
33 167 165
33 167 166
33 167 167
34 33 33
34 33 34
34 33 35
34 33 37
34 33 38
34 33 39
34 33 161
34 33 162
34 33 163
34 33 165
34 33 166
34 33 167
34 34 33
34 34 35
34 34 37
34 34 39
34 34 161
34 34 163
34 34 165
34 34 167
34 35 33
34 35 34
34 35 35
34 35 37
34 35 38
34 35 39
34 35 161
34 35 162
34 35 163
34 35 165
34 35 166
34 35 167
34 37 33
34 37 34
34 37 35
34 37 37
34 37 38
34 37 39
34 37 161
34 37 162
34 37 163
34 37 165
34 37 166
34 37 167
34 38 33
34 38 35
34 38 37
34 38 39
34 38 161
34 38 163
34 38 165
34 38 167
34 39 33
34 39 34
34 39 35
34 39 37
34 39 38
34 39 39
34 39 161
34 39 162
34 39 163
34 39 165
34 39 166
34 39 167
34 161 33
34 161 34
34 161 35
34 161 37
34 161 38
34 161 39
34 161 161
34 161 162
34 161 163
34 161 165
34 161 166
34 161 167
34 162 33
34 162 35
34 162 37
34 162 39
34 162 161
34 162 163
34 162 165
34 162 167
34 163 33
34 163 34
34 163 35
34 163 37
34 163 38
34 163 39
34 163 161
34 163 162
34 163 163
34 163 165
34 163 166
34 163 167
34 165 33
34 165 34
34 165 35
34 165 37
34 165 38
34 165 39
34 165 161
34 165 162
34 165 163
34 165 165
34 165 166
34 165 167
34 166 33
34 166 35
34 166 37
34 166 39
34 166 161
34 166 163
34 166 165
34 166 167
34 167 33
34 167 34
34 167 35
34 167 37
34 167 38
34 167 39
34 167 161
34 167 162
34 167 163
34 167 165
34 167 166
34 167 167
35 33 33
35 33 34
35 33 35
35 33 37
35 33 38
35 33 39
35 33 161
35 33 162
35 33 163
35 33 165
35 33 166
35 33 167
35 34 33
35 34 34
35 34 35
35 34 37
35 34 38
35 34 39
35 34 161
35 34 162
35 34 163
35 34 165
35 34 166
35 34 167
35 35 33
35 35 34
35 35 35
35 35 37
35 35 38
35 35 39
35 35 161
35 35 162
35 35 163
35 35 165
35 35 166
35 35 167
35 37 33
35 37 34
35 37 35
35 37 37
35 37 38
35 37 39
35 37 161
35 37 162
35 37 163
35 37 165
35 37 166
35 37 167
35 38 33
35 38 34
35 38 35
35 38 37
35 38 38
35 38 39
35 38 161
35 38 162
35 38 163
35 38 165
35 38 166
35 38 167
35 39 33
35 39 34
35 39 35
35 39 37
35 39 38
35 39 39
35 39 161
35 39 162
35 39 163
35 39 165
35 39 166
35 39 167
35 161 33
35 161 34
35 161 35
35 161 37
35 161 38
35 161 39
35 161 161
35 161 162
35 161 163
35 161 165
35 161 166
35 161 167
35 162 33
35 162 34
35 162 35
35 162 37
35 162 38
35 162 39
35 162 161
35 162 162
35 162 163
35 162 165
35 162 166
35 162 167
35 163 33
35 163 34
35 163 35
35 163 37
35 163 38
35 163 39
35 163 161
35 163 162
35 163 163
35 163 165
35 163 166
35 163 167
35 165 33
35 165 34
35 165 35
35 165 37
35 165 38
35 165 39
35 165 161
35 165 162
35 165 163
35 165 165
35 165 166
35 165 167
35 166 33
35 166 34
35 166 35
35 166 37
35 166 38
35 166 39
35 166 161
35 166 162
35 166 163
35 166 165
35 166 166
35 166 167
35 167 33
35 167 34
35 167 35
35 167 37
35 167 38
35 167 39
35 167 161
35 167 162
35 167 163
35 167 165
35 167 166
35 167 167
37 33 33
37 33 34
37 33 35
37 33 37
37 33 38
37 33 39
37 33 161
37 33 162
37 33 163
37 33 165
37 33 166
37 33 167
37 34 33
37 34 34
37 34 35
37 34 37
37 34 38
37 34 39
37 34 161
37 34 162
37 34 163
37 34 165
37 34 166
37 34 167
37 35 33
37 35 34
37 35 35
37 35 37
37 35 38
37 35 39
37 35 161
37 35 162
37 35 163
37 35 165
37 35 166
37 35 167
37 37 33
37 37 34
37 37 35
37 37 37
37 37 38
37 37 39
37 37 161
37 37 162
37 37 163
37 37 165
37 37 166
37 37 167
37 38 33
37 38 34
37 38 35
37 38 37
37 38 38
37 38 39
37 38 161
37 38 162
37 38 163
37 38 165
37 38 166
37 38 167
37 39 33
37 39 34
37 39 35
37 39 37
37 39 38
37 39 39
37 39 161
37 39 162
37 39 163
37 39 165
37 39 166
37 39 167
37 161 33
37 161 34
37 161 35
37 161 37
37 161 38
37 161 39
37 161 161
37 161 162
37 161 163
37 161 165
37 161 166
37 161 167
37 162 33
37 162 34
37 162 35
37 162 37
37 162 38
37 162 39
37 162 161
37 162 162
37 162 163
37 162 165
37 162 166
37 162 167
37 163 33
37 163 34
37 163 35
37 163 37
37 163 38
37 163 39
37 163 161
37 163 162
37 163 163
37 163 165
37 163 166
37 163 167
37 165 33
37 165 34
37 165 35
37 165 37
37 165 38
37 165 39
37 165 161
37 165 162
37 165 163
37 165 165
37 165 166
37 165 167
37 166 33
37 166 34
37 166 35
37 166 37
37 166 38
37 166 39
37 166 161
37 166 162
37 166 163
37 166 165
37 166 166
37 166 167
37 167 33
37 167 34
37 167 35
37 167 37
37 167 38
37 167 39
37 167 161
37 167 162
37 167 163
37 167 165
37 167 166
37 167 167
38 33 33
38 33 34
38 33 35
38 33 37
38 33 38
38 33 39
38 33 161
38 33 162
38 33 163
38 33 165
38 33 166
38 33 167
38 34 33
38 34 35
38 34 37
38 34 39
38 34 161
38 34 163
38 34 165
38 34 167
38 35 33
38 35 34
38 35 35
38 35 37
38 35 38
38 35 39
38 35 161
38 35 162
38 35 163
38 35 165
38 35 166
38 35 167
38 37 33
38 37 34
38 37 35
38 37 37
38 37 38
38 37 39
38 37 161
38 37 162
38 37 163
38 37 165
38 37 166
38 37 167
38 38 33
38 38 35
38 38 37
38 38 39
38 38 161
38 38 163
38 38 165
38 38 167
38 39 33
38 39 34
38 39 35
38 39 37
38 39 38
38 39 39
38 39 161
38 39 162
38 39 163
38 39 165
38 39 166
38 39 167
38 161 33
38 161 34
38 161 35
38 161 37
38 161 38
38 161 39
38 161 161
38 161 162
38 161 163
38 161 165
38 161 166
38 161 167
38 162 33
38 162 35
38 162 37
38 162 39
38 162 161
38 162 163
38 162 165
38 162 167
38 163 33
38 163 34
38 163 35
38 163 37
38 163 38
38 163 39
38 163 161
38 163 162
38 163 163
38 163 165
38 163 166
38 163 167
38 165 33
38 165 34
38 165 35
38 165 37
38 165 38
38 165 39
38 165 161
38 165 162
38 165 163
38 165 165
38 165 166
38 165 167
38 166 33
38 166 35
38 166 37
38 166 39
38 166 161
38 166 163
38 166 165
38 166 167
38 167 33
38 167 34
38 167 35
38 167 37
38 167 38
38 167 39
38 167 161
38 167 162
38 167 163
38 167 165
38 167 166
38 167 167
39 33 33
39 33 34
39 33 35
39 33 37
39 33 38
39 33 39
39 33 161
39 33 162
39 33 163
39 33 165
39 33 166
39 33 167
39 34 33
39 34 34
39 34 35
39 34 37
39 34 38
39 34 39
39 34 161
39 34 162
39 34 163
39 34 165
39 34 166
39 34 167
39 35 33
39 35 34
39 35 35
39 35 37
39 35 38
39 35 39
39 35 161
39 35 162
39 35 163
39 35 165
39 35 166
39 35 167
39 37 33
39 37 34
39 37 35
39 37 37
39 37 38
39 37 39
39 37 161
39 37 162
39 37 163
39 37 165
39 37 166
39 37 167
39 38 33
39 38 34
39 38 35
39 38 37
39 38 38
39 38 39
39 38 161
39 38 162
39 38 163
39 38 165
39 38 166
39 38 167
39 39 33
39 39 34
39 39 35
39 39 37
39 39 38
39 39 39
39 39 161
39 39 162
39 39 163
39 39 165
39 39 166
39 39 167
39 161 33
39 161 34
39 161 35
39 161 37
39 161 38
39 161 39
39 161 161
39 161 162
39 161 163
39 161 165
39 161 166
39 161 167
39 162 33
39 162 34
39 162 35
39 162 37
39 162 38
39 162 39
39 162 161
39 162 162
39 162 163
39 162 165
39 162 166
39 162 167
39 163 33
39 163 34
39 163 35
39 163 37
39 163 38
39 163 39
39 163 161
39 163 162
39 163 163
39 163 165
39 163 166
39 163 167
39 165 33
39 165 34
39 165 35
39 165 37
39 165 38
39 165 39
39 165 161
39 165 162
39 165 163
39 165 165
39 165 166
39 165 167
39 166 33
39 166 34
39 166 35
39 166 37
39 166 38
39 166 39
39 166 161
39 166 162
39 166 163
39 166 165
39 166 166
39 166 167
39 167 33
39 167 34
39 167 35
39 167 37
39 167 38
39 167 39
39 167 161
39 167 162
39 167 163
39 167 165
39 167 166
39 167 167
161 33 33
161 33 34
161 33 35
161 33 37
161 33 38
161 33 39
161 33 161
161 33 162
161 33 163
161 33 165
161 33 166
161 33 167
161 34 33
161 34 34
161 34 35
161 34 37
161 34 38
161 34 39
161 34 161
161 34 162
161 34 163
161 34 165
161 34 166
161 34 167
161 35 33
161 35 34
161 35 35
161 35 37
161 35 38
161 35 39
161 35 161
161 35 162
161 35 163
161 35 165
161 35 166
161 35 167
161 37 33
161 37 34
161 37 35
161 37 37
161 37 38
161 37 39
161 37 161
161 37 162
161 37 163
161 37 165
161 37 166
161 37 167
161 38 33
161 38 34
161 38 35
161 38 37
161 38 38
161 38 39
161 38 161
161 38 162
161 38 163
161 38 165
161 38 166
161 38 167
161 39 33
161 39 34
161 39 35
161 39 37
161 39 38
161 39 39
161 39 161
161 39 162
161 39 163
161 39 165
161 39 166
161 39 167
161 161 33
161 161 34
161 161 35
161 161 37
161 161 38
161 161 39
161 161 161
161 161 162
161 161 163
161 161 165
161 161 166
161 161 167
161 162 33
161 162 34
161 162 35
161 162 37
161 162 38
161 162 39
161 162 161
161 162 162
161 162 163
161 162 165
161 162 166
161 162 167
161 163 33
161 163 34
161 163 35
161 163 37
161 163 38
161 163 39
161 163 161
161 163 162
161 163 163
161 163 165
161 163 166
161 163 167
161 165 33
161 165 34
161 165 35
161 165 37
161 165 38
161 165 39
161 165 161
161 165 162
161 165 163
161 165 165
161 165 166
161 165 167
161 166 33
161 166 34
161 166 35
161 166 37
161 166 38
161 166 39
161 166 161
161 166 162
161 166 163
161 166 165
161 166 166
161 166 167
161 167 33
161 167 34
161 167 35
161 167 37
161 167 38
161 167 39
161 167 161
161 167 162
161 167 163
161 167 165
161 167 166
161 167 167
162 33 33
162 33 34
162 33 35
162 33 37
162 33 38
162 33 39
162 33 161
162 33 162
162 33 163
162 33 165
162 33 166
162 33 167
162 34 33
162 34 35
162 34 37
162 34 39
162 34 161
162 34 163
162 34 165
162 34 167
162 35 33
162 35 34
162 35 35
162 35 37
162 35 38
162 35 39
162 35 161
162 35 162
162 35 163
162 35 165
162 35 166
162 35 167
162 37 33
162 37 34
162 37 35
162 37 37
162 37 38
162 37 39
162 37 161
162 37 162
162 37 163
162 37 165
162 37 166
162 37 167
162 38 33
162 38 35
162 38 37
162 38 39
162 38 161
162 38 163
162 38 165
162 38 167
162 39 33
162 39 34
162 39 35
162 39 37
162 39 38
162 39 39
162 39 161
162 39 162
162 39 163
162 39 165
162 39 166
162 39 167
162 161 33
162 161 34
162 161 35
162 161 37
162 161 38
162 161 39
162 161 161
162 161 162
162 161 163
162 161 165
162 161 166
162 161 167
162 162 33
162 162 35
162 162 37
162 162 39
162 162 161
162 162 163
162 162 165
162 162 167
162 163 33
162 163 34
162 163 35
162 163 37
162 163 38
162 163 39
162 163 161
162 163 162
162 163 163
162 163 165
162 163 166
162 163 167
162 165 33
162 165 34
162 165 35
162 165 37
162 165 38
162 165 39
162 165 161
162 165 162
162 165 163
162 165 165
162 165 166
162 165 167
162 166 33
162 166 35
162 166 37
162 166 39
162 166 161
162 166 163
162 166 165
162 166 167
162 167 33
162 167 34
162 167 35
162 167 37
162 167 38
162 167 39
162 167 161
162 167 162
162 167 163
162 167 165
162 167 166
162 167 167
163 33 33
163 33 34
163 33 35
163 33 37
163 33 38
163 33 39
163 33 161
163 33 162
163 33 163
163 33 165
163 33 166
163 33 167
163 34 33
163 34 34
163 34 35
163 34 37
163 34 38
163 34 39
163 34 161
163 34 162
163 34 163
163 34 165
163 34 166
163 34 167
163 35 33
163 35 34
163 35 35
163 35 37
163 35 38
163 35 39
163 35 161
163 35 162
163 35 163
163 35 165
163 35 166
163 35 167
163 37 33
163 37 34
163 37 35
163 37 37
163 37 38
163 37 39
163 37 161
163 37 162
163 37 163
163 37 165
163 37 166
163 37 167
163 38 33
163 38 34
163 38 35
163 38 37
163 38 38
163 38 39
163 38 161
163 38 162
163 38 163
163 38 165
163 38 166
163 38 167
163 39 33
163 39 34
163 39 35
163 39 37
163 39 38
163 39 39
163 39 161
163 39 162
163 39 163
163 39 165
163 39 166
163 39 167
163 161 33
163 161 34
163 161 35
163 161 37
163 161 38
163 161 39
163 161 161
163 161 162
163 161 163
163 161 165
163 161 166
163 161 167
163 162 33
163 162 34
163 162 35
163 162 37
163 162 38
163 162 39
163 162 161
163 162 162
163 162 163
163 162 165
163 162 166
163 162 167
163 163 33
163 163 34
163 163 35
163 163 37
163 163 38
163 163 39
163 163 161
163 163 162
163 163 163
163 163 165
163 163 166
163 163 167
163 165 33
163 165 34
163 165 35
163 165 37
163 165 38
163 165 39
163 165 161
163 165 162
163 165 163
163 165 165
163 165 166
163 165 167
163 166 33
163 166 34
163 166 35
163 166 37
163 166 38
163 166 39
163 166 161
163 166 162
163 166 163
163 166 165
163 166 166
163 166 167
163 167 33
163 167 34
163 167 35
163 167 37
163 167 38
163 167 39
163 167 161
163 167 162
163 167 163
163 167 165
163 167 166
163 167 167
165 33 33
165 33 34
165 33 35
165 33 37
165 33 38
165 33 39
165 33 161
165 33 162
165 33 163
165 33 165
165 33 166
165 33 167
165 34 33
165 34 34
165 34 35
165 34 37
165 34 38
165 34 39
165 34 161
165 34 162
165 34 163
165 34 165
165 34 166
165 34 167
165 35 33
165 35 34
165 35 35
165 35 37
165 35 38
165 35 39
165 35 161
165 35 162
165 35 163
165 35 165
165 35 166
165 35 167
165 37 33
165 37 34
165 37 35
165 37 37
165 37 38
165 37 39
165 37 161
165 37 162
165 37 163
165 37 165
165 37 166
165 37 167
165 38 33
165 38 34
165 38 35
165 38 37
165 38 38
165 38 39
165 38 161
165 38 162
165 38 163
165 38 165
165 38 166
165 38 167
165 39 33
165 39 34
165 39 35
165 39 37
165 39 38
165 39 39
165 39 161
165 39 162
165 39 163
165 39 165
165 39 166
165 39 167
165 161 33
165 161 34
165 161 35
165 161 37
165 161 38
165 161 39
165 161 161
165 161 162
165 161 163
165 161 165
165 161 166
165 161 167
165 162 33
165 162 34
165 162 35
165 162 37
165 162 38
165 162 39
165 162 161
165 162 162
165 162 163
165 162 165
165 162 166
165 162 167
165 163 33
165 163 34
165 163 35
165 163 37
165 163 38
165 163 39
165 163 161
165 163 162
165 163 163
165 163 165
165 163 166
165 163 167
165 165 33
165 165 34
165 165 35
165 165 37
165 165 38
165 165 39
165 165 161
165 165 162
165 165 163
165 165 165
165 165 166
165 165 167
165 166 33
165 166 34
165 166 35
165 166 37
165 166 38
165 166 39
165 166 161
165 166 162
165 166 163
165 166 165
165 166 166
165 166 167
165 167 33
165 167 34
165 167 35
165 167 37
165 167 38
165 167 39
165 167 161
165 167 162
165 167 163
165 167 165
165 167 166
165 167 167
166 33 33
166 33 34
166 33 35
166 33 37
166 33 38
166 33 39
166 33 161
166 33 162
166 33 163
166 33 165
166 33 166
166 33 167
166 34 33
166 34 35
166 34 37
166 34 39
166 34 161
166 34 163
166 34 165
166 34 167
166 35 33
166 35 34
166 35 35
166 35 37
166 35 38
166 35 39
166 35 161
166 35 162
166 35 163
166 35 165
166 35 166
166 35 167
166 37 33
166 37 34
166 37 35
166 37 37
166 37 38
166 37 39
166 37 161
166 37 162
166 37 163
166 37 165
166 37 166
166 37 167
166 38 33
166 38 35
166 38 37
166 38 39
166 38 161
166 38 163
166 38 165
166 38 167
166 39 33
166 39 34
166 39 35
166 39 37
166 39 38
166 39 39
166 39 161
166 39 162
166 39 163
166 39 165
166 39 166
166 39 167
166 161 33
166 161 34
166 161 35
166 161 37
166 161 38
166 161 39
166 161 161
166 161 162
166 161 163
166 161 165
166 161 166
166 161 167
166 162 33
166 162 35
166 162 37
166 162 39
166 162 161
166 162 163
166 162 165
166 162 167
166 163 33
166 163 34
166 163 35
166 163 37
166 163 38
166 163 39
166 163 161
166 163 162
166 163 163
166 163 165
166 163 166
166 163 167
166 165 33
166 165 34
166 165 35
166 165 37
166 165 38
166 165 39
166 165 161
166 165 162
166 165 163
166 165 165
166 165 166
166 165 167
166 166 33
166 166 35
166 166 37
166 166 39
166 166 161
166 166 163
166 166 165
166 166 167
166 167 33
166 167 34
166 167 35
166 167 37
166 167 38
166 167 39
166 167 161
166 167 162
166 167 163
166 167 165
166 167 166
166 167 167
167 33 33
167 33 34
167 33 35
167 33 37
167 33 38
167 33 39
167 33 161
167 33 162
167 33 163
167 33 165
167 33 166
167 33 167
167 34 33
167 34 34
167 34 35
167 34 37
167 34 38
167 34 39
167 34 161
167 34 162
167 34 163
167 34 165
167 34 166
167 34 167
167 35 33
167 35 34
167 35 35
167 35 37
167 35 38
167 35 39
167 35 161
167 35 162
167 35 163
167 35 165
167 35 166
167 35 167
167 37 33
167 37 34
167 37 35
167 37 37
167 37 38
167 37 39
167 37 161
167 37 162
167 37 163
167 37 165
167 37 166
167 37 167
167 38 33
167 38 34
167 38 35
167 38 37
167 38 38
167 38 39
167 38 161
167 38 162
167 38 163
167 38 165
167 38 166
167 38 167
167 39 33
167 39 34
167 39 35
167 39 37
167 39 38
167 39 39
167 39 161
167 39 162
167 39 163
167 39 165
167 39 166
167 39 167
167 161 33
167 161 34
167 161 35
167 161 37
167 161 38
167 161 39
167 161 161
167 161 162
167 161 163
167 161 165
167 161 166
167 161 167
167 162 33
167 162 34
167 162 35
167 162 37
167 162 38
167 162 39
167 162 161
167 162 162
167 162 163
167 162 165
167 162 166
167 162 167
167 163 33
167 163 34
167 163 35
167 163 37
167 163 38
167 163 39
167 163 161
167 163 162
167 163 163
167 163 165
167 163 166
167 163 167
167 165 33
167 165 34
167 165 35
167 165 37
167 165 38
167 165 39
167 165 161
167 165 162
167 165 163
167 165 165
167 165 166
167 165 167
167 166 33
167 166 34
167 166 35
167 166 37
167 166 38
167 166 39
167 166 161
167 166 162
167 166 163
167 166 165
167 166 166
167 166 167
167 167 33
167 167 34
167 167 35
167 167 37
167 167 38
167 167 39
167 167 161
167 167 162
167 167 163
167 167 165
167 167 166
167 167 167
