200
19 19 19
19 19 20
19 19 21
19 19 51
19 19 52
19 19 53
19 19 147
19 19 148
19 19 149
19 19 179
19 19 180
19 19 181
19 20 19
19 20 20
19 20 21
19 20 51
19 20 52
19 20 53
19 20 147
19 20 148
19 20 149
19 20 179
19 20 180
19 20 181
19 21 19
19 21 20
19 21 21
19 21 51
19 21 52
19 21 53
19 21 147
19 21 148
19 21 149
19 21 179
19 21 180
19 21 181
19 51 19
19 51 20
19 51 21
19 51 51
19 51 52
19 51 53
19 51 147
19 51 148
19 51 149
19 51 179
19 51 180
19 51 181
19 52 19
19 52 20
19 52 21
19 52 51
19 52 52
19 52 53
19 52 147
19 52 148
19 52 149
19 52 179
19 52 180
19 52 181
19 53 19
19 53 20
19 53 21
19 53 51
19 53 52
19 53 53
19 53 147
19 53 148
19 53 149
19 53 179
19 53 180
19 53 181
19 147 19
19 147 20
19 147 21
19 147 51
19 147 52
19 147 53
19 147 147
19 147 148
19 147 149
19 147 179
19 147 180
19 147 181
19 148 19
19 148 20
19 148 21
19 148 51
19 148 52
19 148 53
19 148 147
19 148 148
19 148 149
19 148 179
19 148 180
19 148 181
19 149 19
19 149 20
19 149 21
19 149 51
19 149 52
19 149 53
19 149 147
19 149 148
19 149 149
19 149 179
19 149 180
19 149 181
19 179 19
19 179 20
19 179 21
19 179 51
19 179 52
19 179 53
19 179 147
19 179 148
19 179 149
19 179 179
19 179 180
19 179 181
19 180 19
19 180 20
19 180 21
19 180 51
19 180 52
19 180 53
19 180 147
19 180 148
19 180 149
19 180 179
19 180 180
19 180 181
19 181 19
19 181 20
19 181 21
19 181 51
19 181 52
19 181 53
19 181 147
19 181 148
19 181 149
19 181 179
19 181 180
19 181 181
20 19 19
20 19 20
20 19 21
20 19 51
20 19 52
20 19 53
20 19 147
20 19 148
20 19 149
20 19 179
20 19 180
20 19 181
20 20 19
20 20 21
20 20 51
20 20 53
20 20 147
20 20 149
20 20 179
20 20 181
20 21 19
20 21 20
20 21 21
20 21 51
20 21 52
20 21 53
20 21 147
20 21 148
20 21 149
20 21 179
20 21 180
20 21 181
20 51 19
20 51 20
20 51 21
20 51 51
20 51 52
20 51 53
20 51 147
20 51 148
20 51 149
20 51 179
20 51 180
20 51 181
20 52 19
20 52 21
20 52 51
20 52 53
20 52 147
20 52 149
20 52 179
20 52 181
20 53 19
20 53 20
20 53 21
20 53 51
20 53 52
20 53 53
20 53 147
20 53 148
20 53 149
20 53 179
20 53 180
20 53 181
20 147 19
20 147 20
20 147 21
20 147 51
20 147 52
20 147 53
20 147 147
20 147 148
20 147 149
20 147 179
20 147 180
20 147 181
20 148 19
20 148 21
20 148 51
20 148 53
20 148 147
20 148 149
20 148 179
20 148 181
20 149 19
20 149 20
20 149 21
20 149 51
20 149 52
20 149 53
20 149 147
20 149 148
20 149 149
20 149 179
20 149 180
20 149 181
20 179 19
20 179 20
20 179 21
20 179 51
20 179 52
20 179 53
20 179 147
20 179 148
20 179 149
20 179 179
20 179 180
20 179 181
20 180 19
20 180 21
20 180 51
20 180 53
20 180 147
20 180 149
20 180 179
20 180 181
20 181 19
20 181 20
20 181 21
20 181 51
20 181 52
20 181 53
20 181 147
20 181 148
20 181 149
20 181 179
20 181 180
20 181 181
21 19 19
21 19 20
21 19 21
21 19 51
21 19 52
21 19 53
21 19 147
21 19 148
21 19 149
21 19 179
21 19 180
21 19 181
21 20 19
21 20 20
21 20 21
21 20 51
21 20 52
21 20 53
21 20 147
21 20 148
21 20 149
21 20 179
21 20 180
21 20 181
21 21 19
21 21 20
21 21 21
21 21 51
21 21 52
21 21 53
21 21 147
21 21 148
21 21 149
21 21 179
21 21 180
21 21 181
21 51 19
21 51 20
21 51 21
21 51 51
21 51 52
21 51 53
21 51 147
21 51 148
21 51 149
21 51 179
21 51 180
21 51 181
21 52 19
21 52 20
21 52 21
21 52 51
21 52 52
21 52 53
21 52 147
21 52 148
21 52 149
21 52 179
21 52 180
21 52 181
21 53 19
21 53 20
21 53 21
21 53 51
21 53 52
21 53 53
21 53 147
21 53 148
21 53 149
21 53 179
21 53 180
21 53 181
21 147 19
21 147 20
21 147 21
21 147 51
21 147 52
21 147 53
21 147 147
21 147 148
21 147 149
21 147 179
21 147 180
21 147 181
21 148 19
21 148 20
21 148 21
21 148 51
21 148 52
21 148 53
21 148 147
21 148 148
21 148 149
21 148 179
21 148 180
21 148 181
21 149 19
21 149 20
21 149 21
21 149 51
21 149 52
21 149 53
21 149 147
21 149 148
21 149 149
21 149 179
21 149 180
21 149 181
21 179 19
21 179 20
21 179 21
21 179 51
21 179 52
21 179 53
21 179 147
21 179 148
21 179 149
21 179 179
21 179 180
21 179 181
21 180 19
21 180 20
21 180 21
21 180 51
21 180 52
21 180 53
21 180 147
21 180 148
21 180 149
21 180 179
21 180 180
21 180 181
21 181 19
21 181 20
21 181 21
21 181 51
21 181 52
21 181 53
21 181 147
21 181 148
21 181 149
21 181 179
21 181 180
21 181 181
51 19 19
51 19 20
51 19 21
51 19 51
51 19 52
51 19 53
51 19 147
51 19 148
51 19 149
51 19 179
51 19 180
51 19 181
51 20 19
51 20 20
51 20 21
51 20 51
51 20 52
51 20 53
51 20 147
51 20 148
51 20 149
51 20 179
51 20 180
51 20 181
51 21 19
51 21 20
51 21 21
51 21 51
51 21 52
51 21 53
51 21 147
51 21 148
51 21 149
51 21 179
51 21 180
51 21 181
51 51 19
51 51 20
51 51 21
51 51 51
51 51 52
51 51 53
51 51 147
51 51 148
51 51 149
51 51 179
51 51 180
51 51 181
51 52 19
51 52 20
51 52 21
51 52 51
51 52 52
51 52 53
51 52 147
51 52 148
51 52 149
51 52 179
51 52 180
51 52 181
51 53 19
51 53 20
51 53 21
51 53 51
51 53 52
51 53 53
51 53 147
51 53 148
51 53 149
51 53 179
51 53 180
51 53 181
51 147 19
51 147 20
51 147 21
51 147 51
51 147 52
51 147 53
51 147 147
51 147 148
51 147 149
51 147 179
51 147 180
51 147 181
51 148 19
51 148 20
51 148 21
51 148 51
51 148 52
51 148 53
51 148 147
51 148 148
51 148 149
51 148 179
51 148 180
51 148 181
51 149 19
51 149 20
51 149 21
51 149 51
51 149 52
51 149 53
51 149 147
51 149 148
51 149 149
51 149 179
51 149 180
51 149 181
51 179 19
51 179 20
51 179 21
51 179 51
51 179 52
51 179 53
51 179 147
51 179 148
51 179 149
51 179 179
51 179 180
51 179 181
51 180 19
51 180 20
51 180 21
51 180 51
51 180 52
51 180 53
51 180 147
51 180 148
51 180 149
51 180 179
51 180 180
51 180 181
51 181 19
51 181 20
51 181 21
51 181 51
51 181 52
51 181 53
51 181 147
51 181 148
51 181 149
51 181 179
51 181 180
51 181 181
52 19 19
52 19 20
52 19 21
52 19 51
52 19 52
52 19 53
52 19 147
52 19 148
52 19 149
52 19 179
52 19 180
52 19 181
52 20 19
52 20 21
52 20 51
52 20 53
52 20 147
52 20 149
52 20 179
52 20 181
52 21 19
52 21 20
52 21 21
52 21 51
52 21 52
52 21 53
52 21 147
52 21 148
52 21 149
52 21 179
52 21 180
52 21 181
52 51 19
52 51 20
52 51 21
52 51 51
52 51 52
52 51 53
52 51 147
52 51 148
52 51 149
52 51 179
52 51 180
52 51 181
52 52 19
52 52 21
52 52 51
52 52 53
52 52 147
52 52 149
52 52 179
52 52 181
52 53 19
52 53 20
52 53 21
52 53 51
52 53 52
52 53 53
52 53 147
52 53 148
52 53 149
52 53 179
52 53 180
52 53 181
52 147 19
52 147 20
52 147 21
52 147 51
52 147 52
52 147 53
52 147 147
52 147 148
52 147 149
52 147 179
52 147 180
52 147 181
52 148 19
52 148 21
52 148 51
52 148 53
52 148 147
52 148 149
52 148 179
52 148 181
52 149 19
52 149 20
52 149 21
52 149 51
52 149 52
52 149 53
52 149 147
52 149 148
52 149 149
52 149 179
52 149 180
52 149 181
52 179 19
52 179 20
52 179 21
52 179 51
52 179 52
52 179 53
52 179 147
52 179 148
52 179 149
52 179 179
52 179 180
52 179 181
52 180 19
52 180 21
52 180 51
52 180 53
52 180 147
52 180 149
52 180 179
52 180 181
52 181 19
52 181 20
52 181 21
52 181 51
52 181 52
52 181 53
52 181 147
52 181 148
52 181 149
52 181 179
52 181 180
52 181 181
53 19 19
53 19 20
53 19 21
53 19 51
53 19 52
53 19 53
53 19 147
53 19 148
53 19 149
53 19 179
53 19 180
53 19 181
53 20 19
53 20 20
53 20 21
53 20 51
53 20 52
53 20 53
53 20 147
53 20 148
53 20 149
53 20 179
53 20 180
53 20 181
53 21 19
53 21 20
53 21 21
53 21 51
53 21 52
53 21 53
53 21 147
53 21 148
53 21 149
53 21 179
53 21 180
53 21 181
53 51 19
53 51 20
53 51 21
53 51 51
53 51 52
53 51 53
53 51 147
53 51 148
53 51 149
53 51 179
53 51 180
53 51 181
53 52 19
53 52 20
53 52 21
53 52 51
53 52 52
53 52 53
53 52 147
53 52 148
53 52 149
53 52 179
53 52 180
53 52 181
53 53 19
53 53 20
53 53 21
53 53 51
53 53 52
53 53 53
53 53 147
53 53 148
53 53 149
53 53 179
53 53 180
53 53 181
53 147 19
53 147 20
53 147 21
53 147 51
53 147 52
53 147 53
53 147 147
53 147 148
53 147 149
53 147 179
53 147 180
53 147 181
53 148 19
53 148 20
53 148 21
53 148 51
53 148 52
53 148 53
53 148 147
53 148 148
53 148 149
53 148 179
53 148 180
53 148 181
53 149 19
53 149 20
53 149 21
53 149 51
53 149 52
53 149 53
53 149 147
53 149 148
53 149 149
53 149 179
53 149 180
53 149 181
53 179 19
53 179 20
53 179 21
53 179 51
53 179 52
53 179 53
53 179 147
53 179 148
53 179 149
53 179 179
53 179 180
53 179 181
53 180 19
53 180 20
53 180 21
53 180 51
53 180 52
53 180 53
53 180 147
53 180 148
53 180 149
53 180 179
53 180 180
53 180 181
53 181 19
53 181 20
53 181 21
53 181 51
53 181 52
53 181 53
53 181 147
53 181 148
53 181 149
53 181 179
53 181 180
53 181 181
147 19 19
147 19 20
147 19 21
147 19 51
147 19 52
147 19 53
147 19 147
147 19 148
147 19 149
147 19 179
147 19 180
147 19 181
147 20 19
147 20 20
147 20 21
147 20 51
147 20 52
147 20 53
147 20 147
147 20 148
147 20 149
147 20 179
147 20 180
147 20 181
147 21 19
147 21 20
147 21 21
147 21 51
147 21 52
147 21 53
147 21 147
147 21 148
147 21 149
147 21 179
147 21 180
147 21 181
147 51 19
147 51 20
147 51 21
147 51 51
147 51 52
147 51 53
147 51 147
147 51 148
147 51 149
147 51 179
147 51 180
147 51 181
147 52 19
147 52 20
147 52 21
147 52 51
147 52 52
147 52 53
147 52 147
147 52 148
147 52 149
147 52 179
147 52 180
147 52 181
147 53 19
147 53 20
147 53 21
147 53 51
147 53 52
147 53 53
147 53 147
147 53 148
147 53 149
147 53 179
147 53 180
147 53 181
147 147 19
147 147 20
147 147 21
147 147 51
147 147 52
147 147 53
147 147 147
147 147 148
147 147 149
147 147 179
147 147 180
147 147 181
147 148 19
147 148 20
147 148 21
147 148 51
147 148 52
147 148 53
147 148 147
147 148 148
147 148 149
147 148 179
147 148 180
147 148 181
147 149 19
147 149 20
147 149 21
147 149 51
147 149 52
147 149 53
147 149 147
147 149 148
147 149 149
147 149 179
147 149 180
147 149 181
147 179 19
147 179 20
147 179 21
147 179 51
147 179 52
147 179 53
147 179 147
147 179 148
147 179 149
147 179 179
147 179 180
147 179 181
147 180 19
147 180 20
147 180 21
147 180 51
147 180 52
147 180 53
147 180 147
147 180 148
147 180 149
147 180 179
147 180 180
147 180 181
147 181 19
147 181 20
147 181 21
147 181 51
147 181 52
147 181 53
147 181 147
147 181 148
147 181 149
147 181 179
147 181 180
147 181 181
148 19 19
148 19 20
148 19 21
148 19 51
148 19 52
148 19 53
148 19 147
148 19 148
148 19 149
148 19 179
148 19 180
148 19 181
148 20 19
148 20 21
148 20 51
148 20 53
148 20 147
148 20 149
148 20 179
148 20 181
148 21 19
148 21 20
148 21 21
148 21 51
148 21 52
148 21 53
148 21 147
148 21 148
148 21 149
148 21 179
148 21 180
148 21 181
148 51 19
148 51 20
148 51 21
148 51 51
148 51 52
148 51 53
148 51 147
148 51 148
148 51 149
148 51 179
148 51 180
148 51 181
148 52 19
148 52 21
148 52 51
148 52 53
148 52 147
148 52 149
148 52 179
148 52 181
148 53 19
148 53 20
148 53 21
148 53 51
148 53 52
148 53 53
148 53 147
148 53 148
148 53 149
148 53 179
148 53 180
148 53 181
148 147 19
148 147 20
148 147 21
148 147 51
148 147 52
148 147 53
148 147 147
148 147 148
148 147 149
148 147 179
148 147 180
148 147 181
148 148 19
148 148 21
148 148 51
148 148 53
148 148 147
148 148 149
148 148 179
148 148 181
148 149 19
148 149 20
148 149 21
148 149 51
148 149 52
148 149 53
148 149 147
148 149 148
148 149 149
148 149 179
148 149 180
148 149 181
148 179 19
148 179 20
148 179 21
148 179 51
148 179 52
148 179 53
148 179 147
148 179 148
148 179 149
148 179 179
148 179 180
148 179 181
148 180 19
148 180 21
148 180 51
148 180 53
148 180 147
148 180 149
148 180 179
148 180 181
148 181 19
148 181 20
148 181 21
148 181 51
148 181 52
148 181 53
148 181 147
148 181 148
148 181 149
148 181 179
148 181 180
148 181 181
149 19 19
149 19 20
149 19 21
149 19 51
149 19 52
149 19 53
149 19 147
149 19 148
149 19 149
149 19 179
149 19 180
149 19 181
149 20 19
149 20 20
149 20 21
149 20 51
149 20 52
149 20 53
149 20 147
149 20 148
149 20 149
149 20 179
149 20 180
149 20 181
149 21 19
149 21 20
149 21 21
149 21 51
149 21 52
149 21 53
149 21 147
149 21 148
149 21 149
149 21 179
149 21 180
149 21 181
149 51 19
149 51 20
149 51 21
149 51 51
149 51 52
149 51 53
149 51 147
149 51 148
149 51 149
149 51 179
149 51 180
149 51 181
149 52 19
149 52 20
149 52 21
149 52 51
149 52 52
149 52 53
149 52 147
149 52 148
149 52 149
149 52 179
149 52 180
149 52 181
149 53 19
149 53 20
149 53 21
149 53 51
149 53 52
149 53 53
149 53 147
149 53 148
149 53 149
149 53 179
149 53 180
149 53 181
149 147 19
149 147 20
149 147 21
149 147 51
149 147 52
149 147 53
149 147 147
149 147 148
149 147 149
149 147 179
149 147 180
149 147 181
149 148 19
149 148 20
149 148 21
149 148 51
149 148 52
149 148 53
149 148 147
149 148 148
149 148 149
149 148 179
149 148 180
149 148 181
149 149 19
149 149 20
149 149 21
149 149 51
149 149 52
149 149 53
149 149 147
149 149 148
149 149 149
149 149 179
149 149 180
149 149 181
149 179 19
149 179 20
149 179 21
149 179 51
149 179 52
149 179 53
149 179 147
149 179 148
149 179 149
149 179 179
149 179 180
149 179 181
149 180 19
149 180 20
149 180 21
149 180 51
149 180 52
149 180 53
149 180 147
149 180 148
149 180 149
149 180 179
149 180 180
149 180 181
149 181 19
149 181 20
149 181 21
149 181 51
149 181 52
149 181 53
149 181 147
149 181 148
149 181 149
149 181 179
149 181 180
149 181 181
179 19 19
179 19 20
179 19 21
179 19 51
179 19 52
179 19 53
179 19 147
179 19 148
179 19 149
179 19 179
179 19 180
179 19 181
179 20 19
179 20 20
179 20 21
179 20 51
179 20 52
179 20 53
179 20 147
179 20 148
179 20 149
179 20 179
179 20 180
179 20 181
179 21 19
179 21 20
179 21 21
179 21 51
179 21 52
179 21 53
179 21 147
179 21 148
179 21 149
179 21 179
179 21 180
179 21 181
179 51 19
179 51 20
179 51 21
179 51 51
179 51 52
179 51 53
179 51 147
179 51 148
179 51 149
179 51 179
179 51 180
179 51 181
179 52 19
179 52 20
179 52 21
179 52 51
179 52 52
179 52 53
179 52 147
179 52 148
179 52 149
179 52 179
179 52 180
179 52 181
179 53 19
179 53 20
179 53 21
179 53 51
179 53 52
179 53 53
179 53 147
179 53 148
179 53 149
179 53 179
179 53 180
179 53 181
179 147 19
179 147 20
179 147 21
179 147 51
179 147 52
179 147 53
179 147 147
179 147 148
179 147 149
179 147 179
179 147 180
179 147 181
179 148 19
179 148 20
179 148 21
179 148 51
179 148 52
179 148 53
179 148 147
179 148 148
179 148 149
179 148 179
179 148 180
179 148 181
179 149 19
179 149 20
179 149 21
179 149 51
179 149 52
179 149 53
179 149 147
179 149 148
179 149 149
179 149 179
179 149 180
179 149 181
179 179 19
179 179 20
179 179 21
179 179 51
179 179 52
179 179 53
179 179 147
179 179 148
179 179 149
179 179 179
179 179 180
179 179 181
179 180 19
179 180 20
179 180 21
179 180 51
179 180 52
179 180 53
179 180 147
179 180 148
179 180 149
179 180 179
179 180 180
179 180 181
179 181 19
179 181 20
179 181 21
179 181 51
179 181 52
179 181 53
179 181 147
179 181 148
179 181 149
179 181 179
179 181 180
179 181 181
180 19 19
180 19 20
180 19 21
180 19 51
180 19 52
180 19 53
180 19 147
180 19 148
180 19 149
180 19 179
180 19 180
180 19 181
180 20 19
180 20 21
180 20 51
180 20 53
180 20 147
180 20 149
180 20 179
180 20 181
180 21 19
180 21 20
180 21 21
180 21 51
180 21 52
180 21 53
180 21 147
180 21 148
180 21 149
180 21 179
180 21 180
180 21 181
180 51 19
180 51 20
180 51 21
180 51 51
180 51 52
180 51 53
180 51 147
180 51 148
180 51 149
180 51 179
180 51 180
180 51 181
180 52 19
180 52 21
180 52 51
180 52 53
180 52 147
180 52 149
180 52 179
180 52 181
180 53 19
180 53 20
180 53 21
180 53 51
180 53 52
180 53 53
180 53 147
180 53 148
180 53 149
180 53 179
180 53 180
180 53 181
180 147 19
180 147 20
180 147 21
180 147 51
180 147 52
180 147 53
180 147 147
180 147 148
180 147 149
180 147 179
180 147 180
180 147 181
180 148 19
180 148 21
180 148 51
180 148 53
180 148 147
180 148 149
180 148 179
180 148 181
180 149 19
180 149 20
180 149 21
180 149 51
180 149 52
180 149 53
180 149 147
180 149 148
180 149 149
180 149 179
180 149 180
180 149 181
180 179 19
180 179 20
180 179 21
180 179 51
180 179 52
180 179 53
180 179 147
180 179 148
180 179 149
180 179 179
180 179 180
180 179 181
180 180 19
180 180 21
180 180 51
180 180 53
180 180 147
180 180 149
180 180 179
180 180 181
180 181 19
180 181 20
180 181 21
180 181 51
180 181 52
180 181 53
180 181 147
180 181 148
180 181 149
180 181 179
180 181 180
180 181 181
181 19 19
181 19 20
181 19 21
181 19 51
181 19 52
181 19 53
181 19 147
181 19 148
181 19 149
181 19 179
181 19 180
181 19 181
181 20 19
181 20 20
181 20 21
181 20 51
181 20 52
181 20 53
181 20 147
181 20 148
181 20 149
181 20 179
181 20 180
181 20 181
181 21 19
181 21 20
181 21 21
181 21 51
181 21 52
181 21 53
181 21 147
181 21 148
181 21 149
181 21 179
181 21 180
181 21 181
181 51 19
181 51 20
181 51 21
181 51 51
181 51 52
181 51 53
181 51 147
181 51 148
181 51 149
181 51 179
181 51 180
181 51 181
181 52 19
181 52 20
181 52 21
181 52 51
181 52 52
181 52 53
181 52 147
181 52 148
181 52 149
181 52 179
181 52 180
181 52 181
181 53 19
181 53 20
181 53 21
181 53 51
181 53 52
181 53 53
181 53 147
181 53 148
181 53 149
181 53 179
181 53 180
181 53 181
181 147 19
181 147 20
181 147 21
181 147 51
181 147 52
181 147 53
181 147 147
181 147 148
181 147 149
181 147 179
181 147 180
181 147 181
181 148 19
181 148 20
181 148 21
181 148 51
181 148 52
181 148 53
181 148 147
181 148 148
181 148 149
181 148 179
181 148 180
181 148 181
181 149 19
181 149 20
181 149 21
181 149 51
181 149 52
181 149 53
181 149 147
181 149 148
181 149 149
181 149 179
181 149 180
181 149 181
181 179 19
181 179 20
181 179 21
181 179 51
181 179 52
181 179 53
181 179 147
181 179 148
181 179 149
181 179 179
181 179 180
181 179 181
181 180 19
181 180 20
181 180 21
181 180 51
181 180 52
181 180 53
181 180 147
181 180 148
181 180 149
181 180 179
181 180 180
181 180 181
181 181 19
181 181 20
181 181 21
181 181 51
181 181 52
181 181 53
181 181 147
181 181 148
181 181 149
181 181 179
181 181 180
181 181 181
