200
10 10 10
10 10 14
10 10 18
10 10 54
10 10 58
10 10 62
10 10 66
10 10 70
10 10 74
10 10 78
10 10 82
10 10 118
10 10 122
10 10 126
10 10 130
10 10 134
10 10 138
10 10 142
10 10 146
10 10 182
10 10 186
10 14 10
10 14 14
10 14 18
10 14 54
10 14 58
10 14 62
10 14 66
10 14 70
10 14 74
10 14 78
10 14 82
10 14 118
10 14 122
10 14 126
10 14 130
10 14 134
10 14 138
10 14 142
10 14 146
10 14 182
10 14 186
10 18 10
10 18 14
10 18 18
10 18 54
10 18 58
10 18 62
10 18 66
10 18 70
10 18 74
10 18 78
10 18 82
10 18 118
10 18 122
10 18 126
10 18 130
10 18 134
10 18 138
10 18 142
10 18 146
10 18 182
10 18 186
10 54 10
10 54 14
10 54 18
10 54 54
10 54 58
10 54 62
10 54 66
10 54 70
10 54 74
10 54 78
10 54 82
10 54 118
10 54 122
10 54 126
10 54 130
10 54 134
10 54 138
10 54 142
10 54 146
10 54 182
10 54 186
10 58 10
10 58 14
10 58 18
10 58 54
10 58 58
10 58 62
10 58 66
10 58 70
10 58 74
10 58 78
10 58 82
10 58 118
10 58 122
10 58 126
10 58 130
10 58 134
10 58 138
10 58 142
10 58 146
10 58 182
10 58 186
10 62 10
10 62 14
10 62 18
10 62 54
10 62 58
10 62 62
10 62 66
10 62 70
10 62 74
10 62 78
10 62 82
10 62 118
10 62 122
10 62 126
10 62 130
10 62 134
10 62 138
10 62 142
10 62 146
10 62 182
10 62 186
10 66 10
10 66 14
10 66 18
10 66 54
10 66 58
10 66 62
10 66 66
10 66 70
10 66 74
10 66 78
10 66 82
10 66 118
10 66 122
10 66 126
10 66 130
10 66 134
10 66 138
10 66 142
10 66 146
10 66 182
10 66 186
10 70 10
10 70 14
10 70 18
10 70 54
10 70 58
10 70 62
10 70 66
10 70 70
10 70 74
10 70 78
10 70 82
10 70 118
10 70 122
10 70 126
10 70 130
10 70 134
10 70 138
10 70 142
10 70 146
10 70 182
10 70 186
10 74 10
10 74 14
10 74 18
10 74 54
10 74 58
10 74 62
10 74 66
10 74 70
10 74 74
10 74 78
10 74 82
10 74 118
10 74 122
10 74 126
10 74 130
10 74 134
10 74 138
10 74 142
10 74 146
10 74 182
10 74 186
10 78 10
10 78 14
10 78 18
10 78 54
10 78 58
10 78 62
10 78 66
10 78 70
10 78 74
10 78 78
10 78 82
10 78 118
10 78 122
10 78 126
10 78 130
10 78 134
10 78 138
10 78 142
10 78 146
10 78 182
10 78 186
10 82 10
10 82 14
10 82 18
10 82 54
10 82 58
10 82 62
10 82 66
10 82 70
10 82 74
10 82 78
10 82 82
10 82 118
10 82 122
10 82 126
10 82 130
10 82 134
10 82 138
10 82 142
10 82 146
10 82 182
10 82 186
10 118 10
10 118 14
10 118 18
10 118 54
10 118 58
10 118 62
10 118 66
10 118 70
10 118 74
10 118 78
10 118 82
10 118 118
10 118 122
10 118 126
10 118 130
10 118 134
10 118 138
10 118 142
10 118 146
10 118 182
10 118 186
10 122 10
10 122 14
10 122 18
10 122 54
10 122 58
10 122 62
10 122 66
10 122 70
10 122 74
10 122 78
10 122 82
10 122 118
10 122 122
10 122 126
10 122 130
10 122 134
10 122 138
10 122 142
10 122 146
10 122 182
10 122 186
10 126 10
10 126 14
10 126 18
10 126 54
10 126 58
10 126 62
10 126 66
10 126 70
10 126 74
10 126 78
10 126 82
10 126 118
10 126 122
10 126 126
10 126 130
10 126 134
10 126 138
10 126 142
10 126 146
10 126 182
10 126 186
10 130 10
10 130 14
10 130 18
10 130 54
10 130 58
10 130 62
10 130 66
10 130 70
10 130 74
10 130 78
10 130 82
10 130 118
10 130 122
10 130 126
10 130 130
10 130 134
10 130 138
10 130 142
10 130 146
10 130 182
10 130 186
10 134 10
10 134 14
10 134 18
10 134 54
10 134 58
10 134 62
10 134 66
10 134 70
10 134 74
10 134 78
10 134 82
10 134 118
10 134 122
10 134 126
10 134 130
10 134 134
10 134 138
10 134 142
10 134 146
10 134 182
10 134 186
10 138 10
10 138 14
10 138 18
10 138 54
10 138 58
10 138 62
10 138 66
10 138 70
10 138 74
10 138 78
10 138 82
10 138 118
10 138 122
10 138 126
10 138 130
10 138 134
10 138 138
10 138 142
10 138 146
10 138 182
10 138 186
10 142 10
10 142 14
10 142 18
10 142 54
10 142 58
10 142 62
10 142 66
10 142 70
10 142 74
10 142 78
10 142 82
10 142 118
10 142 122
10 142 126
10 142 130
10 142 134
10 142 138
10 142 142
10 142 146
10 142 182
10 142 186
10 146 10
10 146 14
10 146 18
10 146 54
10 146 58
10 146 62
10 146 66
10 146 70
10 146 74
10 146 78
10 146 82
10 146 118
10 146 122
10 146 126
10 146 130
10 146 134
10 146 138
10 146 142
10 146 146
10 146 182
10 146 186
10 182 10
10 182 14
10 182 18
10 182 54
10 182 58
10 182 62
10 182 66
10 182 70
10 182 74
10 182 78
10 182 82
10 182 118
10 182 122
10 182 126
10 182 130
10 182 134
10 182 138
10 182 142
10 182 146
10 182 182
10 182 186
10 186 10
10 186 14
10 186 18
10 186 54
10 186 58
10 186 62
10 186 66
10 186 70
10 186 74
10 186 78
10 186 82
10 186 118
10 186 122
10 186 126
10 186 130
10 186 134
10 186 138
10 186 142
10 186 146
10 186 182
10 186 186
14 10 10
14 10 14
14 10 18
14 10 54
14 10 58
14 10 62
14 10 66
14 10 70
14 10 74
14 10 78
14 10 82
14 10 118
14 10 122
14 10 126
14 10 130
14 10 134
14 10 138
14 10 142
14 10 146
14 10 182
14 10 186
14 14 10
14 14 14
14 14 18
14 14 54
14 14 58
14 14 62
14 14 66
14 14 70
14 14 74
14 14 78
14 14 82
14 14 118
14 14 122
14 14 126
14 14 130
14 14 134
14 14 138
14 14 142
14 14 146
14 14 182
14 14 186
14 18 10
14 18 14
14 18 18
14 18 54
14 18 58
14 18 62
14 18 66
14 18 70
14 18 74
14 18 78
14 18 82
14 18 118
14 18 122
14 18 126
14 18 130
14 18 134
14 18 138
14 18 142
14 18 146
14 18 182
14 18 186
14 54 10
14 54 14
14 54 18
14 54 54
14 54 58
14 54 62
14 54 66
14 54 70
14 54 74
14 54 78
14 54 82
14 54 118
14 54 122
14 54 126
14 54 130
14 54 134
14 54 138
14 54 142
14 54 146
14 54 182
14 54 186
14 58 10
14 58 14
14 58 18
14 58 54
14 58 58
14 58 62
14 58 66
14 58 70
14 58 74
14 58 78
14 58 82
14 58 118
14 58 122
14 58 126
14 58 130
14 58 134
14 58 138
14 58 142
14 58 146
14 58 182
14 58 186
14 62 10
14 62 14
14 62 18
14 62 54
14 62 58
14 62 62
14 62 66
14 62 70
14 62 74
14 62 78
14 62 82
14 62 118
14 62 122
14 62 126
14 62 130
14 62 134
14 62 138
14 62 142
14 62 146
14 62 182
14 62 186
14 66 10
14 66 14
14 66 18
14 66 54
14 66 58
14 66 62
14 66 66
14 66 70
14 66 74
14 66 78
14 66 82
14 66 118
14 66 122
14 66 126
14 66 130
14 66 134
14 66 138
14 66 142
14 66 146
14 66 182
14 66 186
14 70 10
14 70 14
14 70 18
14 70 54
14 70 58
14 70 62
14 70 66
14 70 70
14 70 74
14 70 78
14 70 82
14 70 118
14 70 122
14 70 126
14 70 130
14 70 134
14 70 138
14 70 142
14 70 146
14 70 182
14 70 186
14 74 10
14 74 14
14 74 18
14 74 54
14 74 58
14 74 62
14 74 66
14 74 70
14 74 74
14 74 78
14 74 82
14 74 118
14 74 122
14 74 126
14 74 130
14 74 134
14 74 138
14 74 142
14 74 146
14 74 182
14 74 186
14 78 10
14 78 14
14 78 18
14 78 54
14 78 58
14 78 62
14 78 66
14 78 70
14 78 74
14 78 78
14 78 82
14 78 118
14 78 122
14 78 126
14 78 130
14 78 134
14 78 138
14 78 142
14 78 146
14 78 182
14 78 186
14 82 10
14 82 14
14 82 18
14 82 54
14 82 58
14 82 62
14 82 66
14 82 70
14 82 74
14 82 78
14 82 82
14 82 118
14 82 122
14 82 126
14 82 130
14 82 134
14 82 138
14 82 142
14 82 146
14 82 182
14 82 186
14 118 10
14 118 14
14 118 18
14 118 54
14 118 58
14 118 62
14 118 66
14 118 70
14 118 74
14 118 78
14 118 82
14 118 118
14 118 122
14 118 126
14 118 130
14 118 134
14 118 138
14 118 142
14 118 146
14 118 182
14 118 186
14 122 10
14 122 14
14 122 18
14 122 54
14 122 58
14 122 62
14 122 66
14 122 70
14 122 74
14 122 78
14 122 82
14 122 118
14 122 122
14 122 126
14 122 130
14 122 134
14 122 138
14 122 142
14 122 146
14 122 182
14 122 186
14 126 10
14 126 14
14 126 18
14 126 54
14 126 58
14 126 62
14 126 66
14 126 70
14 126 74
14 126 78
14 126 82
14 126 118
14 126 122
14 126 126
14 126 130
14 126 134
14 126 138
14 126 142
14 126 146
14 126 182
14 126 186
14 130 10
14 130 14
14 130 18
14 130 54
14 130 58
14 130 62
14 130 66
14 130 70
14 130 74
14 130 78
14 130 82
14 130 118
14 130 122
14 130 126
14 130 130
14 130 134
14 130 138
14 130 142
14 130 146
14 130 182
14 130 186
14 134 10
14 134 14
14 134 18
14 134 54
14 134 58
14 134 62
14 134 66
14 134 70
14 134 74
14 134 78
14 134 82
14 134 118
14 134 122
14 134 126
14 134 130
14 134 134
14 134 138
14 134 142
14 134 146
14 134 182
14 134 186
14 138 10
14 138 14
14 138 18
14 138 54
14 138 58
14 138 62
14 138 66
14 138 70
14 138 74
14 138 78
14 138 82
14 138 118
14 138 122
14 138 126
14 138 130
14 138 134
14 138 138
14 138 142
14 138 146
14 138 182
14 138 186
14 142 10
14 142 14
14 142 18
14 142 54
14 142 58
14 142 62
14 142 66
14 142 70
14 142 74
14 142 78
14 142 82
14 142 118
14 142 122
14 142 126
14 142 130
14 142 134
14 142 138
14 142 142
14 142 146
14 142 182
14 142 186
14 146 10
14 146 14
14 146 18
14 146 54
14 146 58
14 146 62
14 146 66
14 146 70
14 146 74
14 146 78
14 146 82
14 146 118
14 146 122
14 146 126
14 146 130
14 146 134
14 146 138
14 146 142
14 146 146
14 146 182
14 146 186
14 182 10
14 182 14
14 182 18
14 182 54
14 182 58
14 182 62
14 182 66
14 182 70
14 182 74
14 182 78
14 182 82
14 182 118
14 182 122
14 182 126
14 182 130
14 182 134
14 182 138
14 182 142
14 182 146
14 182 182
14 182 186
14 186 10
14 186 14
14 186 18
14 186 54
14 186 58
14 186 62
14 186 66
14 186 70
14 186 74
14 186 78
14 186 82
14 186 118
14 186 122
14 186 126
14 186 130
14 186 134
14 186 138
14 186 142
14 186 146
14 186 182
14 186 186
18 10 10
18 10 14
18 10 18
18 10 54
18 10 58
18 10 62
18 10 66
18 10 70
18 10 74
18 10 78
18 10 82
18 10 118
18 10 122
18 10 126
18 10 130
18 10 134
18 10 138
18 10 142
18 10 146
18 10 182
18 10 186
18 14 10
18 14 14
18 14 18
18 14 54
18 14 58
18 14 62
18 14 66
18 14 70
18 14 74
18 14 78
18 14 82
18 14 118
18 14 122
18 14 126
18 14 130
18 14 134
18 14 138
18 14 142
18 14 146
18 14 182
18 14 186
18 18 10
18 18 14
18 18 18
18 18 54
18 18 58
18 18 62
18 18 66
18 18 70
18 18 74
18 18 78
18 18 82
18 18 118
18 18 122
18 18 126
18 18 130
18 18 134
18 18 138
18 18 142
18 18 146
18 18 182
18 18 186
18 54 10
18 54 14
18 54 18
18 54 54
18 54 58
18 54 62
18 54 66
18 54 70
18 54 74
18 54 78
18 54 82
18 54 118
18 54 122
18 54 126
18 54 130
18 54 134
18 54 138
18 54 142
18 54 146
18 54 182
18 54 186
18 58 10
18 58 14
18 58 18
18 58 54
18 58 58
18 58 62
18 58 66
18 58 70
18 58 74
18 58 78
18 58 82
18 58 118
18 58 122
18 58 126
18 58 130
18 58 134
18 58 138
18 58 142
18 58 146
18 58 182
18 58 186
18 62 10
18 62 14
18 62 18
18 62 54
18 62 58
18 62 62
18 62 66
18 62 70
18 62 74
18 62 78
18 62 82
18 62 118
18 62 122
18 62 126
18 62 130
18 62 134
18 62 138
18 62 142
18 62 146
18 62 182
18 62 186
18 66 10
18 66 14
18 66 18
18 66 54
18 66 58
18 66 62
18 66 66
18 66 70
18 66 74
18 66 78
18 66 82
18 66 118
18 66 122
18 66 126
18 66 130
18 66 134
18 66 138
18 66 142
18 66 146
18 66 182
18 66 186
18 70 10
18 70 14
18 70 18
18 70 54
18 70 58
18 70 62
18 70 66
18 70 70
18 70 74
18 70 78
18 70 82
18 70 118
18 70 122
18 70 126
18 70 130
18 70 134
18 70 138
18 70 142
18 70 146
18 70 182
18 70 186
18 74 10
18 74 14
18 74 18
18 74 54
18 74 58
18 74 62
18 74 66
18 74 70
18 74 74
18 74 78
18 74 82
18 74 118
18 74 122
18 74 126
18 74 130
18 74 134
18 74 138
18 74 142
18 74 146
18 74 182
18 74 186
18 78 10
18 78 14
18 78 18
18 78 54
18 78 58
18 78 62
18 78 66
18 78 70
18 78 74
18 78 78
18 78 82
18 78 118
18 78 122
18 78 126
18 78 130
18 78 134
18 78 138
18 78 142
18 78 146
18 78 182
18 78 186
18 82 10
18 82 14
18 82 18
18 82 54
18 82 58
18 82 62
18 82 66
18 82 70
18 82 74
18 82 78
18 82 82
18 82 118
18 82 122
18 82 126
18 82 130
18 82 134
18 82 138
18 82 142
18 82 146
18 82 182
18 82 186
18 118 10
18 118 14
18 118 18
18 118 54
18 118 58
18 118 62
18 118 66
18 118 70
18 118 74
18 118 78
18 118 82
18 118 118
18 118 122
18 118 126
18 118 130
18 118 134
18 118 138
18 118 142
18 118 146
18 118 182
18 118 186
18 122 10
18 122 14
18 122 18
18 122 54
18 122 58
18 122 62
18 122 66
18 122 70
18 122 74
18 122 78
18 122 82
18 122 118
18 122 122
18 122 126
18 122 130
18 122 134
18 122 138
18 122 142
18 122 146
18 122 182
18 122 186
18 126 10
18 126 14
18 126 18
18 126 54
18 126 58
18 126 62
18 126 66
18 126 70
18 126 74
18 126 78
18 126 82
18 126 118
18 126 122
18 126 126
18 126 130
18 126 134
18 126 138
18 126 142
18 126 146
18 126 182
18 126 186
18 130 10
18 130 14
18 130 18
18 130 54
18 130 58
18 130 62
18 130 66
18 130 70
18 130 74
18 130 78
18 130 82
18 130 118
18 130 122
18 130 126
18 130 130
18 130 134
18 130 138
18 130 142
18 130 146
18 130 182
18 130 186
18 134 10
18 134 14
18 134 18
18 134 54
18 134 58
18 134 62
18 134 66
18 134 70
18 134 74
18 134 78
18 134 82
18 134 118
18 134 122
18 134 126
18 134 130
18 134 134
18 134 138
18 134 142
18 134 146
18 134 182
18 134 186
18 138 10
18 138 14
18 138 18
18 138 54
18 138 58
18 138 62
18 138 66
18 138 70
18 138 74
18 138 78
18 138 82
18 138 118
18 138 122
18 138 126
18 138 130
18 138 134
18 138 138
18 138 142
18 138 146
18 138 182
18 138 186
18 142 10
18 142 14
18 142 18
18 142 54
18 142 58
18 142 62
18 142 66
18 142 70
18 142 74
18 142 78
18 142 82
18 142 118
18 142 122
18 142 126
18 142 130
18 142 134
18 142 138
18 142 142
18 142 146
18 142 182
18 142 186
18 146 10
18 146 14
18 146 18
18 146 54
18 146 58
18 146 62
18 146 66
18 146 70
18 146 74
18 146 78
18 146 82
18 146 118
18 146 122
18 146 126
18 146 130
18 146 134
18 146 138
18 146 142
18 146 146
18 146 182
18 146 186
18 182 10
18 182 14
18 182 18
18 182 54
18 182 58
18 182 62
18 182 66
18 182 70
18 182 74
18 182 78
18 182 82
18 182 118
18 182 122
18 182 126
18 182 130
18 182 134
18 182 138
18 182 142
18 182 146
18 182 182
18 182 186
18 186 10
18 186 14
18 186 18
18 186 54
18 186 58
18 186 62
18 186 66
18 186 70
18 186 74
18 186 78
18 186 82
18 186 118
18 186 122
18 186 126
18 186 130
18 186 134
18 186 138
18 186 142
18 186 146
18 186 182
18 186 186
54 10 10
54 10 14
54 10 18
54 10 54
54 10 58
54 10 62
54 10 66
54 10 70
54 10 74
54 10 78
54 10 82
54 10 118
54 10 122
54 10 126
54 10 130
54 10 134
54 10 138
54 10 142
54 10 146
54 10 182
54 10 186
54 14 10
54 14 14
54 14 18
54 14 54
54 14 58
54 14 62
54 14 66
54 14 70
54 14 74
54 14 78
54 14 82
54 14 118
54 14 122
54 14 126
54 14 130
54 14 134
54 14 138
54 14 142
54 14 146
54 14 182
54 14 186
54 18 10
54 18 14
54 18 18
54 18 54
54 18 58
54 18 62
54 18 66
54 18 70
54 18 74
54 18 78
54 18 82
54 18 118
54 18 122
54 18 126
54 18 130
54 18 134
54 18 138
54 18 142
54 18 146
54 18 182
54 18 186
54 54 10
54 54 14
54 54 18
54 54 54
54 54 58
54 54 62
54 54 66
54 54 70
54 54 74
54 54 78
54 54 82
54 54 118
54 54 122
54 54 126
54 54 130
54 54 134
54 54 138
54 54 142
54 54 146
54 54 182
54 54 186
54 58 10
54 58 14
54 58 18
54 58 54
54 58 58
54 58 62
54 58 66
54 58 70
54 58 74
54 58 78
54 58 82
54 58 118
54 58 122
54 58 126
54 58 130
54 58 134
54 58 138
54 58 142
54 58 146
54 58 182
54 58 186
54 62 10
54 62 14
54 62 18
54 62 54
54 62 58
54 62 62
54 62 66
54 62 70
54 62 74
54 62 78
54 62 82
54 62 118
54 62 122
54 62 126
54 62 130
54 62 134
54 62 138
54 62 142
54 62 146
54 62 182
54 62 186
54 66 10
54 66 14
54 66 18
54 66 54
54 66 58
54 66 62
54 66 66
54 66 70
54 66 74
54 66 78
54 66 82
54 66 118
54 66 122
54 66 126
54 66 130
54 66 134
54 66 138
54 66 142
54 66 146
54 66 182
54 66 186
54 70 10
54 70 14
54 70 18
54 70 54
54 70 58
54 70 62
54 70 66
54 70 70
54 70 74
54 70 78
54 70 82
54 70 118
54 70 122
54 70 126
54 70 130
54 70 134
54 70 138
54 70 142
54 70 146
54 70 182
54 70 186
54 74 10
54 74 14
54 74 18
54 74 54
54 74 58
54 74 62
54 74 66
54 74 70
54 74 74
54 74 78
54 74 82
54 74 118
54 74 122
54 74 126
54 74 130
54 74 134
54 74 138
54 74 142
54 74 146
54 74 182
54 74 186
54 78 10
54 78 14
54 78 18
54 78 54
54 78 58
54 78 62
54 78 66
54 78 70
54 78 74
54 78 78
54 78 82
54 78 118
54 78 122
54 78 126
54 78 130
54 78 134
54 78 138
54 78 142
54 78 146
54 78 182
54 78 186
54 82 10
54 82 14
54 82 18
54 82 54
54 82 58
54 82 62
54 82 66
54 82 70
54 82 74
54 82 78
54 82 82
54 82 118
54 82 122
54 82 126
54 82 130
54 82 134
54 82 138
54 82 142
54 82 146
54 82 182
54 82 186
54 118 10
54 118 14
54 118 18
54 118 54
54 118 58
54 118 62
54 118 66
54 118 70
54 118 74
54 118 78
54 118 82
54 118 118
54 118 122
54 118 126
54 118 130
54 118 134
54 118 138
54 118 142
54 118 146
54 118 182
54 118 186
54 122 10
54 122 14
54 122 18
54 122 54
54 122 58
54 122 62
54 122 66
54 122 70
54 122 74
54 122 78
54 122 82
54 122 118
54 122 122
54 122 126
54 122 130
54 122 134
54 122 138
54 122 142
54 122 146
54 122 182
54 122 186
54 126 10
54 126 14
54 126 18
54 126 54
54 126 58
54 126 62
54 126 66
54 126 70
54 126 74
54 126 78
54 126 82
54 126 118
54 126 122
54 126 126
54 126 130
54 126 134
54 126 138
54 126 142
54 126 146
54 126 182
54 126 186
54 130 10
54 130 14
54 130 18
54 130 54
54 130 58
54 130 62
54 130 66
54 130 70
54 130 74
54 130 78
54 130 82
54 130 118
54 130 122
54 130 126
54 130 130
54 130 134
54 130 138
54 130 142
54 130 146
54 130 182
54 130 186
54 134 10
54 134 14
54 134 18
54 134 54
54 134 58
54 134 62
54 134 66
54 134 70
54 134 74
54 134 78
54 134 82
54 134 118
54 134 122
54 134 126
54 134 130
54 134 134
54 134 138
54 134 142
54 134 146
54 134 182
54 134 186
54 138 10
54 138 14
54 138 18
54 138 54
54 138 58
54 138 62
54 138 66
54 138 70
54 138 74
54 138 78
54 138 82
54 138 118
54 138 122
54 138 126
54 138 130
54 138 134
54 138 138
54 138 142
54 138 146
54 138 182
54 138 186
54 142 10
54 142 14
54 142 18
54 142 54
54 142 58
54 142 62
54 142 66
54 142 70
54 142 74
54 142 78
54 142 82
54 142 118
54 142 122
54 142 126
54 142 130
54 142 134
54 142 138
54 142 142
54 142 146
54 142 182
54 142 186
54 146 10
54 146 14
54 146 18
54 146 54
54 146 58
54 146 62
54 146 66
54 146 70
54 146 74
54 146 78
54 146 82
54 146 118
54 146 122
54 146 126
54 146 130
54 146 134
54 146 138
54 146 142
54 146 146
54 146 182
54 146 186
54 182 10
54 182 14
54 182 18
54 182 54
54 182 58
54 182 62
54 182 66
54 182 70
54 182 74
54 182 78
54 182 82
54 182 118
54 182 122
54 182 126
54 182 130
54 182 134
54 182 138
54 182 142
54 182 146
54 182 182
54 182 186
54 186 10
54 186 14
54 186 18
54 186 54
54 186 58
54 186 62
54 186 66
54 186 70
54 186 74
54 186 78
54 186 82
54 186 118
54 186 122
54 186 126
54 186 130
54 186 134
54 186 138
54 186 142
54 186 146
54 186 182
54 186 186
58 10 10
58 10 14
58 10 18
58 10 54
58 10 58
58 10 62
58 10 66
58 10 70
58 10 74
58 10 78
58 10 82
58 10 118
58 10 122
58 10 126
58 10 130
58 10 134
58 10 138
58 10 142
58 10 146
58 10 182
58 10 186
58 14 10
58 14 14
58 14 18
58 14 54
58 14 58
58 14 62
58 14 66
58 14 70
58 14 74
58 14 78
58 14 82
58 14 118
58 14 122
58 14 126
58 14 130
58 14 134
58 14 138
58 14 142
58 14 146
58 14 182
58 14 186
58 18 10
58 18 14
58 18 18
58 18 54
58 18 58
58 18 62
58 18 66
58 18 70
58 18 74
58 18 78
58 18 82
58 18 118
58 18 122
58 18 126
58 18 130
58 18 134
58 18 138
58 18 142
58 18 146
58 18 182
58 18 186
58 54 10
58 54 14
58 54 18
58 54 54
58 54 58
58 54 62
58 54 66
58 54 70
58 54 74
58 54 78
58 54 82
58 54 118
58 54 122
58 54 126
58 54 130
58 54 134
58 54 138
58 54 142
58 54 146
58 54 182
58 54 186
58 58 10
58 58 14
58 58 18
58 58 54
58 58 58
58 58 62
58 58 66
58 58 70
58 58 74
58 58 78
58 58 82
58 58 118
58 58 122
58 58 126
58 58 130
58 58 134
58 58 138
58 58 142
58 58 146
58 58 182
58 58 186
58 62 10
58 62 14
58 62 18
58 62 54
58 62 58
58 62 62
58 62 66
58 62 70
58 62 74
58 62 78
58 62 82
58 62 118
58 62 122
58 62 126
58 62 130
58 62 134
58 62 138
58 62 142
58 62 146
58 62 182
58 62 186
58 66 10
58 66 14
58 66 18
58 66 54
58 66 58
58 66 62
58 66 66
58 66 70
58 66 74
58 66 78
58 66 82
58 66 118
58 66 122
58 66 126
58 66 130
58 66 134
58 66 138
58 66 142
58 66 146
58 66 182
58 66 186
58 70 10
58 70 14
58 70 18
58 70 54
58 70 58
58 70 62
58 70 66
58 70 70
58 70 74
58 70 78
58 70 82
58 70 118
58 70 122
58 70 126
58 70 130
58 70 134
58 70 138
58 70 142
58 70 146
58 70 182
58 70 186
58 74 10
58 74 14
58 74 18
58 74 54
58 74 58
58 74 62
58 74 66
58 74 70
58 74 74
58 74 78
58 74 82
58 74 118
58 74 122
58 74 126
58 74 130
58 74 134
58 74 138
58 74 142
58 74 146
58 74 182
58 74 186
58 78 10
58 78 14
58 78 18
58 78 54
58 78 58
58 78 62
58 78 66
58 78 70
58 78 74
58 78 78
58 78 82
58 78 118
58 78 122
58 78 126
58 78 130
58 78 134
58 78 138
58 78 142
58 78 146
58 78 182
58 78 186
58 82 10
58 82 14
58 82 18
58 82 54
58 82 58
58 82 62
58 82 66
58 82 70
58 82 74
58 82 78
58 82 82
58 82 118
58 82 122
58 82 126
58 82 130
58 82 134
58 82 138
58 82 142
58 82 146
58 82 182
58 82 186
58 118 10
58 118 14
58 118 18
58 118 54
58 118 58
58 118 62
58 118 66
58 118 70
58 118 74
58 118 78
58 118 82
58 118 118
58 118 122
58 118 126
58 118 130
58 118 134
58 118 138
58 118 142
58 118 146
58 118 182
58 118 186
58 122 10
58 122 14
58 122 18
58 122 54
58 122 58
58 122 62
58 122 66
58 122 70
58 122 74
58 122 78
58 122 82
58 122 118
58 122 122
58 122 126
58 122 130
58 122 134
58 122 138
58 122 142
58 122 146
58 122 182
58 122 186
58 126 10
58 126 14
58 126 18
58 126 54
58 126 58
58 126 62
58 126 66
58 126 70
58 126 74
58 126 78
58 126 82
58 126 118
58 126 122
58 126 126
58 126 130
58 126 134
58 126 138
58 126 142
58 126 146
58 126 182
58 126 186
58 130 10
58 130 14
58 130 18
58 130 54
58 130 58
58 130 62
58 130 66
58 130 70
58 130 74
58 130 78
58 130 82
58 130 118
58 130 122
58 130 126
58 130 130
58 130 134
58 130 138
58 130 142
58 130 146
58 130 182
58 130 186
58 134 10
58 134 14
58 134 18
58 134 54
58 134 58
58 134 62
58 134 66
58 134 70
58 134 74
58 134 78
58 134 82
58 134 118
58 134 122
58 134 126
58 134 130
58 134 134
58 134 138
58 134 142
58 134 146
58 134 182
58 134 186
58 138 10
58 138 14
58 138 18
58 138 54
58 138 58
58 138 62
58 138 66
58 138 70
58 138 74
58 138 78
58 138 82
58 138 118
58 138 122
58 138 126
58 138 130
58 138 134
58 138 138
58 138 142
58 138 146
58 138 182
58 138 186
58 142 10
58 142 14
58 142 18
58 142 54
58 142 58
58 142 62
58 142 66
58 142 70
58 142 74
58 142 78
58 142 82
58 142 118
58 142 122
58 142 126
58 142 130
58 142 134
58 142 138
58 142 142
58 142 146
58 142 182
58 142 186
58 146 10
58 146 14
58 146 18
58 146 54
58 146 58
58 146 62
58 146 66
58 146 70
58 146 74
58 146 78
58 146 82
58 146 118
58 146 122
58 146 126
58 146 130
58 146 134
58 146 138
58 146 142
58 146 146
58 146 182
58 146 186
58 182 10
58 182 14
58 182 18
58 182 54
58 182 58
58 182 62
58 182 66
58 182 70
58 182 74
58 182 78
58 182 82
58 182 118
58 182 122
58 182 126
58 182 130
58 182 134
58 182 138
58 182 142
58 182 146
58 182 182
58 182 186
58 186 10
58 186 14
58 186 18
58 186 54
58 186 58
58 186 62
58 186 66
58 186 70
58 186 74
58 186 78
58 186 82
58 186 118
58 186 122
58 186 126
58 186 130
58 186 134
58 186 138
58 186 142
58 186 146
58 186 182
58 186 186
62 10 10
62 10 14
62 10 18
62 10 54
62 10 58
62 10 62
62 10 66
62 10 70
62 10 74
62 10 78
62 10 82
62 10 118
62 10 122
62 10 126
62 10 130
62 10 134
62 10 138
62 10 142
62 10 146
62 10 182
62 10 186
62 14 10
62 14 14
62 14 18
62 14 54
62 14 58
62 14 62
62 14 66
62 14 70
62 14 74
62 14 78
62 14 82
62 14 118
62 14 122
62 14 126
62 14 130
62 14 134
62 14 138
62 14 142
62 14 146
62 14 182
62 14 186
62 18 10
62 18 14
62 18 18
62 18 54
62 18 58
62 18 62
62 18 66
62 18 70
62 18 74
62 18 78
62 18 82
62 18 118
62 18 122
62 18 126
62 18 130
62 18 134
62 18 138
62 18 142
62 18 146
62 18 182
62 18 186
62 54 10
62 54 14
62 54 18
62 54 54
62 54 58
62 54 62
62 54 66
62 54 70
62 54 74
62 54 78
62 54 82
62 54 118
62 54 122
62 54 126
62 54 130
62 54 134
62 54 138
62 54 142
62 54 146
62 54 182
62 54 186
62 58 10
62 58 14
62 58 18
62 58 54
62 58 58
62 58 62
62 58 66
62 58 70
62 58 74
62 58 78
62 58 82
62 58 118
62 58 122
62 58 126
62 58 130
62 58 134
62 58 138
62 58 142
62 58 146
62 58 182
62 58 186
62 62 10
62 62 14
62 62 18
62 62 54
62 62 58
62 62 62
62 62 66
62 62 70
62 62 74
62 62 78
62 62 82
62 62 118
62 62 122
62 62 126
62 62 130
62 62 134
62 62 138
62 62 142
62 62 146
62 62 182
62 62 186
62 66 10
62 66 14
62 66 18
62 66 54
62 66 58
62 66 62
62 66 66
62 66 70
62 66 74
62 66 78
62 66 82
62 66 118
62 66 122
62 66 126
62 66 130
62 66 134
62 66 138
62 66 142
62 66 146
62 66 182
62 66 186
62 70 10
62 70 14
62 70 18
62 70 54
62 70 58
62 70 62
62 70 66
62 70 70
62 70 74
62 70 78
62 70 82
62 70 118
62 70 122
62 70 126
62 70 130
62 70 134
62 70 138
62 70 142
62 70 146
62 70 182
62 70 186
62 74 10
62 74 14
62 74 18
62 74 54
62 74 58
62 74 62
62 74 66
62 74 70
62 74 74
62 74 78
62 74 82
62 74 118
62 74 122
62 74 126
62 74 130
62 74 134
62 74 138
62 74 142
62 74 146
62 74 182
62 74 186
62 78 10
62 78 14
62 78 18
62 78 54
62 78 58
62 78 62
62 78 66
62 78 70
62 78 74
62 78 78
62 78 82
62 78 118
62 78 122
62 78 126
62 78 130
62 78 134
62 78 138
62 78 142
62 78 146
62 78 182
62 78 186
62 82 10
62 82 14
62 82 18
62 82 54
62 82 58
62 82 62
62 82 66
62 82 70
62 82 74
62 82 78
62 82 82
62 82 118
62 82 122
62 82 126
62 82 130
62 82 134
62 82 138
62 82 142
62 82 146
62 82 182
62 82 186
62 118 10
62 118 14
62 118 18
62 118 54
62 118 58
62 118 62
62 118 66
62 118 70
62 118 74
62 118 78
62 118 82
62 118 118
62 118 122
62 118 126
62 118 130
62 118 134
62 118 138
62 118 142
62 118 146
62 118 182
62 118 186
62 122 10
62 122 14
62 122 18
62 122 54
62 122 58
62 122 62
62 122 66
62 122 70
62 122 74
62 122 78
62 122 82
62 122 118
62 122 122
62 122 126
62 122 130
62 122 134
62 122 138
62 122 142
62 122 146
62 122 182
62 122 186
62 126 10
62 126 14
62 126 18
62 126 54
62 126 58
62 126 62
62 126 66
62 126 70
62 126 74
62 126 78
62 126 82
62 126 118
62 126 122
62 126 126
62 126 130
62 126 134
62 126 138
62 126 142
62 126 146
62 126 182
62 126 186
62 130 10
62 130 14
62 130 18
62 130 54
62 130 58
62 130 62
62 130 66
62 130 70
62 130 74
62 130 78
62 130 82
62 130 118
62 130 122
62 130 126
62 130 130
62 130 134
62 130 138
62 130 142
62 130 146
62 130 182
62 130 186
62 134 10
62 134 14
62 134 18
62 134 54
62 134 58
62 134 62
62 134 66
62 134 70
62 134 74
62 134 78
62 134 82
62 134 118
62 134 122
62 134 126
62 134 130
62 134 134
62 134 138
62 134 142
62 134 146
62 134 182
62 134 186
62 138 10
62 138 14
62 138 18
62 138 54
62 138 58
62 138 62
62 138 66
62 138 70
62 138 74
62 138 78
62 138 82
62 138 118
62 138 122
62 138 126
62 138 130
62 138 134
62 138 138
62 138 142
62 138 146
62 138 182
62 138 186
62 142 10
62 142 14
62 142 18
62 142 54
62 142 58
62 142 62
62 142 66
62 142 70
62 142 74
62 142 78
62 142 82
62 142 118
62 142 122
62 142 126
62 142 130
62 142 134
62 142 138
62 142 142
62 142 146
62 142 182
62 142 186
62 146 10
62 146 14
62 146 18
62 146 54
62 146 58
62 146 62
62 146 66
62 146 70
62 146 74
62 146 78
62 146 82
62 146 118
62 146 122
62 146 126
62 146 130
62 146 134
62 146 138
62 146 142
62 146 146
62 146 182
62 146 186
62 182 10
62 182 14
62 182 18
62 182 54
62 182 58
62 182 62
62 182 66
62 182 70
62 182 74
62 182 78
62 182 82
62 182 118
62 182 122
62 182 126
62 182 130
62 182 134
62 182 138
62 182 142
62 182 146
62 182 182
62 182 186
62 186 10
62 186 14
62 186 18
62 186 54
62 186 58
62 186 62
62 186 66
62 186 70
62 186 74
62 186 78
62 186 82
62 186 118
62 186 122
62 186 126
62 186 130
62 186 134
62 186 138
62 186 142
62 186 146
62 186 182
62 186 186
66 10 10
66 10 14
66 10 18
66 10 54
66 10 58
66 10 62
66 10 66
66 10 70
66 10 74
66 10 78
66 10 82
66 10 118
66 10 122
66 10 126
66 10 130
66 10 134
66 10 138
66 10 142
66 10 146
66 10 182
66 10 186
66 14 10
66 14 14
66 14 18
66 14 54
66 14 58
66 14 62
66 14 66
66 14 70
66 14 74
66 14 78
66 14 82
66 14 118
66 14 122
66 14 126
66 14 130
66 14 134
66 14 138
66 14 142
66 14 146
66 14 182
66 14 186
66 18 10
66 18 14
66 18 18
66 18 54
66 18 58
66 18 62
66 18 66
66 18 70
66 18 74
66 18 78
66 18 82
66 18 118
66 18 122
66 18 126
66 18 130
66 18 134
66 18 138
66 18 142
66 18 146
66 18 182
66 18 186
66 54 10
66 54 14
66 54 18
66 54 54
66 54 58
66 54 62
66 54 66
66 54 70
66 54 74
66 54 78
66 54 82
66 54 118
66 54 122
66 54 126
66 54 130
66 54 134
66 54 138
66 54 142
66 54 146
66 54 182
66 54 186
66 58 10
66 58 14
66 58 18
66 58 54
66 58 58
66 58 62
66 58 66
66 58 70
66 58 74
66 58 78
66 58 82
66 58 118
66 58 122
66 58 126
66 58 130
66 58 134
66 58 138
66 58 142
66 58 146
66 58 182
66 58 186
66 62 10
66 62 14
66 62 18
66 62 54
66 62 58
66 62 62
66 62 66
66 62 70
66 62 74
66 62 78
66 62 82
66 62 118
66 62 122
66 62 126
66 62 130
66 62 134
66 62 138
66 62 142
66 62 146
66 62 182
66 62 186
66 66 10
66 66 14
66 66 18
66 66 54
66 66 58
66 66 62
66 66 66
66 66 70
66 66 74
66 66 78
66 66 82
66 66 118
66 66 122
66 66 126
66 66 130
66 66 134
66 66 138
66 66 142
66 66 146
66 66 182
66 66 186
66 70 10
66 70 14
66 70 18
66 70 54
66 70 58
66 70 62
66 70 66
66 70 70
66 70 74
66 70 78
66 70 82
66 70 118
66 70 122
66 70 126
66 70 130
66 70 134
66 70 138
66 70 142
66 70 146
66 70 182
66 70 186
66 74 10
66 74 14
66 74 18
66 74 54
66 74 58
66 74 62
66 74 66
66 74 70
66 74 74
66 74 78
66 74 82
66 74 118
66 74 122
66 74 126
66 74 130
66 74 134
66 74 138
66 74 142
66 74 146
66 74 182
66 74 186
66 78 10
66 78 14
66 78 18
66 78 54
66 78 58
66 78 62
66 78 66
66 78 70
66 78 74
66 78 78
66 78 82
66 78 118
66 78 122
66 78 126
66 78 130
66 78 134
66 78 138
66 78 142
66 78 146
66 78 182
66 78 186
66 82 10
66 82 14
66 82 18
66 82 54
66 82 58
66 82 62
66 82 66
66 82 70
66 82 74
66 82 78
66 82 82
66 82 118
66 82 122
66 82 126
66 82 130
66 82 134
66 82 138
66 82 142
66 82 146
66 82 182
66 82 186
66 118 10
66 118 14
66 118 18
66 118 54
66 118 58
66 118 62
66 118 66
66 118 70
66 118 74
66 118 78
66 118 82
66 118 118
66 118 122
66 118 126
66 118 130
66 118 134
66 118 138
66 118 142
66 118 146
66 118 182
66 118 186
66 122 10
66 122 14
66 122 18
66 122 54
66 122 58
66 122 62
66 122 66
66 122 70
66 122 74
66 122 78
66 122 82
66 122 118
66 122 122
66 122 126
66 122 130
66 122 134
66 122 138
66 122 142
66 122 146
66 122 182
66 122 186
66 126 10
66 126 14
66 126 18
66 126 54
66 126 58
66 126 62
66 126 66
66 126 70
66 126 74
66 126 78
66 126 82
66 126 118
66 126 122
66 126 126
66 126 130
66 126 134
66 126 138
66 126 142
66 126 146
66 126 182
66 126 186
66 130 10
66 130 14
66 130 18
66 130 54
66 130 58
66 130 62
66 130 66
66 130 70
66 130 74
66 130 78
66 130 82
66 130 118
66 130 122
66 130 126
66 130 130
66 130 134
66 130 138
66 130 142
66 130 146
66 130 182
66 130 186
66 134 10
66 134 14
66 134 18
66 134 54
66 134 58
66 134 62
66 134 66
66 134 70
66 134 74
66 134 78
66 134 82
66 134 118
66 134 122
66 134 126
66 134 130
66 134 134
66 134 138
66 134 142
66 134 146
66 134 182
66 134 186
66 138 10
66 138 14
66 138 18
66 138 54
66 138 58
66 138 62
66 138 66
66 138 70
66 138 74
66 138 78
66 138 82
66 138 118
66 138 122
66 138 126
66 138 130
66 138 134
66 138 138
66 138 142
66 138 146
66 138 182
66 138 186
66 142 10
66 142 14
66 142 18
66 142 54
66 142 58
66 142 62
66 142 66
66 142 70
66 142 74
66 142 78
66 142 82
66 142 118
66 142 122
66 142 126
66 142 130
66 142 134
66 142 138
66 142 142
66 142 146
66 142 182
66 142 186
66 146 10
66 146 14
66 146 18
66 146 54
66 146 58
66 146 62
66 146 66
66 146 70
66 146 74
66 146 78
66 146 82
66 146 118
66 146 122
66 146 126
66 146 130
66 146 134
66 146 138
66 146 142
66 146 146
66 146 182
66 146 186
66 182 10
66 182 14
66 182 18
66 182 54
66 182 58
66 182 62
66 182 66
66 182 70
66 182 74
66 182 78
66 182 82
66 182 118
66 182 122
66 182 126
66 182 130
66 182 134
66 182 138
66 182 142
66 182 146
66 182 182
66 182 186
66 186 10
66 186 14
66 186 18
66 186 54
66 186 58
66 186 62
66 186 66
66 186 70
66 186 74
66 186 78
66 186 82
66 186 118
66 186 122
66 186 126
66 186 130
66 186 134
66 186 138
66 186 142
66 186 146
66 186 182
66 186 186
70 10 10
70 10 14
70 10 18
70 10 54
70 10 58
70 10 62
70 10 66
70 10 70
70 10 74
70 10 78
70 10 82
70 10 118
70 10 122
70 10 126
70 10 130
70 10 134
70 10 138
70 10 142
70 10 146
70 10 182
70 10 186
70 14 10
70 14 14
70 14 18
70 14 54
70 14 58
70 14 62
70 14 66
70 14 70
70 14 74
70 14 78
70 14 82
70 14 118
70 14 122
70 14 126
70 14 130
70 14 134
70 14 138
70 14 142
70 14 146
70 14 182
70 14 186
70 18 10
70 18 14
70 18 18
70 18 54
70 18 58
70 18 62
70 18 66
70 18 70
70 18 74
70 18 78
70 18 82
70 18 118
70 18 122
70 18 126
70 18 130
70 18 134
70 18 138
70 18 142
70 18 146
70 18 182
70 18 186
70 54 10
70 54 14
70 54 18
70 54 54
70 54 58
70 54 62
70 54 66
70 54 70
70 54 74
70 54 78
70 54 82
70 54 118
70 54 122
70 54 126
70 54 130
70 54 134
70 54 138
70 54 142
70 54 146
70 54 182
70 54 186
70 58 10
70 58 14
70 58 18
70 58 54
70 58 58
70 58 62
70 58 66
70 58 70
70 58 74
70 58 78
70 58 82
70 58 118
70 58 122
70 58 126
70 58 130
70 58 134
70 58 138
70 58 142
70 58 146
70 58 182
70 58 186
70 62 10
70 62 14
70 62 18
70 62 54
70 62 58
70 62 62
70 62 66
70 62 70
70 62 74
70 62 78
70 62 82
70 62 118
70 62 122
70 62 126
70 62 130
70 62 134
70 62 138
70 62 142
70 62 146
70 62 182
70 62 186
70 66 10
70 66 14
70 66 18
70 66 54
70 66 58
70 66 62
70 66 66
70 66 70
70 66 74
70 66 78
70 66 82
70 66 118
70 66 122
70 66 126
70 66 130
70 66 134
70 66 138
70 66 142
70 66 146
70 66 182
70 66 186
70 70 10
70 70 14
70 70 18
70 70 54
70 70 58
70 70 62
70 70 66
70 70 70
70 70 74
70 70 78
70 70 82
70 70 118
70 70 122
70 70 126
70 70 130
70 70 134
70 70 138
70 70 142
70 70 146
70 70 182
70 70 186
70 74 10
70 74 14
70 74 18
70 74 54
70 74 58
70 74 62
70 74 66
70 74 70
70 74 74
70 74 78
70 74 82
70 74 118
70 74 122
70 74 126
70 74 130
70 74 134
70 74 138
70 74 142
70 74 146
70 74 182
70 74 186
70 78 10
70 78 14
70 78 18
70 78 54
70 78 58
70 78 62
70 78 66
70 78 70
70 78 74
70 78 78
70 78 82
70 78 118
70 78 122
70 78 126
70 78 130
70 78 134
70 78 138
70 78 142
70 78 146
70 78 182
70 78 186
70 82 10
70 82 14
70 82 18
70 82 54
70 82 58
70 82 62
70 82 66
70 82 70
70 82 74
70 82 78
70 82 82
70 82 118
70 82 122
70 82 126
70 82 130
70 82 134
70 82 138
70 82 142
70 82 146
70 82 182
70 82 186
70 118 10
70 118 14
70 118 18
70 118 54
70 118 58
70 118 62
70 118 66
70 118 70
70 118 74
70 118 78
70 118 82
70 118 118
70 118 122
70 118 126
70 118 130
70 118 134
70 118 138
70 118 142
70 118 146
70 118 182
70 118 186
70 122 10
70 122 14
70 122 18
70 122 54
70 122 58
70 122 62
70 122 66
70 122 70
70 122 74
70 122 78
70 122 82
70 122 118
70 122 122
70 122 126
70 122 130
70 122 134
70 122 138
70 122 142
70 122 146
70 122 182
70 122 186
70 126 10
70 126 14
70 126 18
70 126 54
70 126 58
70 126 62
70 126 66
70 126 70
70 126 74
70 126 78
70 126 82
70 126 118
70 126 122
70 126 126
70 126 130
70 126 134
70 126 138
70 126 142
70 126 146
70 126 182
70 126 186
70 130 10
70 130 14
70 130 18
70 130 54
70 130 58
70 130 62
70 130 66
70 130 70
70 130 74
70 130 78
70 130 82
70 130 118
70 130 122
70 130 126
70 130 130
70 130 134
70 130 138
70 130 142
70 130 146
70 130 182
70 130 186
70 134 10
70 134 14
70 134 18
70 134 54
70 134 58
70 134 62
70 134 66
70 134 70
70 134 74
70 134 78
70 134 82
70 134 118
70 134 122
70 134 126
70 134 130
70 134 134
70 134 138
70 134 142
70 134 146
70 134 182
70 134 186
70 138 10
70 138 14
70 138 18
70 138 54
70 138 58
70 138 62
70 138 66
70 138 70
70 138 74
70 138 78
70 138 82
70 138 118
70 138 122
70 138 126
70 138 130
70 138 134
70 138 138
70 138 142
70 138 146
70 138 182
70 138 186
70 142 10
70 142 14
70 142 18
70 142 54
70 142 58
70 142 62
70 142 66
70 142 70
70 142 74
70 142 78
70 142 82
70 142 118
70 142 122
70 142 126
70 142 130
70 142 134
70 142 138
70 142 142
70 142 146
70 142 182
70 142 186
70 146 10
70 146 14
70 146 18
70 146 54
70 146 58
70 146 62
70 146 66
70 146 70
70 146 74
70 146 78
70 146 82
70 146 118
70 146 122
70 146 126
70 146 130
70 146 134
70 146 138
70 146 142
70 146 146
70 146 182
70 146 186
70 182 10
70 182 14
70 182 18
70 182 54
70 182 58
70 182 62
70 182 66
70 182 70
70 182 74
70 182 78
70 182 82
70 182 118
70 182 122
70 182 126
70 182 130
70 182 134
70 182 138
70 182 142
70 182 146
70 182 182
70 182 186
70 186 10
70 186 14
70 186 18
70 186 54
70 186 58
70 186 62
70 186 66
70 186 70
70 186 74
70 186 78
70 186 82
70 186 118
70 186 122
70 186 126
70 186 130
70 186 134
70 186 138
70 186 142
70 186 146
70 186 182
70 186 186
74 10 10
74 10 14
74 10 18
74 10 54
74 10 58
74 10 62
74 10 66
74 10 70
74 10 74
74 10 78
74 10 82
74 10 118
74 10 122
74 10 126
74 10 130
74 10 134
74 10 138
74 10 142
74 10 146
74 10 182
74 10 186
74 14 10
74 14 14
74 14 18
74 14 54
74 14 58
74 14 62
74 14 66
74 14 70
74 14 74
74 14 78
74 14 82
74 14 118
74 14 122
74 14 126
74 14 130
74 14 134
74 14 138
74 14 142
74 14 146
74 14 182
74 14 186
74 18 10
74 18 14
74 18 18
74 18 54
74 18 58
74 18 62
74 18 66
74 18 70
74 18 74
74 18 78
74 18 82
74 18 118
74 18 122
74 18 126
74 18 130
74 18 134
74 18 138
74 18 142
74 18 146
74 18 182
74 18 186
74 54 10
74 54 14
74 54 18
74 54 54
74 54 58
74 54 62
74 54 66
74 54 70
74 54 74
74 54 78
74 54 82
74 54 118
74 54 122
74 54 126
74 54 130
74 54 134
74 54 138
74 54 142
74 54 146
74 54 182
74 54 186
74 58 10
74 58 14
74 58 18
74 58 54
74 58 58
74 58 62
74 58 66
74 58 70
74 58 74
74 58 78
74 58 82
74 58 118
74 58 122
74 58 126
74 58 130
74 58 134
74 58 138
74 58 142
74 58 146
74 58 182
74 58 186
74 62 10
74 62 14
74 62 18
74 62 54
74 62 58
74 62 62
74 62 66
74 62 70
74 62 74
74 62 78
74 62 82
74 62 118
74 62 122
74 62 126
74 62 130
74 62 134
74 62 138
74 62 142
74 62 146
74 62 182
74 62 186
74 66 10
74 66 14
74 66 18
74 66 54
74 66 58
74 66 62
74 66 66
74 66 70
74 66 74
74 66 78
74 66 82
74 66 118
74 66 122
74 66 126
74 66 130
74 66 134
74 66 138
74 66 142
74 66 146
74 66 182
74 66 186
74 70 10
74 70 14
74 70 18
74 70 54
74 70 58
74 70 62
74 70 66
74 70 70
74 70 74
74 70 78
74 70 82
74 70 118
74 70 122
74 70 126
74 70 130
74 70 134
74 70 138
74 70 142
74 70 146
74 70 182
74 70 186
74 74 10
74 74 14
74 74 18
74 74 54
74 74 58
74 74 62
74 74 66
74 74 70
74 74 74
74 74 78
74 74 82
74 74 118
74 74 122
74 74 126
74 74 130
74 74 134
74 74 138
74 74 142
74 74 146
74 74 182
74 74 186
74 78 10
74 78 14
74 78 18
74 78 54
74 78 58
74 78 62
74 78 66
74 78 70
74 78 74
74 78 78
74 78 82
74 78 118
74 78 122
74 78 126
74 78 130
74 78 134
74 78 138
74 78 142
74 78 146
74 78 182
74 78 186
74 82 10
74 82 14
74 82 18
74 82 54
74 82 58
74 82 62
74 82 66
74 82 70
74 82 74
74 82 78
74 82 82
74 82 118
74 82 122
74 82 126
74 82 130
74 82 134
74 82 138
74 82 142
74 82 146
74 82 182
74 82 186
74 118 10
74 118 14
74 118 18
74 118 54
74 118 58
74 118 62
74 118 66
74 118 70
74 118 74
74 118 78
74 118 82
74 118 118
74 118 122
74 118 126
74 118 130
74 118 134
74 118 138
74 118 142
74 118 146
74 118 182
74 118 186
74 122 10
74 122 14
74 122 18
74 122 54
74 122 58
74 122 62
74 122 66
74 122 70
74 122 74
74 122 78
74 122 82
74 122 118
74 122 122
74 122 126
74 122 130
74 122 134
74 122 138
74 122 142
74 122 146
74 122 182
74 122 186
74 126 10
74 126 14
74 126 18
74 126 54
74 126 58
74 126 62
74 126 66
74 126 70
74 126 74
74 126 78
74 126 82
74 126 118
74 126 122
74 126 126
74 126 130
74 126 134
74 126 138
74 126 142
74 126 146
74 126 182
74 126 186
74 130 10
74 130 14
74 130 18
74 130 54
74 130 58
74 130 62
74 130 66
74 130 70
74 130 74
74 130 78
74 130 82
74 130 118
74 130 122
74 130 126
74 130 130
74 130 134
74 130 138
74 130 142
74 130 146
74 130 182
74 130 186
74 134 10
74 134 14
74 134 18
74 134 54
74 134 58
74 134 62
74 134 66
74 134 70
74 134 74
74 134 78
74 134 82
74 134 118
74 134 122
74 134 126
74 134 130
74 134 134
74 134 138
74 134 142
74 134 146
74 134 182
74 134 186
74 138 10
74 138 14
74 138 18
74 138 54
74 138 58
74 138 62
74 138 66
74 138 70
74 138 74
74 138 78
74 138 82
74 138 118
74 138 122
74 138 126
74 138 130
74 138 134
74 138 138
74 138 142
74 138 146
74 138 182
74 138 186
74 142 10
74 142 14
74 142 18
74 142 54
74 142 58
74 142 62
74 142 66
74 142 70
74 142 74
74 142 78
74 142 82
74 142 118
74 142 122
74 142 126
74 142 130
74 142 134
74 142 138
74 142 142
74 142 146
74 142 182
74 142 186
74 146 10
74 146 14
74 146 18
74 146 54
74 146 58
74 146 62
74 146 66
74 146 70
74 146 74
74 146 78
74 146 82
74 146 118
74 146 122
74 146 126
74 146 130
74 146 134
74 146 138
74 146 142
74 146 146
74 146 182
74 146 186
74 182 10
74 182 14
74 182 18
74 182 54
74 182 58
74 182 62
74 182 66
74 182 70
74 182 74
74 182 78
74 182 82
74 182 118
74 182 122
74 182 126
74 182 130
74 182 134
74 182 138
74 182 142
74 182 146
74 182 182
74 182 186
74 186 10
74 186 14
74 186 18
74 186 54
74 186 58
74 186 62
74 186 66
74 186 70
74 186 74
74 186 78
74 186 82
74 186 118
74 186 122
74 186 126
74 186 130
74 186 134
74 186 138
74 186 142
74 186 146
74 186 182
74 186 186
78 10 10
78 10 14
78 10 18
78 10 54
78 10 58
78 10 62
78 10 66
78 10 70
78 10 74
78 10 78
78 10 82
78 10 118
78 10 122
78 10 126
78 10 130
78 10 134
78 10 138
78 10 142
78 10 146
78 10 182
78 10 186
78 14 10
78 14 14
78 14 18
78 14 54
78 14 58
78 14 62
78 14 66
78 14 70
78 14 74
78 14 78
78 14 82
78 14 118
78 14 122
78 14 126
78 14 130
78 14 134
78 14 138
78 14 142
78 14 146
78 14 182
78 14 186
78 18 10
78 18 14
78 18 18
78 18 54
78 18 58
78 18 62
78 18 66
78 18 70
78 18 74
78 18 78
78 18 82
78 18 118
78 18 122
78 18 126
78 18 130
78 18 134
78 18 138
78 18 142
78 18 146
78 18 182
78 18 186
78 54 10
78 54 14
78 54 18
78 54 54
78 54 58
78 54 62
78 54 66
78 54 70
78 54 74
78 54 78
78 54 82
78 54 118
78 54 122
78 54 126
78 54 130
78 54 134
78 54 138
78 54 142
78 54 146
78 54 182
78 54 186
78 58 10
78 58 14
78 58 18
78 58 54
78 58 58
78 58 62
78 58 66
78 58 70
78 58 74
78 58 78
78 58 82
78 58 118
78 58 122
78 58 126
78 58 130
78 58 134
78 58 138
78 58 142
78 58 146
78 58 182
78 58 186
78 62 10
78 62 14
78 62 18
78 62 54
78 62 58
78 62 62
78 62 66
78 62 70
78 62 74
78 62 78
78 62 82
78 62 118
78 62 122
78 62 126
78 62 130
78 62 134
78 62 138
78 62 142
78 62 146
78 62 182
78 62 186
78 66 10
78 66 14
78 66 18
78 66 54
78 66 58
78 66 62
78 66 66
78 66 70
78 66 74
78 66 78
78 66 82
78 66 118
78 66 122
78 66 126
78 66 130
78 66 134
78 66 138
78 66 142
78 66 146
78 66 182
78 66 186
78 70 10
78 70 14
78 70 18
78 70 54
78 70 58
78 70 62
78 70 66
78 70 70
78 70 74
78 70 78
78 70 82
78 70 118
78 70 122
78 70 126
78 70 130
78 70 134
78 70 138
78 70 142
78 70 146
78 70 182
78 70 186
78 74 10
78 74 14
78 74 18
78 74 54
78 74 58
78 74 62
78 74 66
78 74 70
78 74 74
78 74 78
78 74 82
78 74 118
78 74 122
78 74 126
78 74 130
78 74 134
78 74 138
78 74 142
78 74 146
78 74 182
78 74 186
78 78 10
78 78 14
78 78 18
78 78 54
78 78 58
78 78 62
78 78 66
78 78 70
78 78 74
78 78 78
78 78 82
78 78 118
78 78 122
78 78 126
78 78 130
78 78 134
78 78 138
78 78 142
78 78 146
78 78 182
78 78 186
78 82 10
78 82 14
78 82 18
78 82 54
78 82 58
78 82 62
78 82 66
78 82 70
78 82 74
78 82 78
78 82 82
78 82 118
78 82 122
78 82 126
78 82 130
78 82 134
78 82 138
78 82 142
78 82 146
78 82 182
78 82 186
78 118 10
78 118 14
78 118 18
78 118 54
78 118 58
78 118 62
78 118 66
78 118 70
78 118 74
78 118 78
78 118 82
78 118 118
78 118 122
78 118 126
78 118 130
78 118 134
78 118 138
78 118 142
78 118 146
78 118 182
78 118 186
78 122 10
78 122 14
78 122 18
78 122 54
78 122 58
78 122 62
78 122 66
78 122 70
78 122 74
78 122 78
78 122 82
78 122 118
78 122 122
78 122 126
78 122 130
78 122 134
78 122 138
78 122 142
78 122 146
78 122 182
78 122 186
78 126 10
78 126 14
78 126 18
78 126 54
78 126 58
78 126 62
78 126 66
78 126 70
78 126 74
78 126 78
78 126 82
78 126 118
78 126 122
78 126 126
78 126 130
78 126 134
78 126 138
78 126 142
78 126 146
78 126 182
78 126 186
78 130 10
78 130 14
78 130 18
78 130 54
78 130 58
78 130 62
78 130 66
78 130 70
78 130 74
78 130 78
78 130 82
78 130 118
78 130 122
78 130 126
78 130 130
78 130 134
78 130 138
78 130 142
78 130 146
78 130 182
78 130 186
78 134 10
78 134 14
78 134 18
78 134 54
78 134 58
78 134 62
78 134 66
78 134 70
78 134 74
78 134 78
78 134 82
78 134 118
78 134 122
78 134 126
78 134 130
78 134 134
78 134 138
78 134 142
78 134 146
78 134 182
78 134 186
78 138 10
78 138 14
78 138 18
78 138 54
78 138 58
78 138 62
78 138 66
78 138 70
78 138 74
78 138 78
78 138 82
78 138 118
78 138 122
78 138 126
78 138 130
78 138 134
78 138 138
78 138 142
78 138 146
78 138 182
78 138 186
78 142 10
78 142 14
78 142 18
78 142 54
78 142 58
78 142 62
78 142 66
78 142 70
78 142 74
78 142 78
78 142 82
78 142 118
78 142 122
78 142 126
78 142 130
78 142 134
78 142 138
78 142 142
78 142 146
78 142 182
78 142 186
78 146 10
78 146 14
78 146 18
78 146 54
78 146 58
78 146 62
78 146 66
78 146 70
78 146 74
78 146 78
78 146 82
78 146 118
78 146 122
78 146 126
78 146 130
78 146 134
78 146 138
78 146 142
78 146 146
78 146 182
78 146 186
78 182 10
78 182 14
78 182 18
78 182 54
78 182 58
78 182 62
78 182 66
78 182 70
78 182 74
78 182 78
78 182 82
78 182 118
78 182 122
78 182 126
78 182 130
78 182 134
78 182 138
78 182 142
78 182 146
78 182 182
78 182 186
78 186 10
78 186 14
78 186 18
78 186 54
78 186 58
78 186 62
78 186 66
78 186 70
78 186 74
78 186 78
78 186 82
78 186 118
78 186 122
78 186 126
78 186 130
78 186 134
78 186 138
78 186 142
78 186 146
78 186 182
78 186 186
82 10 10
82 10 14
82 10 18
82 10 54
82 10 58
82 10 62
82 10 66
82 10 70
82 10 74
82 10 78
82 10 82
82 10 118
82 10 122
82 10 126
82 10 130
82 10 134
82 10 138
82 10 142
82 10 146
82 10 182
82 10 186
82 14 10
82 14 14
82 14 18
82 14 54
82 14 58
82 14 62
82 14 66
82 14 70
82 14 74
82 14 78
82 14 82
82 14 118
82 14 122
82 14 126
82 14 130
82 14 134
82 14 138
82 14 142
82 14 146
82 14 182
82 14 186
82 18 10
82 18 14
82 18 18
82 18 54
82 18 58
82 18 62
82 18 66
82 18 70
82 18 74
82 18 78
82 18 82
82 18 118
82 18 122
82 18 126
82 18 130
82 18 134
82 18 138
82 18 142
82 18 146
82 18 182
82 18 186
82 54 10
82 54 14
82 54 18
82 54 54
82 54 58
82 54 62
82 54 66
82 54 70
82 54 74
82 54 78
82 54 82
82 54 118
82 54 122
82 54 126
82 54 130
82 54 134
82 54 138
82 54 142
82 54 146
82 54 182
82 54 186
82 58 10
82 58 14
82 58 18
82 58 54
82 58 58
82 58 62
82 58 66
82 58 70
82 58 74
82 58 78
82 58 82
82 58 118
82 58 122
82 58 126
82 58 130
82 58 134
82 58 138
82 58 142
82 58 146
82 58 182
82 58 186
82 62 10
82 62 14
82 62 18
82 62 54
82 62 58
82 62 62
82 62 66
82 62 70
82 62 74
82 62 78
82 62 82
82 62 118
82 62 122
82 62 126
82 62 130
82 62 134
82 62 138
82 62 142
82 62 146
82 62 182
82 62 186
82 66 10
82 66 14
82 66 18
82 66 54
82 66 58
82 66 62
82 66 66
82 66 70
82 66 74
82 66 78
82 66 82
82 66 118
82 66 122
82 66 126
82 66 130
82 66 134
82 66 138
82 66 142
82 66 146
82 66 182
82 66 186
82 70 10
82 70 14
82 70 18
82 70 54
82 70 58
82 70 62
82 70 66
82 70 70
82 70 74
82 70 78
82 70 82
82 70 118
82 70 122
82 70 126
82 70 130
82 70 134
82 70 138
82 70 142
82 70 146
82 70 182
82 70 186
82 74 10
82 74 14
82 74 18
82 74 54
82 74 58
82 74 62
82 74 66
82 74 70
82 74 74
82 74 78
82 74 82
82 74 118
82 74 122
82 74 126
82 74 130
82 74 134
82 74 138
82 74 142
82 74 146
82 74 182
82 74 186
82 78 10
82 78 14
82 78 18
82 78 54
82 78 58
82 78 62
82 78 66
82 78 70
82 78 74
82 78 78
82 78 82
82 78 118
82 78 122
82 78 126
82 78 130
82 78 134
82 78 138
82 78 142
82 78 146
82 78 182
82 78 186
82 82 10
82 82 14
82 82 18
82 82 54
82 82 58
82 82 62
82 82 66
82 82 70
82 82 74
82 82 78
82 82 82
82 82 118
82 82 122
82 82 126
82 82 130
82 82 134
82 82 138
82 82 142
82 82 146
82 82 182
82 82 186
82 118 10
82 118 14
82 118 18
82 118 54
82 118 58
82 118 62
82 118 66
82 118 70
82 118 74
82 118 78
82 118 82
82 118 118
82 118 122
82 118 126
82 118 130
82 118 134
82 118 138
82 118 142
82 118 146
82 118 182
82 118 186
82 122 10
82 122 14
82 122 18
82 122 54
82 122 58
82 122 62
82 122 66
82 122 70
82 122 74
82 122 78
82 122 82
82 122 118
82 122 122
82 122 126
82 122 130
82 122 134
82 122 138
82 122 142
82 122 146
82 122 182
82 122 186
82 126 10
82 126 14
82 126 18
82 126 54
82 126 58
82 126 62
82 126 66
82 126 70
82 126 74
82 126 78
82 126 82
82 126 118
82 126 122
82 126 126
82 126 130
82 126 134
82 126 138
82 126 142
82 126 146
82 126 182
82 126 186
82 130 10
82 130 14
82 130 18
82 130 54
82 130 58
82 130 62
82 130 66
82 130 70
82 130 74
82 130 78
82 130 82
82 130 118
82 130 122
82 130 126
82 130 130
82 130 134
82 130 138
82 130 142
82 130 146
82 130 182
82 130 186
82 134 10
82 134 14
82 134 18
82 134 54
82 134 58
82 134 62
82 134 66
82 134 70
82 134 74
82 134 78
82 134 82
82 134 118
82 134 122
82 134 126
82 134 130
82 134 134
82 134 138
82 134 142
82 134 146
82 134 182
82 134 186
82 138 10
82 138 14
82 138 18
82 138 54
82 138 58
82 138 62
82 138 66
82 138 70
82 138 74
82 138 78
82 138 82
82 138 118
82 138 122
82 138 126
82 138 130
82 138 134
82 138 138
82 138 142
82 138 146
82 138 182
82 138 186
82 142 10
82 142 14
82 142 18
82 142 54
82 142 58
82 142 62
82 142 66
82 142 70
82 142 74
82 142 78
82 142 82
82 142 118
82 142 122
82 142 126
82 142 130
82 142 134
82 142 138
82 142 142
82 142 146
82 142 182
82 142 186
82 146 10
82 146 14
82 146 18
82 146 54
82 146 58
82 146 62
82 146 66
82 146 70
82 146 74
82 146 78
82 146 82
82 146 118
82 146 122
82 146 126
82 146 130
82 146 134
82 146 138
82 146 142
82 146 146
82 146 182
82 146 186
82 182 10
82 182 14
82 182 18
82 182 54
82 182 58
82 182 62
82 182 66
82 182 70
82 182 74
82 182 78
82 182 82
82 182 118
82 182 122
82 182 126
82 182 130
82 182 134
82 182 138
82 182 142
82 182 146
82 182 182
82 182 186
82 186 10
82 186 14
82 186 18
82 186 54
82 186 58
82 186 62
82 186 66
82 186 70
82 186 74
82 186 78
82 186 82
82 186 118
82 186 122
82 186 126
82 186 130
82 186 134
82 186 138
82 186 142
82 186 146
82 186 182
82 186 186
118 10 10
118 10 14
118 10 18
118 10 54
118 10 58
118 10 62
118 10 66
118 10 70
118 10 74
118 10 78
118 10 82
118 10 118
118 10 122
118 10 126
118 10 130
118 10 134
118 10 138
118 10 142
118 10 146
118 10 182
118 10 186
118 14 10
118 14 14
118 14 18
118 14 54
118 14 58
118 14 62
118 14 66
118 14 70
118 14 74
118 14 78
118 14 82
118 14 118
118 14 122
118 14 126
118 14 130
118 14 134
118 14 138
118 14 142
118 14 146
118 14 182
118 14 186
118 18 10
118 18 14
118 18 18
118 18 54
118 18 58
118 18 62
118 18 66
118 18 70
118 18 74
118 18 78
118 18 82
118 18 118
118 18 122
118 18 126
118 18 130
118 18 134
118 18 138
118 18 142
118 18 146
118 18 182
118 18 186
118 54 10
118 54 14
118 54 18
118 54 54
118 54 58
118 54 62
118 54 66
118 54 70
118 54 74
118 54 78
118 54 82
118 54 118
118 54 122
118 54 126
118 54 130
118 54 134
118 54 138
118 54 142
118 54 146
118 54 182
118 54 186
118 58 10
118 58 14
118 58 18
118 58 54
118 58 58
118 58 62
118 58 66
118 58 70
118 58 74
118 58 78
118 58 82
118 58 118
118 58 122
118 58 126
118 58 130
118 58 134
118 58 138
118 58 142
118 58 146
118 58 182
118 58 186
118 62 10
118 62 14
118 62 18
118 62 54
118 62 58
118 62 62
118 62 66
118 62 70
118 62 74
118 62 78
118 62 82
118 62 118
118 62 122
118 62 126
118 62 130
118 62 134
118 62 138
118 62 142
118 62 146
118 62 182
118 62 186
118 66 10
118 66 14
118 66 18
118 66 54
118 66 58
118 66 62
118 66 66
118 66 70
118 66 74
118 66 78
118 66 82
118 66 118
118 66 122
118 66 126
118 66 130
118 66 134
118 66 138
118 66 142
118 66 146
118 66 182
118 66 186
118 70 10
118 70 14
118 70 18
118 70 54
118 70 58
118 70 62
118 70 66
118 70 70
118 70 74
118 70 78
118 70 82
118 70 118
118 70 122
118 70 126
118 70 130
118 70 134
118 70 138
118 70 142
118 70 146
118 70 182
118 70 186
118 74 10
118 74 14
118 74 18
118 74 54
118 74 58
118 74 62
118 74 66
118 74 70
118 74 74
118 74 78
118 74 82
118 74 118
118 74 122
118 74 126
118 74 130
118 74 134
118 74 138
118 74 142
118 74 146
118 74 182
118 74 186
118 78 10
118 78 14
118 78 18
118 78 54
118 78 58
118 78 62
118 78 66
118 78 70
118 78 74
118 78 78
118 78 82
118 78 118
118 78 122
118 78 126
118 78 130
118 78 134
118 78 138
118 78 142
118 78 146
118 78 182
118 78 186
118 82 10
118 82 14
118 82 18
118 82 54
118 82 58
118 82 62
118 82 66
118 82 70
118 82 74
118 82 78
118 82 82
118 82 118
118 82 122
118 82 126
118 82 130
118 82 134
118 82 138
118 82 142
118 82 146
118 82 182
118 82 186
118 118 10
118 118 14
118 118 18
118 118 54
118 118 58
118 118 62
118 118 66
118 118 70
118 118 74
118 118 78
118 118 82
118 118 118
118 118 122
118 118 126
118 118 130
118 118 134
118 118 138
118 118 142
118 118 146
118 118 182
118 118 186
118 122 10
118 122 14
118 122 18
118 122 54
118 122 58
118 122 62
118 122 66
118 122 70
118 122 74
118 122 78
118 122 82
118 122 118
118 122 122
118 122 126
118 122 130
118 122 134
118 122 138
118 122 142
118 122 146
118 122 182
118 122 186
118 126 10
118 126 14
118 126 18
118 126 54
118 126 58
118 126 62
118 126 66
118 126 70
118 126 74
118 126 78
118 126 82
118 126 118
118 126 122
118 126 126
118 126 130
118 126 134
118 126 138
118 126 142
118 126 146
118 126 182
118 126 186
118 130 10
118 130 14
118 130 18
118 130 54
118 130 58
118 130 62
118 130 66
118 130 70
118 130 74
118 130 78
118 130 82
118 130 118
118 130 122
118 130 126
118 130 130
118 130 134
118 130 138
118 130 142
118 130 146
118 130 182
118 130 186
118 134 10
118 134 14
118 134 18
118 134 54
118 134 58
118 134 62
118 134 66
118 134 70
118 134 74
118 134 78
118 134 82
118 134 118
118 134 122
118 134 126
118 134 130
118 134 134
118 134 138
118 134 142
118 134 146
118 134 182
118 134 186
118 138 10
118 138 14
118 138 18
118 138 54
118 138 58
118 138 62
118 138 66
118 138 70
118 138 74
118 138 78
118 138 82
118 138 118
118 138 122
118 138 126
118 138 130
118 138 134
118 138 138
118 138 142
118 138 146
118 138 182
118 138 186
118 142 10
118 142 14
118 142 18
118 142 54
118 142 58
118 142 62
118 142 66
118 142 70
118 142 74
118 142 78
118 142 82
118 142 118
118 142 122
118 142 126
118 142 130
118 142 134
118 142 138
118 142 142
118 142 146
118 142 182
118 142 186
118 146 10
118 146 14
118 146 18
118 146 54
118 146 58
118 146 62
118 146 66
118 146 70
118 146 74
118 146 78
118 146 82
118 146 118
118 146 122
118 146 126
118 146 130
118 146 134
118 146 138
118 146 142
118 146 146
118 146 182
118 146 186
118 182 10
118 182 14
118 182 18
118 182 54
118 182 58
118 182 62
118 182 66
118 182 70
118 182 74
118 182 78
118 182 82
118 182 118
118 182 122
118 182 126
118 182 130
118 182 134
118 182 138
118 182 142
118 182 146
118 182 182
118 182 186
118 186 10
118 186 14
118 186 18
118 186 54
118 186 58
118 186 62
118 186 66
118 186 70
118 186 74
118 186 78
118 186 82
118 186 118
118 186 122
118 186 126
118 186 130
118 186 134
118 186 138
118 186 142
118 186 146
118 186 182
118 186 186
122 10 10
122 10 14
122 10 18
122 10 54
122 10 58
122 10 62
122 10 66
122 10 70
122 10 74
122 10 78
122 10 82
122 10 118
122 10 122
122 10 126
122 10 130
122 10 134
122 10 138
122 10 142
122 10 146
122 10 182
122 10 186
122 14 10
122 14 14
122 14 18
122 14 54
122 14 58
122 14 62
122 14 66
122 14 70
122 14 74
122 14 78
122 14 82
122 14 118
122 14 122
122 14 126
122 14 130
122 14 134
122 14 138
122 14 142
122 14 146
122 14 182
122 14 186
122 18 10
122 18 14
122 18 18
122 18 54
122 18 58
122 18 62
122 18 66
122 18 70
122 18 74
122 18 78
122 18 82
122 18 118
122 18 122
122 18 126
122 18 130
122 18 134
122 18 138
122 18 142
122 18 146
122 18 182
122 18 186
122 54 10
122 54 14
122 54 18
122 54 54
122 54 58
122 54 62
122 54 66
122 54 70
122 54 74
122 54 78
122 54 82
122 54 118
122 54 122
122 54 126
122 54 130
122 54 134
122 54 138
122 54 142
122 54 146
122 54 182
122 54 186
122 58 10
122 58 14
122 58 18
122 58 54
122 58 58
122 58 62
122 58 66
122 58 70
122 58 74
122 58 78
122 58 82
122 58 118
122 58 122
122 58 126
122 58 130
122 58 134
122 58 138
122 58 142
122 58 146
122 58 182
122 58 186
122 62 10
122 62 14
122 62 18
122 62 54
122 62 58
122 62 62
122 62 66
122 62 70
122 62 74
122 62 78
122 62 82
122 62 118
122 62 122
122 62 126
122 62 130
122 62 134
122 62 138
122 62 142
122 62 146
122 62 182
122 62 186
122 66 10
122 66 14
122 66 18
122 66 54
122 66 58
122 66 62
122 66 66
122 66 70
122 66 74
122 66 78
122 66 82
122 66 118
122 66 122
122 66 126
122 66 130
122 66 134
122 66 138
122 66 142
122 66 146
122 66 182
122 66 186
122 70 10
122 70 14
122 70 18
122 70 54
122 70 58
122 70 62
122 70 66
122 70 70
122 70 74
122 70 78
122 70 82
122 70 118
122 70 122
122 70 126
122 70 130
122 70 134
122 70 138
122 70 142
122 70 146
122 70 182
122 70 186
122 74 10
122 74 14
122 74 18
122 74 54
122 74 58
122 74 62
122 74 66
122 74 70
122 74 74
122 74 78
122 74 82
122 74 118
122 74 122
122 74 126
122 74 130
122 74 134
122 74 138
122 74 142
122 74 146
122 74 182
122 74 186
122 78 10
122 78 14
122 78 18
122 78 54
122 78 58
122 78 62
122 78 66
122 78 70
122 78 74
122 78 78
122 78 82
122 78 118
122 78 122
122 78 126
122 78 130
122 78 134
122 78 138
122 78 142
122 78 146
122 78 182
122 78 186
122 82 10
122 82 14
122 82 18
122 82 54
122 82 58
122 82 62
122 82 66
122 82 70
122 82 74
122 82 78
122 82 82
122 82 118
122 82 122
122 82 126
122 82 130
122 82 134
122 82 138
122 82 142
122 82 146
122 82 182
122 82 186
122 118 10
122 118 14
122 118 18
122 118 54
122 118 58
122 118 62
122 118 66
122 118 70
122 118 74
122 118 78
122 118 82
122 118 118
122 118 122
122 118 126
122 118 130
122 118 134
122 118 138
122 118 142
122 118 146
122 118 182
122 118 186
122 122 10
122 122 14
122 122 18
122 122 54
122 122 58
122 122 62
122 122 66
122 122 70
122 122 74
122 122 78
122 122 82
122 122 118
122 122 122
122 122 126
122 122 130
122 122 134
122 122 138
122 122 142
122 122 146
122 122 182
122 122 186
122 126 10
122 126 14
122 126 18
122 126 54
122 126 58
122 126 62
122 126 66
122 126 70
122 126 74
122 126 78
122 126 82
122 126 118
122 126 122
122 126 126
122 126 130
122 126 134
122 126 138
122 126 142
122 126 146
122 126 182
122 126 186
122 130 10
122 130 14
122 130 18
122 130 54
122 130 58
122 130 62
122 130 66
122 130 70
122 130 74
122 130 78
122 130 82
122 130 118
122 130 122
122 130 126
122 130 130
122 130 134
122 130 138
122 130 142
122 130 146
122 130 182
122 130 186
122 134 10
122 134 14
122 134 18
122 134 54
122 134 58
122 134 62
122 134 66
122 134 70
122 134 74
122 134 78
122 134 82
122 134 118
122 134 122
122 134 126
122 134 130
122 134 134
122 134 138
122 134 142
122 134 146
122 134 182
122 134 186
122 138 10
122 138 14
122 138 18
122 138 54
122 138 58
122 138 62
122 138 66
122 138 70
122 138 74
122 138 78
122 138 82
122 138 118
122 138 122
122 138 126
122 138 130
122 138 134
122 138 138
122 138 142
122 138 146
122 138 182
122 138 186
122 142 10
122 142 14
122 142 18
122 142 54
122 142 58
122 142 62
122 142 66
122 142 70
122 142 74
122 142 78
122 142 82
122 142 118
122 142 122
122 142 126
122 142 130
122 142 134
122 142 138
122 142 142
122 142 146
122 142 182
122 142 186
122 146 10
122 146 14
122 146 18
122 146 54
122 146 58
122 146 62
122 146 66
122 146 70
122 146 74
122 146 78
122 146 82
122 146 118
122 146 122
122 146 126
122 146 130
122 146 134
122 146 138
122 146 142
122 146 146
122 146 182
122 146 186
122 182 10
122 182 14
122 182 18
122 182 54
122 182 58
122 182 62
122 182 66
122 182 70
122 182 74
122 182 78
122 182 82
122 182 118
122 182 122
122 182 126
122 182 130
122 182 134
122 182 138
122 182 142
122 182 146
122 182 182
122 182 186
122 186 10
122 186 14
122 186 18
122 186 54
122 186 58
122 186 62
122 186 66
122 186 70
122 186 74
122 186 78
122 186 82
122 186 118
122 186 122
122 186 126
122 186 130
122 186 134
122 186 138
122 186 142
122 186 146
122 186 182
122 186 186
126 10 10
126 10 14
126 10 18
126 10 54
126 10 58
126 10 62
126 10 66
126 10 70
126 10 74
126 10 78
126 10 82
126 10 118
126 10 122
126 10 126
126 10 130
126 10 134
126 10 138
126 10 142
126 10 146
126 10 182
126 10 186
126 14 10
126 14 14
126 14 18
126 14 54
126 14 58
126 14 62
126 14 66
126 14 70
126 14 74
126 14 78
126 14 82
126 14 118
126 14 122
126 14 126
126 14 130
126 14 134
126 14 138
126 14 142
126 14 146
126 14 182
126 14 186
126 18 10
126 18 14
126 18 18
126 18 54
126 18 58
126 18 62
126 18 66
126 18 70
126 18 74
126 18 78
126 18 82
126 18 118
126 18 122
126 18 126
126 18 130
126 18 134
126 18 138
126 18 142
126 18 146
126 18 182
126 18 186
126 54 10
126 54 14
126 54 18
126 54 54
126 54 58
126 54 62
126 54 66
126 54 70
126 54 74
126 54 78
126 54 82
126 54 118
126 54 122
126 54 126
126 54 130
126 54 134
126 54 138
126 54 142
126 54 146
126 54 182
126 54 186
126 58 10
126 58 14
126 58 18
126 58 54
126 58 58
126 58 62
126 58 66
126 58 70
126 58 74
126 58 78
126 58 82
126 58 118
126 58 122
126 58 126
126 58 130
126 58 134
126 58 138
126 58 142
126 58 146
126 58 182
126 58 186
126 62 10
126 62 14
126 62 18
126 62 54
126 62 58
126 62 62
126 62 66
126 62 70
126 62 74
126 62 78
126 62 82
126 62 118
126 62 122
126 62 126
126 62 130
126 62 134
126 62 138
126 62 142
126 62 146
126 62 182
126 62 186
126 66 10
126 66 14
126 66 18
126 66 54
126 66 58
126 66 62
126 66 66
126 66 70
126 66 74
126 66 78
126 66 82
126 66 118
126 66 122
126 66 126
126 66 130
126 66 134
126 66 138
126 66 142
126 66 146
126 66 182
126 66 186
126 70 10
126 70 14
126 70 18
126 70 54
126 70 58
126 70 62
126 70 66
126 70 70
126 70 74
126 70 78
126 70 82
126 70 118
126 70 122
126 70 126
126 70 130
126 70 134
126 70 138
126 70 142
126 70 146
126 70 182
126 70 186
126 74 10
126 74 14
126 74 18
126 74 54
126 74 58
126 74 62
126 74 66
126 74 70
126 74 74
126 74 78
126 74 82
126 74 118
126 74 122
126 74 126
126 74 130
126 74 134
126 74 138
126 74 142
126 74 146
126 74 182
126 74 186
126 78 10
126 78 14
126 78 18
126 78 54
126 78 58
126 78 62
126 78 66
126 78 70
126 78 74
126 78 78
126 78 82
126 78 118
126 78 122
126 78 126
126 78 130
126 78 134
126 78 138
126 78 142
126 78 146
126 78 182
126 78 186
126 82 10
126 82 14
126 82 18
126 82 54
126 82 58
126 82 62
126 82 66
126 82 70
126 82 74
126 82 78
126 82 82
126 82 118
126 82 122
126 82 126
126 82 130
126 82 134
126 82 138
126 82 142
126 82 146
126 82 182
126 82 186
126 118 10
126 118 14
126 118 18
126 118 54
126 118 58
126 118 62
126 118 66
126 118 70
126 118 74
126 118 78
126 118 82
126 118 118
126 118 122
126 118 126
126 118 130
126 118 134
126 118 138
126 118 142
126 118 146
126 118 182
126 118 186
126 122 10
126 122 14
126 122 18
126 122 54
126 122 58
126 122 62
126 122 66
126 122 70
126 122 74
126 122 78
126 122 82
126 122 118
126 122 122
126 122 126
126 122 130
126 122 134
126 122 138
126 122 142
126 122 146
126 122 182
126 122 186
126 126 10
126 126 14
126 126 18
126 126 54
126 126 58
126 126 62
126 126 66
126 126 70
126 126 74
126 126 78
126 126 82
126 126 118
126 126 122
126 126 126
126 126 130
126 126 134
126 126 138
126 126 142
126 126 146
126 126 182
126 126 186
126 130 10
126 130 14
126 130 18
126 130 54
126 130 58
126 130 62
126 130 66
126 130 70
126 130 74
126 130 78
126 130 82
126 130 118
126 130 122
126 130 126
126 130 130
126 130 134
126 130 138
126 130 142
126 130 146
126 130 182
126 130 186
126 134 10
126 134 14
126 134 18
126 134 54
126 134 58
126 134 62
126 134 66
126 134 70
126 134 74
126 134 78
126 134 82
126 134 118
126 134 122
126 134 126
126 134 130
126 134 134
126 134 138
126 134 142
126 134 146
126 134 182
126 134 186
126 138 10
126 138 14
126 138 18
126 138 54
126 138 58
126 138 62
126 138 66
126 138 70
126 138 74
126 138 78
126 138 82
126 138 118
126 138 122
126 138 126
126 138 130
126 138 134
126 138 138
126 138 142
126 138 146
126 138 182
126 138 186
126 142 10
126 142 14
126 142 18
126 142 54
126 142 58
126 142 62
126 142 66
126 142 70
126 142 74
126 142 78
126 142 82
126 142 118
126 142 122
126 142 126
126 142 130
126 142 134
126 142 138
126 142 142
126 142 146
126 142 182
126 142 186
126 146 10
126 146 14
126 146 18
126 146 54
126 146 58
126 146 62
126 146 66
126 146 70
126 146 74
126 146 78
126 146 82
126 146 118
126 146 122
126 146 126
126 146 130
126 146 134
126 146 138
126 146 142
126 146 146
126 146 182
126 146 186
126 182 10
126 182 14
126 182 18
126 182 54
126 182 58
126 182 62
126 182 66
126 182 70
126 182 74
126 182 78
126 182 82
126 182 118
126 182 122
126 182 126
126 182 130
126 182 134
126 182 138
126 182 142
126 182 146
126 182 182
126 182 186
126 186 10
126 186 14
126 186 18
126 186 54
126 186 58
126 186 62
126 186 66
126 186 70
126 186 74
126 186 78
126 186 82
126 186 118
126 186 122
126 186 126
126 186 130
126 186 134
126 186 138
126 186 142
126 186 146
126 186 182
126 186 186
130 10 10
130 10 14
130 10 18
130 10 54
130 10 58
130 10 62
130 10 66
130 10 70
130 10 74
130 10 78
130 10 82
130 10 118
130 10 122
130 10 126
130 10 130
130 10 134
130 10 138
130 10 142
130 10 146
130 10 182
130 10 186
130 14 10
130 14 14
130 14 18
130 14 54
130 14 58
130 14 62
130 14 66
130 14 70
130 14 74
130 14 78
130 14 82
130 14 118
130 14 122
130 14 126
130 14 130
130 14 134
130 14 138
130 14 142
130 14 146
130 14 182
130 14 186
130 18 10
130 18 14
130 18 18
130 18 54
130 18 58
130 18 62
130 18 66
130 18 70
130 18 74
130 18 78
130 18 82
130 18 118
130 18 122
130 18 126
130 18 130
130 18 134
130 18 138
130 18 142
130 18 146
130 18 182
130 18 186
130 54 10
130 54 14
130 54 18
130 54 54
130 54 58
130 54 62
130 54 66
130 54 70
130 54 74
130 54 78
130 54 82
130 54 118
130 54 122
130 54 126
130 54 130
130 54 134
130 54 138
130 54 142
130 54 146
130 54 182
130 54 186
130 58 10
130 58 14
130 58 18
130 58 54
130 58 58
130 58 62
130 58 66
130 58 70
130 58 74
130 58 78
130 58 82
130 58 118
130 58 122
130 58 126
130 58 130
130 58 134
130 58 138
130 58 142
130 58 146
130 58 182
130 58 186
130 62 10
130 62 14
130 62 18
130 62 54
130 62 58
130 62 62
130 62 66
130 62 70
130 62 74
130 62 78
130 62 82
130 62 118
130 62 122
130 62 126
130 62 130
130 62 134
130 62 138
130 62 142
130 62 146
130 62 182
130 62 186
130 66 10
130 66 14
130 66 18
130 66 54
130 66 58
130 66 62
130 66 66
130 66 70
130 66 74
130 66 78
130 66 82
130 66 118
130 66 122
130 66 126
130 66 130
130 66 134
130 66 138
130 66 142
130 66 146
130 66 182
130 66 186
130 70 10
130 70 14
130 70 18
130 70 54
130 70 58
130 70 62
130 70 66
130 70 70
130 70 74
130 70 78
130 70 82
130 70 118
130 70 122
130 70 126
130 70 130
130 70 134
130 70 138
130 70 142
130 70 146
130 70 182
130 70 186
130 74 10
130 74 14
130 74 18
130 74 54
130 74 58
130 74 62
130 74 66
130 74 70
130 74 74
130 74 78
130 74 82
130 74 118
130 74 122
130 74 126
130 74 130
130 74 134
130 74 138
130 74 142
130 74 146
130 74 182
130 74 186
130 78 10
130 78 14
130 78 18
130 78 54
130 78 58
130 78 62
130 78 66
130 78 70
130 78 74
130 78 78
130 78 82
130 78 118
130 78 122
130 78 126
130 78 130
130 78 134
130 78 138
130 78 142
130 78 146
130 78 182
130 78 186
130 82 10
130 82 14
130 82 18
130 82 54
130 82 58
130 82 62
130 82 66
130 82 70
130 82 74
130 82 78
130 82 82
130 82 118
130 82 122
130 82 126
130 82 130
130 82 134
130 82 138
130 82 142
130 82 146
130 82 182
130 82 186
130 118 10
130 118 14
130 118 18
130 118 54
130 118 58
130 118 62
130 118 66
130 118 70
130 118 74
130 118 78
130 118 82
130 118 118
130 118 122
130 118 126
130 118 130
130 118 134
130 118 138
130 118 142
130 118 146
130 118 182
130 118 186
130 122 10
130 122 14
130 122 18
130 122 54
130 122 58
130 122 62
130 122 66
130 122 70
130 122 74
130 122 78
130 122 82
130 122 118
130 122 122
130 122 126
130 122 130
130 122 134
130 122 138
130 122 142
130 122 146
130 122 182
130 122 186
130 126 10
130 126 14
130 126 18
130 126 54
130 126 58
130 126 62
130 126 66
130 126 70
130 126 74
130 126 78
130 126 82
130 126 118
130 126 122
130 126 126
130 126 130
130 126 134
130 126 138
130 126 142
130 126 146
130 126 182
130 126 186
130 130 10
130 130 14
130 130 18
130 130 54
130 130 58
130 130 62
130 130 66
130 130 70
130 130 74
130 130 78
130 130 82
130 130 118
130 130 122
130 130 126
130 130 130
130 130 134
130 130 138
130 130 142
130 130 146
130 130 182
130 130 186
130 134 10
130 134 14
130 134 18
130 134 54
130 134 58
130 134 62
130 134 66
130 134 70
130 134 74
130 134 78
130 134 82
130 134 118
130 134 122
130 134 126
130 134 130
130 134 134
130 134 138
130 134 142
130 134 146
130 134 182
130 134 186
130 138 10
130 138 14
130 138 18
130 138 54
130 138 58
130 138 62
130 138 66
130 138 70
130 138 74
130 138 78
130 138 82
130 138 118
130 138 122
130 138 126
130 138 130
130 138 134
130 138 138
130 138 142
130 138 146
130 138 182
130 138 186
130 142 10
130 142 14
130 142 18
130 142 54
130 142 58
130 142 62
130 142 66
130 142 70
130 142 74
130 142 78
130 142 82
130 142 118
130 142 122
130 142 126
130 142 130
130 142 134
130 142 138
130 142 142
130 142 146
130 142 182
130 142 186
130 146 10
130 146 14
130 146 18
130 146 54
130 146 58
130 146 62
130 146 66
130 146 70
130 146 74
130 146 78
130 146 82
130 146 118
130 146 122
130 146 126
130 146 130
130 146 134
130 146 138
130 146 142
130 146 146
130 146 182
130 146 186
130 182 10
130 182 14
130 182 18
130 182 54
130 182 58
130 182 62
130 182 66
130 182 70
130 182 74
130 182 78
130 182 82
130 182 118
130 182 122
130 182 126
130 182 130
130 182 134
130 182 138
130 182 142
130 182 146
130 182 182
130 182 186
130 186 10
130 186 14
130 186 18
130 186 54
130 186 58
130 186 62
130 186 66
130 186 70
130 186 74
130 186 78
130 186 82
130 186 118
130 186 122
130 186 126
130 186 130
130 186 134
130 186 138
130 186 142
130 186 146
130 186 182
130 186 186
134 10 10
134 10 14
134 10 18
134 10 54
134 10 58
134 10 62
134 10 66
134 10 70
134 10 74
134 10 78
134 10 82
134 10 118
134 10 122
134 10 126
134 10 130
134 10 134
134 10 138
134 10 142
134 10 146
134 10 182
134 10 186
134 14 10
134 14 14
134 14 18
134 14 54
134 14 58
134 14 62
134 14 66
134 14 70
134 14 74
134 14 78
134 14 82
134 14 118
134 14 122
134 14 126
134 14 130
134 14 134
134 14 138
134 14 142
134 14 146
134 14 182
134 14 186
134 18 10
134 18 14
134 18 18
134 18 54
134 18 58
134 18 62
134 18 66
134 18 70
134 18 74
134 18 78
134 18 82
134 18 118
134 18 122
134 18 126
134 18 130
134 18 134
134 18 138
134 18 142
134 18 146
134 18 182
134 18 186
134 54 10
134 54 14
134 54 18
134 54 54
134 54 58
134 54 62
134 54 66
134 54 70
134 54 74
134 54 78
134 54 82
134 54 118
134 54 122
134 54 126
134 54 130
134 54 134
134 54 138
134 54 142
134 54 146
134 54 182
134 54 186
134 58 10
134 58 14
134 58 18
134 58 54
134 58 58
134 58 62
134 58 66
134 58 70
134 58 74
134 58 78
134 58 82
134 58 118
134 58 122
134 58 126
134 58 130
134 58 134
134 58 138
134 58 142
134 58 146
134 58 182
134 58 186
134 62 10
134 62 14
134 62 18
134 62 54
134 62 58
134 62 62
134 62 66
134 62 70
134 62 74
134 62 78
134 62 82
134 62 118
134 62 122
134 62 126
134 62 130
134 62 134
134 62 138
134 62 142
134 62 146
134 62 182
134 62 186
134 66 10
134 66 14
134 66 18
134 66 54
134 66 58
134 66 62
134 66 66
134 66 70
134 66 74
134 66 78
134 66 82
134 66 118
134 66 122
134 66 126
134 66 130
134 66 134
134 66 138
134 66 142
134 66 146
134 66 182
134 66 186
134 70 10
134 70 14
134 70 18
134 70 54
134 70 58
134 70 62
134 70 66
134 70 70
134 70 74
134 70 78
134 70 82
134 70 118
134 70 122
134 70 126
134 70 130
134 70 134
134 70 138
134 70 142
134 70 146
134 70 182
134 70 186
134 74 10
134 74 14
134 74 18
134 74 54
134 74 58
134 74 62
134 74 66
134 74 70
134 74 74
134 74 78
134 74 82
134 74 118
134 74 122
134 74 126
134 74 130
134 74 134
134 74 138
134 74 142
134 74 146
134 74 182
134 74 186
134 78 10
134 78 14
134 78 18
134 78 54
134 78 58
134 78 62
134 78 66
134 78 70
134 78 74
134 78 78
134 78 82
134 78 118
134 78 122
134 78 126
134 78 130
134 78 134
134 78 138
134 78 142
134 78 146
134 78 182
134 78 186
134 82 10
134 82 14
134 82 18
134 82 54
134 82 58
134 82 62
134 82 66
134 82 70
134 82 74
134 82 78
134 82 82
134 82 118
134 82 122
134 82 126
134 82 130
134 82 134
134 82 138
134 82 142
134 82 146
134 82 182
134 82 186
134 118 10
134 118 14
134 118 18
134 118 54
134 118 58
134 118 62
134 118 66
134 118 70
134 118 74
134 118 78
134 118 82
134 118 118
134 118 122
134 118 126
134 118 130
134 118 134
134 118 138
134 118 142
134 118 146
134 118 182
134 118 186
134 122 10
134 122 14
134 122 18
134 122 54
134 122 58
134 122 62
134 122 66
134 122 70
134 122 74
134 122 78
134 122 82
134 122 118
134 122 122
134 122 126
134 122 130
134 122 134
134 122 138
134 122 142
134 122 146
134 122 182
134 122 186
134 126 10
134 126 14
134 126 18
134 126 54
134 126 58
134 126 62
134 126 66
134 126 70
134 126 74
134 126 78
134 126 82
134 126 118
134 126 122
134 126 126
134 126 130
134 126 134
134 126 138
134 126 142
134 126 146
134 126 182
134 126 186
134 130 10
134 130 14
134 130 18
134 130 54
134 130 58
134 130 62
134 130 66
134 130 70
134 130 74
134 130 78
134 130 82
134 130 118
134 130 122
134 130 126
134 130 130
134 130 134
134 130 138
134 130 142
134 130 146
134 130 182
134 130 186
134 134 10
134 134 14
134 134 18
134 134 54
134 134 58
134 134 62
134 134 66
134 134 70
134 134 74
134 134 78
134 134 82
134 134 118
134 134 122
134 134 126
134 134 130
134 134 134
134 134 138
134 134 142
134 134 146
134 134 182
134 134 186
134 138 10
134 138 14
134 138 18
134 138 54
134 138 58
134 138 62
134 138 66
134 138 70
134 138 74
134 138 78
134 138 82
134 138 118
134 138 122
134 138 126
134 138 130
134 138 134
134 138 138
134 138 142
134 138 146
134 138 182
134 138 186
134 142 10
134 142 14
134 142 18
134 142 54
134 142 58
134 142 62
134 142 66
134 142 70
134 142 74
134 142 78
134 142 82
134 142 118
134 142 122
134 142 126
134 142 130
134 142 134
134 142 138
134 142 142
134 142 146
134 142 182
134 142 186
134 146 10
134 146 14
134 146 18
134 146 54
134 146 58
134 146 62
134 146 66
134 146 70
134 146 74
134 146 78
134 146 82
134 146 118
134 146 122
134 146 126
134 146 130
134 146 134
134 146 138
134 146 142
134 146 146
134 146 182
134 146 186
134 182 10
134 182 14
134 182 18
134 182 54
134 182 58
134 182 62
134 182 66
134 182 70
134 182 74
134 182 78
134 182 82
134 182 118
134 182 122
134 182 126
134 182 130
134 182 134
134 182 138
134 182 142
134 182 146
134 182 182
134 182 186
134 186 10
134 186 14
134 186 18
134 186 54
134 186 58
134 186 62
134 186 66
134 186 70
134 186 74
134 186 78
134 186 82
134 186 118
134 186 122
134 186 126
134 186 130
134 186 134
134 186 138
134 186 142
134 186 146
134 186 182
134 186 186
138 10 10
138 10 14
138 10 18
138 10 54
138 10 58
138 10 62
138 10 66
138 10 70
138 10 74
138 10 78
138 10 82
138 10 118
138 10 122
138 10 126
138 10 130
138 10 134
138 10 138
138 10 142
138 10 146
138 10 182
138 10 186
138 14 10
138 14 14
138 14 18
138 14 54
138 14 58
138 14 62
138 14 66
138 14 70
138 14 74
138 14 78
138 14 82
138 14 118
138 14 122
138 14 126
138 14 130
138 14 134
138 14 138
138 14 142
138 14 146
138 14 182
138 14 186
138 18 10
138 18 14
138 18 18
138 18 54
138 18 58
138 18 62
138 18 66
138 18 70
138 18 74
138 18 78
138 18 82
138 18 118
138 18 122
138 18 126
138 18 130
138 18 134
138 18 138
138 18 142
138 18 146
138 18 182
138 18 186
138 54 10
138 54 14
138 54 18
138 54 54
138 54 58
138 54 62
138 54 66
138 54 70
138 54 74
138 54 78
138 54 82
138 54 118
138 54 122
138 54 126
138 54 130
138 54 134
138 54 138
138 54 142
138 54 146
138 54 182
138 54 186
138 58 10
138 58 14
138 58 18
138 58 54
138 58 58
138 58 62
138 58 66
138 58 70
138 58 74
138 58 78
138 58 82
138 58 118
138 58 122
138 58 126
138 58 130
138 58 134
138 58 138
138 58 142
138 58 146
138 58 182
138 58 186
138 62 10
138 62 14
138 62 18
138 62 54
138 62 58
138 62 62
138 62 66
138 62 70
138 62 74
138 62 78
138 62 82
138 62 118
138 62 122
138 62 126
138 62 130
138 62 134
138 62 138
138 62 142
138 62 146
138 62 182
138 62 186
138 66 10
138 66 14
138 66 18
138 66 54
138 66 58
138 66 62
138 66 66
138 66 70
138 66 74
138 66 78
138 66 82
138 66 118
138 66 122
138 66 126
138 66 130
138 66 134
138 66 138
138 66 142
138 66 146
138 66 182
138 66 186
138 70 10
138 70 14
138 70 18
138 70 54
138 70 58
138 70 62
138 70 66
138 70 70
138 70 74
138 70 78
138 70 82
138 70 118
138 70 122
138 70 126
138 70 130
138 70 134
138 70 138
138 70 142
138 70 146
138 70 182
138 70 186
138 74 10
138 74 14
138 74 18
138 74 54
138 74 58
138 74 62
138 74 66
138 74 70
138 74 74
138 74 78
138 74 82
138 74 118
138 74 122
138 74 126
138 74 130
138 74 134
138 74 138
138 74 142
138 74 146
138 74 182
138 74 186
138 78 10
138 78 14
138 78 18
138 78 54
138 78 58
138 78 62
138 78 66
138 78 70
138 78 74
138 78 78
138 78 82
138 78 118
138 78 122
138 78 126
138 78 130
138 78 134
138 78 138
138 78 142
138 78 146
138 78 182
138 78 186
138 82 10
138 82 14
138 82 18
138 82 54
138 82 58
138 82 62
138 82 66
138 82 70
138 82 74
138 82 78
138 82 82
138 82 118
138 82 122
138 82 126
138 82 130
138 82 134
138 82 138
138 82 142
138 82 146
138 82 182
138 82 186
138 118 10
138 118 14
138 118 18
138 118 54
138 118 58
138 118 62
138 118 66
138 118 70
138 118 74
138 118 78
138 118 82
138 118 118
138 118 122
138 118 126
138 118 130
138 118 134
138 118 138
138 118 142
138 118 146
138 118 182
138 118 186
138 122 10
138 122 14
138 122 18
138 122 54
138 122 58
138 122 62
138 122 66
138 122 70
138 122 74
138 122 78
138 122 82
138 122 118
138 122 122
138 122 126
138 122 130
138 122 134
138 122 138
138 122 142
138 122 146
138 122 182
138 122 186
138 126 10
138 126 14
138 126 18
138 126 54
138 126 58
138 126 62
138 126 66
138 126 70
138 126 74
138 126 78
138 126 82
138 126 118
138 126 122
138 126 126
138 126 130
138 126 134
138 126 138
138 126 142
138 126 146
138 126 182
138 126 186
138 130 10
138 130 14
138 130 18
138 130 54
138 130 58
138 130 62
138 130 66
138 130 70
138 130 74
138 130 78
138 130 82
138 130 118
138 130 122
138 130 126
138 130 130
138 130 134
138 130 138
138 130 142
138 130 146
138 130 182
138 130 186
138 134 10
138 134 14
138 134 18
138 134 54
138 134 58
138 134 62
138 134 66
138 134 70
138 134 74
138 134 78
138 134 82
138 134 118
138 134 122
138 134 126
138 134 130
138 134 134
138 134 138
138 134 142
138 134 146
138 134 182
138 134 186
138 138 10
138 138 14
138 138 18
138 138 54
138 138 58
138 138 62
138 138 66
138 138 70
138 138 74
138 138 78
138 138 82
138 138 118
138 138 122
138 138 126
138 138 130
138 138 134
138 138 138
138 138 142
138 138 146
138 138 182
138 138 186
138 142 10
138 142 14
138 142 18
138 142 54
138 142 58
138 142 62
138 142 66
138 142 70
138 142 74
138 142 78
138 142 82
138 142 118
138 142 122
138 142 126
138 142 130
138 142 134
138 142 138
138 142 142
138 142 146
138 142 182
138 142 186
138 146 10
138 146 14
138 146 18
138 146 54
138 146 58
138 146 62
138 146 66
138 146 70
138 146 74
138 146 78
138 146 82
138 146 118
138 146 122
138 146 126
138 146 130
138 146 134
138 146 138
138 146 142
138 146 146
138 146 182
138 146 186
138 182 10
138 182 14
138 182 18
138 182 54
138 182 58
138 182 62
138 182 66
138 182 70
138 182 74
138 182 78
138 182 82
138 182 118
138 182 122
138 182 126
138 182 130
138 182 134
138 182 138
138 182 142
138 182 146
138 182 182
138 182 186
138 186 10
138 186 14
138 186 18
138 186 54
138 186 58
138 186 62
138 186 66
138 186 70
138 186 74
138 186 78
138 186 82
138 186 118
138 186 122
138 186 126
138 186 130
138 186 134
138 186 138
138 186 142
138 186 146
138 186 182
138 186 186
142 10 10
142 10 14
142 10 18
142 10 54
142 10 58
142 10 62
142 10 66
142 10 70
142 10 74
142 10 78
142 10 82
142 10 118
142 10 122
142 10 126
142 10 130
142 10 134
142 10 138
142 10 142
142 10 146
142 10 182
142 10 186
142 14 10
142 14 14
142 14 18
142 14 54
142 14 58
142 14 62
142 14 66
142 14 70
142 14 74
142 14 78
142 14 82
142 14 118
142 14 122
142 14 126
142 14 130
142 14 134
142 14 138
142 14 142
142 14 146
142 14 182
142 14 186
142 18 10
142 18 14
142 18 18
142 18 54
142 18 58
142 18 62
142 18 66
142 18 70
142 18 74
142 18 78
142 18 82
142 18 118
142 18 122
142 18 126
142 18 130
142 18 134
142 18 138
142 18 142
142 18 146
142 18 182
142 18 186
142 54 10
142 54 14
142 54 18
142 54 54
142 54 58
142 54 62
142 54 66
142 54 70
142 54 74
142 54 78
142 54 82
142 54 118
142 54 122
142 54 126
142 54 130
142 54 134
142 54 138
142 54 142
142 54 146
142 54 182
142 54 186
142 58 10
142 58 14
142 58 18
142 58 54
142 58 58
142 58 62
142 58 66
142 58 70
142 58 74
142 58 78
142 58 82
142 58 118
142 58 122
142 58 126
142 58 130
142 58 134
142 58 138
142 58 142
142 58 146
142 58 182
142 58 186
142 62 10
142 62 14
142 62 18
142 62 54
142 62 58
142 62 62
142 62 66
142 62 70
142 62 74
142 62 78
142 62 82
142 62 118
142 62 122
142 62 126
142 62 130
142 62 134
142 62 138
142 62 142
142 62 146
142 62 182
142 62 186
142 66 10
142 66 14
142 66 18
142 66 54
142 66 58
142 66 62
142 66 66
142 66 70
142 66 74
142 66 78
142 66 82
142 66 118
142 66 122
142 66 126
142 66 130
142 66 134
142 66 138
142 66 142
142 66 146
142 66 182
142 66 186
142 70 10
142 70 14
142 70 18
142 70 54
142 70 58
142 70 62
142 70 66
142 70 70
142 70 74
142 70 78
142 70 82
142 70 118
142 70 122
142 70 126
142 70 130
142 70 134
142 70 138
142 70 142
142 70 146
142 70 182
142 70 186
142 74 10
142 74 14
142 74 18
142 74 54
142 74 58
142 74 62
142 74 66
142 74 70
142 74 74
142 74 78
142 74 82
142 74 118
142 74 122
142 74 126
142 74 130
142 74 134
142 74 138
142 74 142
142 74 146
142 74 182
142 74 186
142 78 10
142 78 14
142 78 18
142 78 54
142 78 58
142 78 62
142 78 66
142 78 70
142 78 74
142 78 78
142 78 82
142 78 118
142 78 122
142 78 126
142 78 130
142 78 134
142 78 138
142 78 142
142 78 146
142 78 182
142 78 186
142 82 10
142 82 14
142 82 18
142 82 54
142 82 58
142 82 62
142 82 66
142 82 70
142 82 74
142 82 78
142 82 82
142 82 118
142 82 122
142 82 126
142 82 130
142 82 134
142 82 138
142 82 142
142 82 146
142 82 182
142 82 186
142 118 10
142 118 14
142 118 18
142 118 54
142 118 58
142 118 62
142 118 66
142 118 70
142 118 74
142 118 78
142 118 82
142 118 118
142 118 122
142 118 126
142 118 130
142 118 134
142 118 138
142 118 142
142 118 146
142 118 182
142 118 186
142 122 10
142 122 14
142 122 18
142 122 54
142 122 58
142 122 62
142 122 66
142 122 70
142 122 74
142 122 78
142 122 82
142 122 118
142 122 122
142 122 126
142 122 130
142 122 134
142 122 138
142 122 142
142 122 146
142 122 182
142 122 186
142 126 10
142 126 14
142 126 18
142 126 54
142 126 58
142 126 62
142 126 66
142 126 70
142 126 74
142 126 78
142 126 82
142 126 118
142 126 122
142 126 126
142 126 130
142 126 134
142 126 138
142 126 142
142 126 146
142 126 182
142 126 186
142 130 10
142 130 14
142 130 18
142 130 54
142 130 58
142 130 62
142 130 66
142 130 70
142 130 74
142 130 78
142 130 82
142 130 118
142 130 122
142 130 126
142 130 130
142 130 134
142 130 138
142 130 142
142 130 146
142 130 182
142 130 186
142 134 10
142 134 14
142 134 18
142 134 54
142 134 58
142 134 62
142 134 66
142 134 70
142 134 74
142 134 78
142 134 82
142 134 118
142 134 122
142 134 126
142 134 130
142 134 134
142 134 138
142 134 142
142 134 146
142 134 182
142 134 186
142 138 10
142 138 14
142 138 18
142 138 54
142 138 58
142 138 62
142 138 66
142 138 70
142 138 74
142 138 78
142 138 82
142 138 118
142 138 122
142 138 126
142 138 130
142 138 134
142 138 138
142 138 142
142 138 146
142 138 182
142 138 186
142 142 10
142 142 14
142 142 18
142 142 54
142 142 58
142 142 62
142 142 66
142 142 70
142 142 74
142 142 78
142 142 82
142 142 118
142 142 122
142 142 126
142 142 130
142 142 134
142 142 138
142 142 142
142 142 146
142 142 182
142 142 186
142 146 10
142 146 14
142 146 18
142 146 54
142 146 58
142 146 62
142 146 66
142 146 70
142 146 74
142 146 78
142 146 82
142 146 118
142 146 122
142 146 126
142 146 130
142 146 134
142 146 138
142 146 142
142 146 146
142 146 182
142 146 186
142 182 10
142 182 14
142 182 18
142 182 54
142 182 58
142 182 62
142 182 66
142 182 70
142 182 74
142 182 78
142 182 82
142 182 118
142 182 122
142 182 126
142 182 130
142 182 134
142 182 138
142 182 142
142 182 146
142 182 182
142 182 186
142 186 10
142 186 14
142 186 18
142 186 54
142 186 58
142 186 62
142 186 66
142 186 70
142 186 74
142 186 78
142 186 82
142 186 118
142 186 122
142 186 126
142 186 130
142 186 134
142 186 138
142 186 142
142 186 146
142 186 182
142 186 186
146 10 10
146 10 14
146 10 18
146 10 54
146 10 58
146 10 62
146 10 66
146 10 70
146 10 74
146 10 78
146 10 82
146 10 118
146 10 122
146 10 126
146 10 130
146 10 134
146 10 138
146 10 142
146 10 146
146 10 182
146 10 186
146 14 10
146 14 14
146 14 18
146 14 54
146 14 58
146 14 62
146 14 66
146 14 70
146 14 74
146 14 78
146 14 82
146 14 118
146 14 122
146 14 126
146 14 130
146 14 134
146 14 138
146 14 142
146 14 146
146 14 182
146 14 186
146 18 10
146 18 14
146 18 18
146 18 54
146 18 58
146 18 62
146 18 66
146 18 70
146 18 74
146 18 78
146 18 82
146 18 118
146 18 122
146 18 126
146 18 130
146 18 134
146 18 138
146 18 142
146 18 146
146 18 182
146 18 186
146 54 10
146 54 14
146 54 18
146 54 54
146 54 58
146 54 62
146 54 66
146 54 70
146 54 74
146 54 78
146 54 82
146 54 118
146 54 122
146 54 126
146 54 130
146 54 134
146 54 138
146 54 142
146 54 146
146 54 182
146 54 186
146 58 10
146 58 14
146 58 18
146 58 54
146 58 58
146 58 62
146 58 66
146 58 70
146 58 74
146 58 78
146 58 82
146 58 118
146 58 122
146 58 126
146 58 130
146 58 134
146 58 138
146 58 142
146 58 146
146 58 182
146 58 186
146 62 10
146 62 14
146 62 18
146 62 54
146 62 58
146 62 62
146 62 66
146 62 70
146 62 74
146 62 78
146 62 82
146 62 118
146 62 122
146 62 126
146 62 130
146 62 134
146 62 138
146 62 142
146 62 146
146 62 182
146 62 186
146 66 10
146 66 14
146 66 18
146 66 54
146 66 58
146 66 62
146 66 66
146 66 70
146 66 74
146 66 78
146 66 82
146 66 118
146 66 122
146 66 126
146 66 130
146 66 134
146 66 138
146 66 142
146 66 146
146 66 182
146 66 186
146 70 10
146 70 14
146 70 18
146 70 54
146 70 58
146 70 62
146 70 66
146 70 70
146 70 74
146 70 78
146 70 82
146 70 118
146 70 122
146 70 126
146 70 130
146 70 134
146 70 138
146 70 142
146 70 146
146 70 182
146 70 186
146 74 10
146 74 14
146 74 18
146 74 54
146 74 58
146 74 62
146 74 66
146 74 70
146 74 74
146 74 78
146 74 82
146 74 118
146 74 122
146 74 126
146 74 130
146 74 134
146 74 138
146 74 142
146 74 146
146 74 182
146 74 186
146 78 10
146 78 14
146 78 18
146 78 54
146 78 58
146 78 62
146 78 66
146 78 70
146 78 74
146 78 78
146 78 82
146 78 118
146 78 122
146 78 126
146 78 130
146 78 134
146 78 138
146 78 142
146 78 146
146 78 182
146 78 186
146 82 10
146 82 14
146 82 18
146 82 54
146 82 58
146 82 62
146 82 66
146 82 70
146 82 74
146 82 78
146 82 82
146 82 118
146 82 122
146 82 126
146 82 130
146 82 134
146 82 138
146 82 142
146 82 146
146 82 182
146 82 186
146 118 10
146 118 14
146 118 18
146 118 54
146 118 58
146 118 62
146 118 66
146 118 70
146 118 74
146 118 78
146 118 82
146 118 118
146 118 122
146 118 126
146 118 130
146 118 134
146 118 138
146 118 142
146 118 146
146 118 182
146 118 186
146 122 10
146 122 14
146 122 18
146 122 54
146 122 58
146 122 62
146 122 66
146 122 70
146 122 74
146 122 78
146 122 82
146 122 118
146 122 122
146 122 126
146 122 130
146 122 134
146 122 138
146 122 142
146 122 146
146 122 182
146 122 186
146 126 10
146 126 14
146 126 18
146 126 54
146 126 58
146 126 62
146 126 66
146 126 70
146 126 74
146 126 78
146 126 82
146 126 118
146 126 122
146 126 126
146 126 130
146 126 134
146 126 138
146 126 142
146 126 146
146 126 182
146 126 186
146 130 10
146 130 14
146 130 18
146 130 54
146 130 58
146 130 62
146 130 66
146 130 70
146 130 74
146 130 78
146 130 82
146 130 118
146 130 122
146 130 126
146 130 130
146 130 134
146 130 138
146 130 142
146 130 146
146 130 182
146 130 186
146 134 10
146 134 14
146 134 18
146 134 54
146 134 58
146 134 62
146 134 66
146 134 70
146 134 74
146 134 78
146 134 82
146 134 118
146 134 122
146 134 126
146 134 130
146 134 134
146 134 138
146 134 142
146 134 146
146 134 182
146 134 186
146 138 10
146 138 14
146 138 18
146 138 54
146 138 58
146 138 62
146 138 66
146 138 70
146 138 74
146 138 78
146 138 82
146 138 118
146 138 122
146 138 126
146 138 130
146 138 134
146 138 138
146 138 142
146 138 146
146 138 182
146 138 186
146 142 10
146 142 14
146 142 18
146 142 54
146 142 58
146 142 62
146 142 66
146 142 70
146 142 74
146 142 78
146 142 82
146 142 118
146 142 122
146 142 126
146 142 130
146 142 134
146 142 138
146 142 142
146 142 146
146 142 182
146 142 186
146 146 10
146 146 14
146 146 18
146 146 54
146 146 58
146 146 62
146 146 66
146 146 70
146 146 74
146 146 78
146 146 82
146 146 118
146 146 122
146 146 126
146 146 130
146 146 134
146 146 138
146 146 142
146 146 146
146 146 182
146 146 186
146 182 10
146 182 14
146 182 18
146 182 54
146 182 58
146 182 62
146 182 66
146 182 70
146 182 74
146 182 78
146 182 82
146 182 118
146 182 122
146 182 126
146 182 130
146 182 134
146 182 138
146 182 142
146 182 146
146 182 182
146 182 186
146 186 10
146 186 14
146 186 18
146 186 54
146 186 58
146 186 62
146 186 66
146 186 70
146 186 74
146 186 78
146 186 82
146 186 118
146 186 122
146 186 126
146 186 130
146 186 134
146 186 138
146 186 142
146 186 146
146 186 182
146 186 186
182 10 10
182 10 14
182 10 18
182 10 54
182 10 58
182 10 62
182 10 66
182 10 70
182 10 74
182 10 78
182 10 82
182 10 118
182 10 122
182 10 126
182 10 130
182 10 134
182 10 138
182 10 142
182 10 146
182 10 182
182 10 186
182 14 10
182 14 14
182 14 18
182 14 54
182 14 58
182 14 62
182 14 66
182 14 70
182 14 74
182 14 78
182 14 82
182 14 118
182 14 122
182 14 126
182 14 130
182 14 134
182 14 138
182 14 142
182 14 146
182 14 182
182 14 186
182 18 10
182 18 14
182 18 18
182 18 54
182 18 58
182 18 62
182 18 66
182 18 70
182 18 74
182 18 78
182 18 82
182 18 118
182 18 122
182 18 126
182 18 130
182 18 134
182 18 138
182 18 142
182 18 146
182 18 182
182 18 186
182 54 10
182 54 14
182 54 18
182 54 54
182 54 58
182 54 62
182 54 66
182 54 70
182 54 74
182 54 78
182 54 82
182 54 118
182 54 122
182 54 126
182 54 130
182 54 134
182 54 138
182 54 142
182 54 146
182 54 182
182 54 186
182 58 10
182 58 14
182 58 18
182 58 54
182 58 58
182 58 62
182 58 66
182 58 70
182 58 74
182 58 78
182 58 82
182 58 118
182 58 122
182 58 126
182 58 130
182 58 134
182 58 138
182 58 142
182 58 146
182 58 182
182 58 186
182 62 10
182 62 14
182 62 18
182 62 54
182 62 58
182 62 62
182 62 66
182 62 70
182 62 74
182 62 78
182 62 82
182 62 118
182 62 122
182 62 126
182 62 130
182 62 134
182 62 138
182 62 142
182 62 146
182 62 182
182 62 186
182 66 10
182 66 14
182 66 18
182 66 54
182 66 58
182 66 62
182 66 66
182 66 70
182 66 74
182 66 78
182 66 82
182 66 118
182 66 122
182 66 126
182 66 130
182 66 134
182 66 138
182 66 142
182 66 146
182 66 182
182 66 186
182 70 10
182 70 14
182 70 18
182 70 54
182 70 58
182 70 62
182 70 66
182 70 70
182 70 74
182 70 78
182 70 82
182 70 118
182 70 122
182 70 126
182 70 130
182 70 134
182 70 138
182 70 142
182 70 146
182 70 182
182 70 186
182 74 10
182 74 14
182 74 18
182 74 54
182 74 58
182 74 62
182 74 66
182 74 70
182 74 74
182 74 78
182 74 82
182 74 118
182 74 122
182 74 126
182 74 130
182 74 134
182 74 138
182 74 142
182 74 146
182 74 182
182 74 186
182 78 10
182 78 14
182 78 18
182 78 54
182 78 58
182 78 62
182 78 66
182 78 70
182 78 74
182 78 78
182 78 82
182 78 118
182 78 122
182 78 126
182 78 130
182 78 134
182 78 138
182 78 142
182 78 146
182 78 182
182 78 186
182 82 10
182 82 14
182 82 18
182 82 54
182 82 58
182 82 62
182 82 66
182 82 70
182 82 74
182 82 78
182 82 82
182 82 118
182 82 122
182 82 126
182 82 130
182 82 134
182 82 138
182 82 142
182 82 146
182 82 182
182 82 186
182 118 10
182 118 14
182 118 18
182 118 54
182 118 58
182 118 62
182 118 66
182 118 70
182 118 74
182 118 78
182 118 82
182 118 118
182 118 122
182 118 126
182 118 130
182 118 134
182 118 138
182 118 142
182 118 146
182 118 182
182 118 186
182 122 10
182 122 14
182 122 18
182 122 54
182 122 58
182 122 62
182 122 66
182 122 70
182 122 74
182 122 78
182 122 82
182 122 118
182 122 122
182 122 126
182 122 130
182 122 134
182 122 138
182 122 142
182 122 146
182 122 182
182 122 186
182 126 10
182 126 14
182 126 18
182 126 54
182 126 58
182 126 62
182 126 66
182 126 70
182 126 74
182 126 78
182 126 82
182 126 118
182 126 122
182 126 126
182 126 130
182 126 134
182 126 138
182 126 142
182 126 146
182 126 182
182 126 186
182 130 10
182 130 14
182 130 18
182 130 54
182 130 58
182 130 62
182 130 66
182 130 70
182 130 74
182 130 78
182 130 82
182 130 118
182 130 122
182 130 126
182 130 130
182 130 134
182 130 138
182 130 142
182 130 146
182 130 182
182 130 186
182 134 10
182 134 14
182 134 18
182 134 54
182 134 58
182 134 62
182 134 66
182 134 70
182 134 74
182 134 78
182 134 82
182 134 118
182 134 122
182 134 126
182 134 130
182 134 134
182 134 138
182 134 142
182 134 146
182 134 182
182 134 186
182 138 10
182 138 14
182 138 18
182 138 54
182 138 58
182 138 62
182 138 66
182 138 70
182 138 74
182 138 78
182 138 82
182 138 118
182 138 122
182 138 126
182 138 130
182 138 134
182 138 138
182 138 142
182 138 146
182 138 182
182 138 186
182 142 10
182 142 14
182 142 18
182 142 54
182 142 58
182 142 62
182 142 66
182 142 70
182 142 74
182 142 78
182 142 82
182 142 118
182 142 122
182 142 126
182 142 130
182 142 134
182 142 138
182 142 142
182 142 146
182 142 182
182 142 186
182 146 10
182 146 14
182 146 18
182 146 54
182 146 58
182 146 62
182 146 66
182 146 70
182 146 74
182 146 78
182 146 82
182 146 118
182 146 122
182 146 126
182 146 130
182 146 134
182 146 138
182 146 142
182 146 146
182 146 182
182 146 186
182 182 10
182 182 14
182 182 18
182 182 54
182 182 58
182 182 62
182 182 66
182 182 70
182 182 74
182 182 78
182 182 82
182 182 118
182 182 122
182 182 126
182 182 130
182 182 134
182 182 138
182 182 142
182 182 146
182 182 182
182 182 186
182 186 10
182 186 14
182 186 18
182 186 54
182 186 58
182 186 62
182 186 66
182 186 70
182 186 74
182 186 78
182 186 82
182 186 118
182 186 122
182 186 126
182 186 130
182 186 134
182 186 138
182 186 142
182 186 146
182 186 182
182 186 186
186 10 10
186 10 14
186 10 18
186 10 54
186 10 58
186 10 62
186 10 66
186 10 70
186 10 74
186 10 78
186 10 82
186 10 118
186 10 122
186 10 126
186 10 130
186 10 134
186 10 138
186 10 142
186 10 146
186 10 182
186 10 186
186 14 10
186 14 14
186 14 18
186 14 54
186 14 58
186 14 62
186 14 66
186 14 70
186 14 74
186 14 78
186 14 82
186 14 118
186 14 122
186 14 126
186 14 130
186 14 134
186 14 138
186 14 142
186 14 146
186 14 182
186 14 186
186 18 10
186 18 14
186 18 18
186 18 54
186 18 58
186 18 62
186 18 66
186 18 70
186 18 74
186 18 78
186 18 82
186 18 118
186 18 122
186 18 126
186 18 130
186 18 134
186 18 138
186 18 142
186 18 146
186 18 182
186 18 186
186 54 10
186 54 14
186 54 18
186 54 54
186 54 58
186 54 62
186 54 66
186 54 70
186 54 74
186 54 78
186 54 82
186 54 118
186 54 122
186 54 126
186 54 130
186 54 134
186 54 138
186 54 142
186 54 146
186 54 182
186 54 186
186 58 10
186 58 14
186 58 18
186 58 54
186 58 58
186 58 62
186 58 66
186 58 70
186 58 74
186 58 78
186 58 82
186 58 118
186 58 122
186 58 126
186 58 130
186 58 134
186 58 138
186 58 142
186 58 146
186 58 182
186 58 186
186 62 10
186 62 14
186 62 18
186 62 54
186 62 58
186 62 62
186 62 66
186 62 70
186 62 74
186 62 78
186 62 82
186 62 118
186 62 122
186 62 126
186 62 130
186 62 134
186 62 138
186 62 142
186 62 146
186 62 182
186 62 186
186 66 10
186 66 14
186 66 18
186 66 54
186 66 58
186 66 62
186 66 66
186 66 70
186 66 74
186 66 78
186 66 82
186 66 118
186 66 122
186 66 126
186 66 130
186 66 134
186 66 138
186 66 142
186 66 146
186 66 182
186 66 186
186 70 10
186 70 14
186 70 18
186 70 54
186 70 58
186 70 62
186 70 66
186 70 70
186 70 74
186 70 78
186 70 82
186 70 118
186 70 122
186 70 126
186 70 130
186 70 134
186 70 138
186 70 142
186 70 146
186 70 182
186 70 186
186 74 10
186 74 14
186 74 18
186 74 54
186 74 58
186 74 62
186 74 66
186 74 70
186 74 74
186 74 78
186 74 82
186 74 118
186 74 122
186 74 126
186 74 130
186 74 134
186 74 138
186 74 142
186 74 146
186 74 182
186 74 186
186 78 10
186 78 14
186 78 18
186 78 54
186 78 58
186 78 62
186 78 66
186 78 70
186 78 74
186 78 78
186 78 82
186 78 118
186 78 122
186 78 126
186 78 130
186 78 134
186 78 138
186 78 142
186 78 146
186 78 182
186 78 186
186 82 10
186 82 14
186 82 18
186 82 54
186 82 58
186 82 62
186 82 66
186 82 70
186 82 74
186 82 78
186 82 82
186 82 118
186 82 122
186 82 126
186 82 130
186 82 134
186 82 138
186 82 142
186 82 146
186 82 182
186 82 186
186 118 10
186 118 14
186 118 18
186 118 54
186 118 58
186 118 62
186 118 66
186 118 70
186 118 74
186 118 78
186 118 82
186 118 118
186 118 122
186 118 126
186 118 130
186 118 134
186 118 138
186 118 142
186 118 146
186 118 182
186 118 186
186 122 10
186 122 14
186 122 18
186 122 54
186 122 58
186 122 62
186 122 66
186 122 70
186 122 74
186 122 78
186 122 82
186 122 118
186 122 122
186 122 126
186 122 130
186 122 134
186 122 138
186 122 142
186 122 146
186 122 182
186 122 186
186 126 10
186 126 14
186 126 18
186 126 54
186 126 58
186 126 62
186 126 66
186 126 70
186 126 74
186 126 78
186 126 82
186 126 118
186 126 122
186 126 126
186 126 130
186 126 134
186 126 138
186 126 142
186 126 146
186 126 182
186 126 186
186 130 10
186 130 14
186 130 18
186 130 54
186 130 58
186 130 62
186 130 66
186 130 70
186 130 74
186 130 78
186 130 82
186 130 118
186 130 122
186 130 126
186 130 130
186 130 134
186 130 138
186 130 142
186 130 146
186 130 182
186 130 186
186 134 10
186 134 14
186 134 18
186 134 54
186 134 58
186 134 62
186 134 66
186 134 70
186 134 74
186 134 78
186 134 82
186 134 118
186 134 122
186 134 126
186 134 130
186 134 134
186 134 138
186 134 142
186 134 146
186 134 182
186 134 186
186 138 10
186 138 14
186 138 18
186 138 54
186 138 58
186 138 62
186 138 66
186 138 70
186 138 74
186 138 78
186 138 82
186 138 118
186 138 122
186 138 126
186 138 130
186 138 134
186 138 138
186 138 142
186 138 146
186 138 182
186 138 186
186 142 10
186 142 14
186 142 18
186 142 54
186 142 58
186 142 62
186 142 66
186 142 70
186 142 74
186 142 78
186 142 82
186 142 118
186 142 122
186 142 126
186 142 130
186 142 134
186 142 138
186 142 142
186 142 146
186 142 182
186 142 186
186 146 10
186 146 14
186 146 18
186 146 54
186 146 58
186 146 62
186 146 66
186 146 70
186 146 74
186 146 78
186 146 82
186 146 118
186 146 122
186 146 126
186 146 130
186 146 134
186 146 138
186 146 142
186 146 146
186 146 182
186 146 186
186 182 10
186 182 14
186 182 18
186 182 54
186 182 58
186 182 62
186 182 66
186 182 70
186 182 74
186 182 78
186 182 82
186 182 118
186 182 122
186 182 126
186 182 130
186 182 134
186 182 138
186 182 142
186 182 146
186 182 182
186 182 186
186 186 10
186 186 14
186 186 18
186 186 54
186 186 58
186 186 62
186 186 66
186 186 70
186 186 74
186 186 78
186 186 82
186 186 118
186 186 122
186 186 126
186 186 130
186 186 134
186 186 138
186 186 142
186 186 146
186 186 182
186 186 186
