200
94 94 94
94 94 98
94 94 102
94 94 106
94 98 94
94 98 98
94 98 102
94 98 106
94 102 94
94 102 98
94 102 102
94 102 106
94 106 94
94 106 98
94 106 102
94 106 106
98 94 94
98 94 98
98 94 102
98 94 106
98 98 94
98 98 98
98 98 102
98 98 106
98 102 94
98 102 98
98 102 102
98 102 106
98 106 94
98 106 98
98 106 102
98 106 106
102 94 94
102 94 98
102 94 102
102 94 106
102 98 94
102 98 98
102 98 102
102 98 106
102 102 94
102 102 98
102 102 102
102 102 106
102 106 94
102 106 98
102 106 102
102 106 106
106 94 94
106 94 98
106 94 102
106 94 106
106 98 94
106 98 98
106 98 102
106 98 106
106 102 94
106 102 98
106 102 102
106 102 106
106 106 94
106 106 98
106 106 102
106 106 106
