20
0 1 6
0 1 11
0 2 7
0 2 12
0 3 2
0 3 4
0 3 12
0 4 4
0 6 1
0 6 2
0 7 0
0 7 3
0 7 17
0 8 0
0 8 3
0 8 17
0 8 18
0 9 1
0 9 2
0 10 16
0 10 18
0 11 16
0 11 17
1 1 2
1 1 11
1 1 15
1 2 7
1 2 11
1 3 7
1 3 8
1 5 4
1 5 8
1 5 9
1 5 11
1 5 12
1 5 13
1 6 1
1 6 3
1 6 11
1 6 18
1 7 0
1 7 12
1 7 13
1 8 0
1 9 1
1 9 7
1 9 9
1 9 14
1 9 15
1 10 8
1 10 9
1 10 15
1 10 19
2 0 4
2 0 15
2 1 3
2 1 16
2 2 0
2 2 5
2 3 5
2 4 2
2 4 8
2 4 9
2 5 4
2 5 5
2 5 8
2 5 9
2 6 17
2 6 18
2 7 1
2 7 3
2 7 8
2 7 11
2 7 17
2 7 18
2 8 1
2 8 15
2 8 16
2 8 17
2 8 18
2 9 2
2 9 3
2 9 6
2 9 9
2 9 19
2 10 3
2 10 5
2 10 9
2 10 13
2 10 17
2 10 19
2 11 5
2 11 16
2 11 18
3 0 5
3 0 6
3 0 15
3 0 16
3 1 0
3 1 1
3 1 2
3 1 4
3 1 6
3 1 11
3 1 15
3 2 17
3 3 11
3 4 9
3 4 11
3 5 4
3 5 5
3 5 8
3 5 12
3 5 13
3 5 18
3 6 19
3 7 6
3 7 7
3 7 8
3 7 18
3 7 19
3 8 16
3 8 17
3 9 3
3 9 4
3 9 9
3 9 10
3 9 12
3 9 17
3 9 18
3 10 5
3 10 7
3 11 5
3 11 16
3 12 14
3 12 15
3 13 14
3 13 15
4 0 5
4 0 7
4 0 11
4 0 12
4 0 15
4 1 0
4 1 1
4 1 2
4 1 4
4 1 5
4 1 7
4 1 8
4 1 11
4 1 12
4 2 4
4 2 11
4 2 12
4 2 17
4 3 10
4 3 12
4 4 10
4 4 12
4 5 19
4 6 11
4 6 19
4 7 6
4 7 11
4 7 12
4 7 17
4 7 18
4 8 7
4 8 8
4 8 12
4 8 14
4 8 16
4 9 4
4 9 5
4 9 16
4 10 5
4 10 6
4 11 8
4 11 12
4 11 16
4 12 9
4 12 10
4 12 13
4 13 13
5 0 5
5 0 7
5 1 1
5 1 7
5 1 8
5 1 11
5 1 12
5 1 13
5 2 0
5 2 6
5 2 9
5 2 12
5 2 13
5 3 0
5 3 9
5 3 10
5 3 12
5 3 13
5 4 9
5 4 13
5 5 18
5 5 19
5 6 1
5 6 2
5 7 2
5 7 8
5 8 9
5 8 10
5 8 12
5 8 16
5 8 19
5 9 4
5 9 16
5 10 6
5 11 8
5 12 9
5 12 10
5 13 13
6 0 3
6 0 5
6 1 6
6 1 8
6 2 1
6 2 6
6 2 8
6 2 10
6 2 12
6 3 1
6 3 9
6 3 10
6 3 12
6 4 3
6 4 4
6 4 5
6 4 12
6 4 13
6 4 14
6 4 16
6 5 6
6 5 13
6 5 15
6 5 16
6 5 17
6 6 2
6 6 13
6 7 3
6 7 7
6 7 16
6 7 19
6 8 7
6 8 8
6 8 11
6 8 12
6 8 13
6 8 16
6 8 19
6 9 4
6 9 8
6 9 14
6 11 9
6 12 16
6 13 16
7 2 8
7 2 11
7 2 15
7 3 11
7 3 15
7 4 3
7 4 6
7 4 11
7 4 12
7 4 14
7 4 16
7 5 13
7 5 15
7 5 16
7 5 19
7 6 13
7 6 16
7 7 7
7 8 8
7 8 9
7 8 10
7 9 7
7 9 8
7 9 9
7 9 10
7 9 12
7 9 13
7 9 15
7 9 16
7 9 17
7 10 5
7 10 6
7 10 10
7 11 13
7 11 16
7 12 16
7 13 15
8 0 3
8 0 8
8 0 13
8 1 9
8 1 10
8 1 11
8 1 12
8 1 13
8 1 14
8 1 15
8 2 3
8 3 2
8 3 5
8 3 6
8 3 9
8 3 11
8 3 12
8 4 3
8 4 12
8 5 7
8 5 17
8 6 16
8 7 4
8 7 5
8 8 16
8 9 9
8 9 10
8 10 13
9 0 4
9 2 3
9 3 4
9 3 9
9 3 11
9 4 5
9 4 8
9 4 19
9 5 5
9 5 7
9 6 5
9 8 8
9 8 10
9 9 10
9 9 19
10 0 17
10 1 4
10 1 17
10 2 4
10 2 5
10 2 15
10 2 16
10 2 17
10 3 15
10 3 16
10 4 5
10 4 8
10 4 15
10 5 6
10 5 18
10 5 19
10 6 7
10 6 9
10 6 12
10 7 8
10 7 9
10 7 12
10 8 12
10 8 16
10 9 12
10 9 13
10 9 16
10 10 13
10 10 16
10 10 17
11 1 12
11 1 18
11 2 12
11 2 14
11 2 18
11 3 13
11 4 8
11 4 13
11 4 14
11 5 6
11 5 8
11 5 10
11 5 14
11 6 7
11 6 13
11 6 18
11 6 19
11 7 8
11 7 9
11 7 18
11 7 19
11 8 11
11 8 13
11 8 17
11 8 18
11 9 12
11 9 13
11 9 17
12 0 11
12 0 17
12 1 18
12 2 6
12 2 12
12 2 14
12 3 6
12 3 9
12 3 13
12 3 18
12 4 6
12 4 10
12 4 13
12 4 14
12 4 17
12 5 7
12 5 8
12 5 9
12 5 14
12 5 17
12 6 12
12 7 9
12 8 13
12 9 12
13 1 7
13 1 9
13 1 11
13 1 12
13 1 16
13 1 17
13 1 18
13 2 7
13 2 12
13 3 8
13 3 9
13 3 13
13 3 17
13 3 18
13 4 11
13 4 12
13 4 14
13 4 17
13 5 12
13 5 13
13 5 15
13 5 17
13 7 10
13 7 11
13 7 12
14 3 16
14 4 16
