200
35 35 35
35 35 36
35 35 37
35 35 87
35 35 88
35 35 89
35 35 107
35 35 108
35 35 109
35 35 163
35 35 164
35 35 165
35 36 35
35 36 36
35 36 37
35 36 87
35 36 88
35 36 89
35 36 107
35 36 108
35 36 109
35 36 163
35 36 164
35 36 165
35 37 35
35 37 36
35 37 37
35 37 87
35 37 88
35 37 89
35 37 107
35 37 108
35 37 109
35 37 163
35 37 164
35 37 165
35 87 35
35 87 36
35 87 37
35 87 87
35 87 88
35 87 89
35 87 107
35 87 108
35 87 109
35 87 163
35 87 164
35 87 165
35 88 35
35 88 36
35 88 37
35 88 87
35 88 88
35 88 89
35 88 107
35 88 108
35 88 109
35 88 163
35 88 164
35 88 165
35 89 35
35 89 36
35 89 37
35 89 87
35 89 88
35 89 89
35 89 107
35 89 108
35 89 109
35 89 163
35 89 164
35 89 165
35 107 35
35 107 36
35 107 37
35 107 87
35 107 88
35 107 89
35 107 107
35 107 108
35 107 109
35 107 163
35 107 164
35 107 165
35 108 35
35 108 36
35 108 37
35 108 87
35 108 88
35 108 89
35 108 107
35 108 108
35 108 109
35 108 163
35 108 164
35 108 165
35 109 35
35 109 36
35 109 37
35 109 87
35 109 88
35 109 89
35 109 107
35 109 108
35 109 109
35 109 163
35 109 164
35 109 165
35 163 35
35 163 36
35 163 37
35 163 87
35 163 88
35 163 89
35 163 107
35 163 108
35 163 109
35 163 163
35 163 164
35 163 165
35 164 35
35 164 36
35 164 37
35 164 87
35 164 88
35 164 89
35 164 107
35 164 108
35 164 109
35 164 163
35 164 164
35 164 165
35 165 35
35 165 36
35 165 37
35 165 87
35 165 88
35 165 89
35 165 107
35 165 108
35 165 109
35 165 163
35 165 164
35 165 165
36 35 35
36 35 36
36 35 37
36 35 87
36 35 88
36 35 89
36 35 107
36 35 108
36 35 109
36 35 163
36 35 164
36 35 165
36 36 35
36 36 37
36 36 87
36 36 89
36 36 107
36 36 109
36 36 163
36 36 165
36 37 35
36 37 36
36 37 37
36 37 87
36 37 88
36 37 89
36 37 107
36 37 108
36 37 109
36 37 163
36 37 164
36 37 165
36 87 35
36 87 36
36 87 37
36 87 87
36 87 88
36 87 89
36 87 107
36 87 108
36 87 109
36 87 163
36 87 164
36 87 165
36 88 35
36 88 37
36 88 87
36 88 89
36 88 107
36 88 109
36 88 163
36 88 165
36 89 35
36 89 36
36 89 37
36 89 87
36 89 88
36 89 89
36 89 107
36 89 108
36 89 109
36 89 163
36 89 164
36 89 165
36 107 35
36 107 36
36 107 37
36 107 87
36 107 88
36 107 89
36 107 107
36 107 108
36 107 109
36 107 163
36 107 164
36 107 165
36 108 35
36 108 37
36 108 87
36 108 89
36 108 107
36 108 109
36 108 163
36 108 165
36 109 35
36 109 36
36 109 37
36 109 87
36 109 88
36 109 89
36 109 107
36 109 108
36 109 109
36 109 163
36 109 164
36 109 165
36 163 35
36 163 36
36 163 37
36 163 87
36 163 88
36 163 89
36 163 107
36 163 108
36 163 109
36 163 163
36 163 164
36 163 165
36 164 35
36 164 37
36 164 87
36 164 89
36 164 107
36 164 109
36 164 163
36 164 165
36 165 35
36 165 36
36 165 37
36 165 87
36 165 88
36 165 89
36 165 107
36 165 108
36 165 109
36 165 163
36 165 164
36 165 165
37 35 35
37 35 36
37 35 37
37 35 87
37 35 88
37 35 89
37 35 107
37 35 108
37 35 109
37 35 163
37 35 164
37 35 165
37 36 35
37 36 36
37 36 37
37 36 87
37 36 88
37 36 89
37 36 107
37 36 108
37 36 109
37 36 163
37 36 164
37 36 165
37 37 35
37 37 36
37 37 37
37 37 87
37 37 88
37 37 89
37 37 107
37 37 108
37 37 109
37 37 163
37 37 164
37 37 165
37 87 35
37 87 36
37 87 37
37 87 87
37 87 88
37 87 89
37 87 107
37 87 108
37 87 109
37 87 163
37 87 164
37 87 165
37 88 35
37 88 36
37 88 37
37 88 87
37 88 88
37 88 89
37 88 107
37 88 108
37 88 109
37 88 163
37 88 164
37 88 165
37 89 35
37 89 36
37 89 37
37 89 87
37 89 88
37 89 89
37 89 107
37 89 108
37 89 109
37 89 163
37 89 164
37 89 165
37 107 35
37 107 36
37 107 37
37 107 87
37 107 88
37 107 89
37 107 107
37 107 108
37 107 109
37 107 163
37 107 164
37 107 165
37 108 35
37 108 36
37 108 37
37 108 87
37 108 88
37 108 89
37 108 107
37 108 108
37 108 109
37 108 163
37 108 164
37 108 165
37 109 35
37 109 36
37 109 37
37 109 87
37 109 88
37 109 89
37 109 107
37 109 108
37 109 109
37 109 163
37 109 164
37 109 165
37 163 35
37 163 36
37 163 37
37 163 87
37 163 88
37 163 89
37 163 107
37 163 108
37 163 109
37 163 163
37 163 164
37 163 165
37 164 35
37 164 36
37 164 37
37 164 87
37 164 88
37 164 89
37 164 107
37 164 108
37 164 109
37 164 163
37 164 164
37 164 165
37 165 35
37 165 36
37 165 37
37 165 87
37 165 88
37 165 89
37 165 107
37 165 108
37 165 109
37 165 163
37 165 164
37 165 165
87 35 35
87 35 36
87 35 37
87 35 87
87 35 88
87 35 89
87 35 107
87 35 108
87 35 109
87 35 163
87 35 164
87 35 165
87 36 35
87 36 36
87 36 37
87 36 87
87 36 88
87 36 89
87 36 107
87 36 108
87 36 109
87 36 163
87 36 164
87 36 165
87 37 35
87 37 36
87 37 37
87 37 87
87 37 88
87 37 89
87 37 107
87 37 108
87 37 109
87 37 163
87 37 164
87 37 165
87 87 35
87 87 36
87 87 37
87 87 87
87 87 88
87 87 89
87 87 107
87 87 108
87 87 109
87 87 163
87 87 164
87 87 165
87 88 35
87 88 36
87 88 37
87 88 87
87 88 88
87 88 89
87 88 107
87 88 108
87 88 109
87 88 163
87 88 164
87 88 165
87 89 35
87 89 36
87 89 37
87 89 87
87 89 88
87 89 89
87 89 107
87 89 108
87 89 109
87 89 163
87 89 164
87 89 165
87 107 35
87 107 36
87 107 37
87 107 87
87 107 88
87 107 89
87 107 107
87 107 108
87 107 109
87 107 163
87 107 164
87 107 165
87 108 35
87 108 36
87 108 37
87 108 87
87 108 88
87 108 89
87 108 107
87 108 108
87 108 109
87 108 163
87 108 164
87 108 165
87 109 35
87 109 36
87 109 37
87 109 87
87 109 88
87 109 89
87 109 107
87 109 108
87 109 109
87 109 163
87 109 164
87 109 165
87 163 35
87 163 36
87 163 37
87 163 87
87 163 88
87 163 89
87 163 107
87 163 108
87 163 109
87 163 163
87 163 164
87 163 165
87 164 35
87 164 36
87 164 37
87 164 87
87 164 88
87 164 89
87 164 107
87 164 108
87 164 109
87 164 163
87 164 164
87 164 165
87 165 35
87 165 36
87 165 37
87 165 87
87 165 88
87 165 89
87 165 107
87 165 108
87 165 109
87 165 163
87 165 164
87 165 165
88 35 35
88 35 36
88 35 37
88 35 87
88 35 88
88 35 89
88 35 107
88 35 108
88 35 109
88 35 163
88 35 164
88 35 165
88 36 35
88 36 37
88 36 87
88 36 89
88 36 107
88 36 109
88 36 163
88 36 165
88 37 35
88 37 36
88 37 37
88 37 87
88 37 88
88 37 89
88 37 107
88 37 108
88 37 109
88 37 163
88 37 164
88 37 165
88 87 35
88 87 36
88 87 37
88 87 87
88 87 88
88 87 89
88 87 107
88 87 108
88 87 109
88 87 163
88 87 164
88 87 165
88 88 35
88 88 37
88 88 87
88 88 89
88 88 107
88 88 109
88 88 163
88 88 165
88 89 35
88 89 36
88 89 37
88 89 87
88 89 88
88 89 89
88 89 107
88 89 108
88 89 109
88 89 163
88 89 164
88 89 165
88 107 35
88 107 36
88 107 37
88 107 87
88 107 88
88 107 89
88 107 107
88 107 108
88 107 109
88 107 163
88 107 164
88 107 165
88 108 35
88 108 37
88 108 87
88 108 89
88 108 107
88 108 109
88 108 163
88 108 165
88 109 35
88 109 36
88 109 37
88 109 87
88 109 88
88 109 89
88 109 107
88 109 108
88 109 109
88 109 163
88 109 164
88 109 165
88 163 35
88 163 36
88 163 37
88 163 87
88 163 88
88 163 89
88 163 107
88 163 108
88 163 109
88 163 163
88 163 164
88 163 165
88 164 35
88 164 37
88 164 87
88 164 89
88 164 107
88 164 109
88 164 163
88 164 165
88 165 35
88 165 36
88 165 37
88 165 87
88 165 88
88 165 89
88 165 107
88 165 108
88 165 109
88 165 163
88 165 164
88 165 165
89 35 35
89 35 36
89 35 37
89 35 87
89 35 88
89 35 89
89 35 107
89 35 108
89 35 109
89 35 163
89 35 164
89 35 165
89 36 35
89 36 36
89 36 37
89 36 87
89 36 88
89 36 89
89 36 107
89 36 108
89 36 109
89 36 163
89 36 164
89 36 165
89 37 35
89 37 36
89 37 37
89 37 87
89 37 88
89 37 89
89 37 107
89 37 108
89 37 109
89 37 163
89 37 164
89 37 165
89 87 35
89 87 36
89 87 37
89 87 87
89 87 88
89 87 89
89 87 107
89 87 108
89 87 109
89 87 163
89 87 164
89 87 165
89 88 35
89 88 36
89 88 37
89 88 87
89 88 88
89 88 89
89 88 107
89 88 108
89 88 109
89 88 163
89 88 164
89 88 165
89 89 35
89 89 36
89 89 37
89 89 87
89 89 88
89 89 89
89 89 107
89 89 108
89 89 109
89 89 163
89 89 164
89 89 165
89 107 35
89 107 36
89 107 37
89 107 87
89 107 88
89 107 89
89 107 107
89 107 108
89 107 109
89 107 163
89 107 164
89 107 165
89 108 35
89 108 36
89 108 37
89 108 87
89 108 88
89 108 89
89 108 107
89 108 108
89 108 109
89 108 163
89 108 164
89 108 165
89 109 35
89 109 36
89 109 37
89 109 87
89 109 88
89 109 89
89 109 107
89 109 108
89 109 109
89 109 163
89 109 164
89 109 165
89 163 35
89 163 36
89 163 37
89 163 87
89 163 88
89 163 89
89 163 107
89 163 108
89 163 109
89 163 163
89 163 164
89 163 165
89 164 35
89 164 36
89 164 37
89 164 87
89 164 88
89 164 89
89 164 107
89 164 108
89 164 109
89 164 163
89 164 164
89 164 165
89 165 35
89 165 36
89 165 37
89 165 87
89 165 88
89 165 89
89 165 107
89 165 108
89 165 109
89 165 163
89 165 164
89 165 165
107 35 35
107 35 36
107 35 37
107 35 87
107 35 88
107 35 89
107 35 107
107 35 108
107 35 109
107 35 163
107 35 164
107 35 165
107 36 35
107 36 36
107 36 37
107 36 87
107 36 88
107 36 89
107 36 107
107 36 108
107 36 109
107 36 163
107 36 164
107 36 165
107 37 35
107 37 36
107 37 37
107 37 87
107 37 88
107 37 89
107 37 107
107 37 108
107 37 109
107 37 163
107 37 164
107 37 165
107 87 35
107 87 36
107 87 37
107 87 87
107 87 88
107 87 89
107 87 107
107 87 108
107 87 109
107 87 163
107 87 164
107 87 165
107 88 35
107 88 36
107 88 37
107 88 87
107 88 88
107 88 89
107 88 107
107 88 108
107 88 109
107 88 163
107 88 164
107 88 165
107 89 35
107 89 36
107 89 37
107 89 87
107 89 88
107 89 89
107 89 107
107 89 108
107 89 109
107 89 163
107 89 164
107 89 165
107 107 35
107 107 36
107 107 37
107 107 87
107 107 88
107 107 89
107 107 107
107 107 108
107 107 109
107 107 163
107 107 164
107 107 165
107 108 35
107 108 36
107 108 37
107 108 87
107 108 88
107 108 89
107 108 107
107 108 108
107 108 109
107 108 163
107 108 164
107 108 165
107 109 35
107 109 36
107 109 37
107 109 87
107 109 88
107 109 89
107 109 107
107 109 108
107 109 109
107 109 163
107 109 164
107 109 165
107 163 35
107 163 36
107 163 37
107 163 87
107 163 88
107 163 89
107 163 107
107 163 108
107 163 109
107 163 163
107 163 164
107 163 165
107 164 35
107 164 36
107 164 37
107 164 87
107 164 88
107 164 89
107 164 107
107 164 108
107 164 109
107 164 163
107 164 164
107 164 165
107 165 35
107 165 36
107 165 37
107 165 87
107 165 88
107 165 89
107 165 107
107 165 108
107 165 109
107 165 163
107 165 164
107 165 165
108 35 35
108 35 36
108 35 37
108 35 87
108 35 88
108 35 89
108 35 107
108 35 108
108 35 109
108 35 163
108 35 164
108 35 165
108 36 35
108 36 37
108 36 87
108 36 89
108 36 107
108 36 109
108 36 163
108 36 165
108 37 35
108 37 36
108 37 37
108 37 87
108 37 88
108 37 89
108 37 107
108 37 108
108 37 109
108 37 163
108 37 164
108 37 165
108 87 35
108 87 36
108 87 37
108 87 87
108 87 88
108 87 89
108 87 107
108 87 108
108 87 109
108 87 163
108 87 164
108 87 165
108 88 35
108 88 37
108 88 87
108 88 89
108 88 107
108 88 109
108 88 163
108 88 165
108 89 35
108 89 36
108 89 37
108 89 87
108 89 88
108 89 89
108 89 107
108 89 108
108 89 109
108 89 163
108 89 164
108 89 165
108 107 35
108 107 36
108 107 37
108 107 87
108 107 88
108 107 89
108 107 107
108 107 108
108 107 109
108 107 163
108 107 164
108 107 165
108 108 35
108 108 37
108 108 87
108 108 89
108 108 107
108 108 109
108 108 163
108 108 165
108 109 35
108 109 36
108 109 37
108 109 87
108 109 88
108 109 89
108 109 107
108 109 108
108 109 109
108 109 163
108 109 164
108 109 165
108 163 35
108 163 36
108 163 37
108 163 87
108 163 88
108 163 89
108 163 107
108 163 108
108 163 109
108 163 163
108 163 164
108 163 165
108 164 35
108 164 37
108 164 87
108 164 89
108 164 107
108 164 109
108 164 163
108 164 165
108 165 35
108 165 36
108 165 37
108 165 87
108 165 88
108 165 89
108 165 107
108 165 108
108 165 109
108 165 163
108 165 164
108 165 165
109 35 35
109 35 36
109 35 37
109 35 87
109 35 88
109 35 89
109 35 107
109 35 108
109 35 109
109 35 163
109 35 164
109 35 165
109 36 35
109 36 36
109 36 37
109 36 87
109 36 88
109 36 89
109 36 107
109 36 108
109 36 109
109 36 163
109 36 164
109 36 165
109 37 35
109 37 36
109 37 37
109 37 87
109 37 88
109 37 89
109 37 107
109 37 108
109 37 109
109 37 163
109 37 164
109 37 165
109 87 35
109 87 36
109 87 37
109 87 87
109 87 88
109 87 89
109 87 107
109 87 108
109 87 109
109 87 163
109 87 164
109 87 165
109 88 35
109 88 36
109 88 37
109 88 87
109 88 88
109 88 89
109 88 107
109 88 108
109 88 109
109 88 163
109 88 164
109 88 165
109 89 35
109 89 36
109 89 37
109 89 87
109 89 88
109 89 89
109 89 107
109 89 108
109 89 109
109 89 163
109 89 164
109 89 165
109 107 35
109 107 36
109 107 37
109 107 87
109 107 88
109 107 89
109 107 107
109 107 108
109 107 109
109 107 163
109 107 164
109 107 165
109 108 35
109 108 36
109 108 37
109 108 87
109 108 88
109 108 89
109 108 107
109 108 108
109 108 109
109 108 163
109 108 164
109 108 165
109 109 35
109 109 36
109 109 37
109 109 87
109 109 88
109 109 89
109 109 107
109 109 108
109 109 109
109 109 163
109 109 164
109 109 165
109 163 35
109 163 36
109 163 37
109 163 87
109 163 88
109 163 89
109 163 107
109 163 108
109 163 109
109 163 163
109 163 164
109 163 165
109 164 35
109 164 36
109 164 37
109 164 87
109 164 88
109 164 89
109 164 107
109 164 108
109 164 109
109 164 163
109 164 164
109 164 165
109 165 35
109 165 36
109 165 37
109 165 87
109 165 88
109 165 89
109 165 107
109 165 108
109 165 109
109 165 163
109 165 164
109 165 165
163 35 35
163 35 36
163 35 37
163 35 87
163 35 88
163 35 89
163 35 107
163 35 108
163 35 109
163 35 163
163 35 164
163 35 165
163 36 35
163 36 36
163 36 37
163 36 87
163 36 88
163 36 89
163 36 107
163 36 108
163 36 109
163 36 163
163 36 164
163 36 165
163 37 35
163 37 36
163 37 37
163 37 87
163 37 88
163 37 89
163 37 107
163 37 108
163 37 109
163 37 163
163 37 164
163 37 165
163 87 35
163 87 36
163 87 37
163 87 87
163 87 88
163 87 89
163 87 107
163 87 108
163 87 109
163 87 163
163 87 164
163 87 165
163 88 35
163 88 36
163 88 37
163 88 87
163 88 88
163 88 89
163 88 107
163 88 108
163 88 109
163 88 163
163 88 164
163 88 165
163 89 35
163 89 36
163 89 37
163 89 87
163 89 88
163 89 89
163 89 107
163 89 108
163 89 109
163 89 163
163 89 164
163 89 165
163 107 35
163 107 36
163 107 37
163 107 87
163 107 88
163 107 89
163 107 107
163 107 108
163 107 109
163 107 163
163 107 164
163 107 165
163 108 35
163 108 36
163 108 37
163 108 87
163 108 88
163 108 89
163 108 107
163 108 108
163 108 109
163 108 163
163 108 164
163 108 165
163 109 35
163 109 36
163 109 37
163 109 87
163 109 88
163 109 89
163 109 107
163 109 108
163 109 109
163 109 163
163 109 164
163 109 165
163 163 35
163 163 36
163 163 37
163 163 87
163 163 88
163 163 89
163 163 107
163 163 108
163 163 109
163 163 163
163 163 164
163 163 165
163 164 35
163 164 36
163 164 37
163 164 87
163 164 88
163 164 89
163 164 107
163 164 108
163 164 109
163 164 163
163 164 164
163 164 165
163 165 35
163 165 36
163 165 37
163 165 87
163 165 88
163 165 89
163 165 107
163 165 108
163 165 109
163 165 163
163 165 164
163 165 165
164 35 35
164 35 36
164 35 37
164 35 87
164 35 88
164 35 89
164 35 107
164 35 108
164 35 109
164 35 163
164 35 164
164 35 165
164 36 35
164 36 37
164 36 87
164 36 89
164 36 107
164 36 109
164 36 163
164 36 165
164 37 35
164 37 36
164 37 37
164 37 87
164 37 88
164 37 89
164 37 107
164 37 108
164 37 109
164 37 163
164 37 164
164 37 165
164 87 35
164 87 36
164 87 37
164 87 87
164 87 88
164 87 89
164 87 107
164 87 108
164 87 109
164 87 163
164 87 164
164 87 165
164 88 35
164 88 37
164 88 87
164 88 89
164 88 107
164 88 109
164 88 163
164 88 165
164 89 35
164 89 36
164 89 37
164 89 87
164 89 88
164 89 89
164 89 107
164 89 108
164 89 109
164 89 163
164 89 164
164 89 165
164 107 35
164 107 36
164 107 37
164 107 87
164 107 88
164 107 89
164 107 107
164 107 108
164 107 109
164 107 163
164 107 164
164 107 165
164 108 35
164 108 37
164 108 87
164 108 89
164 108 107
164 108 109
164 108 163
164 108 165
164 109 35
164 109 36
164 109 37
164 109 87
164 109 88
164 109 89
164 109 107
164 109 108
164 109 109
164 109 163
164 109 164
164 109 165
164 163 35
164 163 36
164 163 37
164 163 87
164 163 88
164 163 89
164 163 107
164 163 108
164 163 109
164 163 163
164 163 164
164 163 165
164 164 35
164 164 37
164 164 87
164 164 89
164 164 107
164 164 109
164 164 163
164 164 165
164 165 35
164 165 36
164 165 37
164 165 87
164 165 88
164 165 89
164 165 107
164 165 108
164 165 109
164 165 163
164 165 164
164 165 165
165 35 35
165 35 36
165 35 37
165 35 87
165 35 88
165 35 89
165 35 107
165 35 108
165 35 109
165 35 163
165 35 164
165 35 165
165 36 35
165 36 36
165 36 37
165 36 87
165 36 88
165 36 89
165 36 107
165 36 108
165 36 109
165 36 163
165 36 164
165 36 165
165 37 35
165 37 36
165 37 37
165 37 87
165 37 88
165 37 89
165 37 107
165 37 108
165 37 109
165 37 163
165 37 164
165 37 165
165 87 35
165 87 36
165 87 37
165 87 87
165 87 88
165 87 89
165 87 107
165 87 108
165 87 109
165 87 163
165 87 164
165 87 165
165 88 35
165 88 36
165 88 37
165 88 87
165 88 88
165 88 89
165 88 107
165 88 108
165 88 109
165 88 163
165 88 164
165 88 165
165 89 35
165 89 36
165 89 37
165 89 87
165 89 88
165 89 89
165 89 107
165 89 108
165 89 109
165 89 163
165 89 164
165 89 165
165 107 35
165 107 36
165 107 37
165 107 87
165 107 88
165 107 89
165 107 107
165 107 108
165 107 109
165 107 163
165 107 164
165 107 165
165 108 35
165 108 36
165 108 37
165 108 87
165 108 88
165 108 89
165 108 107
165 108 108
165 108 109
165 108 163
165 108 164
165 108 165
165 109 35
165 109 36
165 109 37
165 109 87
165 109 88
165 109 89
165 109 107
165 109 108
165 109 109
165 109 163
165 109 164
165 109 165
165 163 35
165 163 36
165 163 37
165 163 87
165 163 88
165 163 89
165 163 107
165 163 108
165 163 109
165 163 163
165 163 164
165 163 165
165 164 35
165 164 36
165 164 37
165 164 87
165 164 88
165 164 89
165 164 107
165 164 108
165 164 109
165 164 163
165 164 164
165 164 165
165 165 35
165 165 36
165 165 37
165 165 87
165 165 88
165 165 89
165 165 107
165 165 108
165 165 109
165 165 163
165 165 164
165 165 165
