200
2 2 2
2 2 6
2 2 10
2 2 62
2 2 66
2 2 70
2 2 74
2 2 126
2 2 130
2 2 134
2 2 138
2 2 190
2 2 194
2 6 2
2 6 6
2 6 10
2 6 62
2 6 66
2 6 70
2 6 74
2 6 126
2 6 130
2 6 134
2 6 138
2 6 190
2 6 194
2 10 2
2 10 6
2 10 10
2 10 62
2 10 66
2 10 70
2 10 74
2 10 126
2 10 130
2 10 134
2 10 138
2 10 190
2 10 194
2 62 2
2 62 6
2 62 10
2 62 62
2 62 66
2 62 70
2 62 74
2 62 126
2 62 130
2 62 134
2 62 138
2 62 190
2 62 194
2 66 2
2 66 6
2 66 10
2 66 62
2 66 66
2 66 70
2 66 74
2 66 126
2 66 130
2 66 134
2 66 138
2 66 190
2 66 194
2 70 2
2 70 6
2 70 10
2 70 62
2 70 66
2 70 70
2 70 74
2 70 126
2 70 130
2 70 134
2 70 138
2 70 190
2 70 194
2 74 2
2 74 6
2 74 10
2 74 62
2 74 66
2 74 70
2 74 74
2 74 126
2 74 130
2 74 134
2 74 138
2 74 190
2 74 194
2 126 2
2 126 6
2 126 10
2 126 62
2 126 66
2 126 70
2 126 74
2 126 126
2 126 130
2 126 134
2 126 138
2 126 190
2 126 194
2 130 2
2 130 6
2 130 10
2 130 62
2 130 66
2 130 70
2 130 74
2 130 126
2 130 130
2 130 134
2 130 138
2 130 190
2 130 194
2 134 2
2 134 6
2 134 10
2 134 62
2 134 66
2 134 70
2 134 74
2 134 126
2 134 130
2 134 134
2 134 138
2 134 190
2 134 194
2 138 2
2 138 6
2 138 10
2 138 62
2 138 66
2 138 70
2 138 74
2 138 126
2 138 130
2 138 134
2 138 138
2 138 190
2 138 194
2 190 2
2 190 6
2 190 10
2 190 62
2 190 66
2 190 70
2 190 74
2 190 126
2 190 130
2 190 134
2 190 138
2 190 190
2 190 194
2 194 2
2 194 6
2 194 10
2 194 62
2 194 66
2 194 70
2 194 74
2 194 126
2 194 130
2 194 134
2 194 138
2 194 190
2 194 194
6 2 2
6 2 6
6 2 10
6 2 62
6 2 66
6 2 70
6 2 74
6 2 126
6 2 130
6 2 134
6 2 138
6 2 190
6 2 194
6 6 2
6 6 6
6 6 10
6 6 62
6 6 66
6 6 70
6 6 74
6 6 126
6 6 130
6 6 134
6 6 138
6 6 190
6 6 194
6 10 2
6 10 6
6 10 10
6 10 62
6 10 66
6 10 70
6 10 74
6 10 126
6 10 130
6 10 134
6 10 138
6 10 190
6 10 194
6 62 2
6 62 6
6 62 10
6 62 62
6 62 66
6 62 70
6 62 74
6 62 126
6 62 130
6 62 134
6 62 138
6 62 190
6 62 194
6 66 2
6 66 6
6 66 10
6 66 62
6 66 66
6 66 70
6 66 74
6 66 126
6 66 130
6 66 134
6 66 138
6 66 190
6 66 194
6 70 2
6 70 6
6 70 10
6 70 62
6 70 66
6 70 70
6 70 74
6 70 126
6 70 130
6 70 134
6 70 138
6 70 190
6 70 194
6 74 2
6 74 6
6 74 10
6 74 62
6 74 66
6 74 70
6 74 74
6 74 126
6 74 130
6 74 134
6 74 138
6 74 190
6 74 194
6 126 2
6 126 6
6 126 10
6 126 62
6 126 66
6 126 70
6 126 74
6 126 126
6 126 130
6 126 134
6 126 138
6 126 190
6 126 194
6 130 2
6 130 6
6 130 10
6 130 62
6 130 66
6 130 70
6 130 74
6 130 126
6 130 130
6 130 134
6 130 138
6 130 190
6 130 194
6 134 2
6 134 6
6 134 10
6 134 62
6 134 66
6 134 70
6 134 74
6 134 126
6 134 130
6 134 134
6 134 138
6 134 190
6 134 194
6 138 2
6 138 6
6 138 10
6 138 62
6 138 66
6 138 70
6 138 74
6 138 126
6 138 130
6 138 134
6 138 138
6 138 190
6 138 194
6 190 2
6 190 6
6 190 10
6 190 62
6 190 66
6 190 70
6 190 74
6 190 126
6 190 130
6 190 134
6 190 138
6 190 190
6 190 194
6 194 2
6 194 6
6 194 10
6 194 62
6 194 66
6 194 70
6 194 74
6 194 126
6 194 130
6 194 134
6 194 138
6 194 190
6 194 194
10 2 2
10 2 6
10 2 10
10 2 62
10 2 66
10 2 70
10 2 74
10 2 126
10 2 130
10 2 134
10 2 138
10 2 190
10 2 194
10 6 2
10 6 6
10 6 10
10 6 62
10 6 66
10 6 70
10 6 74
10 6 126
10 6 130
10 6 134
10 6 138
10 6 190
10 6 194
10 10 2
10 10 6
10 10 10
10 10 62
10 10 66
10 10 70
10 10 74
10 10 126
10 10 130
10 10 134
10 10 138
10 10 190
10 10 194
10 62 2
10 62 6
10 62 10
10 62 62
10 62 66
10 62 70
10 62 74
10 62 126
10 62 130
10 62 134
10 62 138
10 62 190
10 62 194
10 66 2
10 66 6
10 66 10
10 66 62
10 66 66
10 66 70
10 66 74
10 66 126
10 66 130
10 66 134
10 66 138
10 66 190
10 66 194
10 70 2
10 70 6
10 70 10
10 70 62
10 70 66
10 70 70
10 70 74
10 70 126
10 70 130
10 70 134
10 70 138
10 70 190
10 70 194
10 74 2
10 74 6
10 74 10
10 74 62
10 74 66
10 74 70
10 74 74
10 74 126
10 74 130
10 74 134
10 74 138
10 74 190
10 74 194
10 126 2
10 126 6
10 126 10
10 126 62
10 126 66
10 126 70
10 126 74
10 126 126
10 126 130
10 126 134
10 126 138
10 126 190
10 126 194
10 130 2
10 130 6
10 130 10
10 130 62
10 130 66
10 130 70
10 130 74
10 130 126
10 130 130
10 130 134
10 130 138
10 130 190
10 130 194
10 134 2
10 134 6
10 134 10
10 134 62
10 134 66
10 134 70
10 134 74
10 134 126
10 134 130
10 134 134
10 134 138
10 134 190
10 134 194
10 138 2
10 138 6
10 138 10
10 138 62
10 138 66
10 138 70
10 138 74
10 138 126
10 138 130
10 138 134
10 138 138
10 138 190
10 138 194
10 190 2
10 190 6
10 190 10
10 190 62
10 190 66
10 190 70
10 190 74
10 190 126
10 190 130
10 190 134
10 190 138
10 190 190
10 190 194
10 194 2
10 194 6
10 194 10
10 194 62
10 194 66
10 194 70
10 194 74
10 194 126
10 194 130
10 194 134
10 194 138
10 194 190
10 194 194
62 2 2
62 2 6
62 2 10
62 2 62
62 2 66
62 2 70
62 2 74
62 2 126
62 2 130
62 2 134
62 2 138
62 2 190
62 2 194
62 6 2
62 6 6
62 6 10
62 6 62
62 6 66
62 6 70
62 6 74
62 6 126
62 6 130
62 6 134
62 6 138
62 6 190
62 6 194
62 10 2
62 10 6
62 10 10
62 10 62
62 10 66
62 10 70
62 10 74
62 10 126
62 10 130
62 10 134
62 10 138
62 10 190
62 10 194
62 62 2
62 62 6
62 62 10
62 62 62
62 62 66
62 62 70
62 62 74
62 62 126
62 62 130
62 62 134
62 62 138
62 62 190
62 62 194
62 66 2
62 66 6
62 66 10
62 66 62
62 66 66
62 66 70
62 66 74
62 66 126
62 66 130
62 66 134
62 66 138
62 66 190
62 66 194
62 70 2
62 70 6
62 70 10
62 70 62
62 70 66
62 70 70
62 70 74
62 70 126
62 70 130
62 70 134
62 70 138
62 70 190
62 70 194
62 74 2
62 74 6
62 74 10
62 74 62
62 74 66
62 74 70
62 74 74
62 74 126
62 74 130
62 74 134
62 74 138
62 74 190
62 74 194
62 126 2
62 126 6
62 126 10
62 126 62
62 126 66
62 126 70
62 126 74
62 126 126
62 126 130
62 126 134
62 126 138
62 126 190
62 126 194
62 130 2
62 130 6
62 130 10
62 130 62
62 130 66
62 130 70
62 130 74
62 130 126
62 130 130
62 130 134
62 130 138
62 130 190
62 130 194
62 134 2
62 134 6
62 134 10
62 134 62
62 134 66
62 134 70
62 134 74
62 134 126
62 134 130
62 134 134
62 134 138
62 134 190
62 134 194
62 138 2
62 138 6
62 138 10
62 138 62
62 138 66
62 138 70
62 138 74
62 138 126
62 138 130
62 138 134
62 138 138
62 138 190
62 138 194
62 190 2
62 190 6
62 190 10
62 190 62
62 190 66
62 190 70
62 190 74
62 190 126
62 190 130
62 190 134
62 190 138
62 190 190
62 190 194
62 194 2
62 194 6
62 194 10
62 194 62
62 194 66
62 194 70
62 194 74
62 194 126
62 194 130
62 194 134
62 194 138
62 194 190
62 194 194
66 2 2
66 2 6
66 2 10
66 2 62
66 2 66
66 2 70
66 2 74
66 2 126
66 2 130
66 2 134
66 2 138
66 2 190
66 2 194
66 6 2
66 6 6
66 6 10
66 6 62
66 6 66
66 6 70
66 6 74
66 6 126
66 6 130
66 6 134
66 6 138
66 6 190
66 6 194
66 10 2
66 10 6
66 10 10
66 10 62
66 10 66
66 10 70
66 10 74
66 10 126
66 10 130
66 10 134
66 10 138
66 10 190
66 10 194
66 62 2
66 62 6
66 62 10
66 62 62
66 62 66
66 62 70
66 62 74
66 62 126
66 62 130
66 62 134
66 62 138
66 62 190
66 62 194
66 66 2
66 66 6
66 66 10
66 66 62
66 66 66
66 66 70
66 66 74
66 66 126
66 66 130
66 66 134
66 66 138
66 66 190
66 66 194
66 70 2
66 70 6
66 70 10
66 70 62
66 70 66
66 70 70
66 70 74
66 70 126
66 70 130
66 70 134
66 70 138
66 70 190
66 70 194
66 74 2
66 74 6
66 74 10
66 74 62
66 74 66
66 74 70
66 74 74
66 74 126
66 74 130
66 74 134
66 74 138
66 74 190
66 74 194
66 126 2
66 126 6
66 126 10
66 126 62
66 126 66
66 126 70
66 126 74
66 126 126
66 126 130
66 126 134
66 126 138
66 126 190
66 126 194
66 130 2
66 130 6
66 130 10
66 130 62
66 130 66
66 130 70
66 130 74
66 130 126
66 130 130
66 130 134
66 130 138
66 130 190
66 130 194
66 134 2
66 134 6
66 134 10
66 134 62
66 134 66
66 134 70
66 134 74
66 134 126
66 134 130
66 134 134
66 134 138
66 134 190
66 134 194
66 138 2
66 138 6
66 138 10
66 138 62
66 138 66
66 138 70
66 138 74
66 138 126
66 138 130
66 138 134
66 138 138
66 138 190
66 138 194
66 190 2
66 190 6
66 190 10
66 190 62
66 190 66
66 190 70
66 190 74
66 190 126
66 190 130
66 190 134
66 190 138
66 190 190
66 190 194
66 194 2
66 194 6
66 194 10
66 194 62
66 194 66
66 194 70
66 194 74
66 194 126
66 194 130
66 194 134
66 194 138
66 194 190
66 194 194
70 2 2
70 2 6
70 2 10
70 2 62
70 2 66
70 2 70
70 2 74
70 2 126
70 2 130
70 2 134
70 2 138
70 2 190
70 2 194
70 6 2
70 6 6
70 6 10
70 6 62
70 6 66
70 6 70
70 6 74
70 6 126
70 6 130
70 6 134
70 6 138
70 6 190
70 6 194
70 10 2
70 10 6
70 10 10
70 10 62
70 10 66
70 10 70
70 10 74
70 10 126
70 10 130
70 10 134
70 10 138
70 10 190
70 10 194
70 62 2
70 62 6
70 62 10
70 62 62
70 62 66
70 62 70
70 62 74
70 62 126
70 62 130
70 62 134
70 62 138
70 62 190
70 62 194
70 66 2
70 66 6
70 66 10
70 66 62
70 66 66
70 66 70
70 66 74
70 66 126
70 66 130
70 66 134
70 66 138
70 66 190
70 66 194
70 70 2
70 70 6
70 70 10
70 70 62
70 70 66
70 70 70
70 70 74
70 70 126
70 70 130
70 70 134
70 70 138
70 70 190
70 70 194
70 74 2
70 74 6
70 74 10
70 74 62
70 74 66
70 74 70
70 74 74
70 74 126
70 74 130
70 74 134
70 74 138
70 74 190
70 74 194
70 126 2
70 126 6
70 126 10
70 126 62
70 126 66
70 126 70
70 126 74
70 126 126
70 126 130
70 126 134
70 126 138
70 126 190
70 126 194
70 130 2
70 130 6
70 130 10
70 130 62
70 130 66
70 130 70
70 130 74
70 130 126
70 130 130
70 130 134
70 130 138
70 130 190
70 130 194
70 134 2
70 134 6
70 134 10
70 134 62
70 134 66
70 134 70
70 134 74
70 134 126
70 134 130
70 134 134
70 134 138
70 134 190
70 134 194
70 138 2
70 138 6
70 138 10
70 138 62
70 138 66
70 138 70
70 138 74
70 138 126
70 138 130
70 138 134
70 138 138
70 138 190
70 138 194
70 190 2
70 190 6
70 190 10
70 190 62
70 190 66
70 190 70
70 190 74
70 190 126
70 190 130
70 190 134
70 190 138
70 190 190
70 190 194
70 194 2
70 194 6
70 194 10
70 194 62
70 194 66
70 194 70
70 194 74
70 194 126
70 194 130
70 194 134
70 194 138
70 194 190
70 194 194
74 2 2
74 2 6
74 2 10
74 2 62
74 2 66
74 2 70
74 2 74
74 2 126
74 2 130
74 2 134
74 2 138
74 2 190
74 2 194
74 6 2
74 6 6
74 6 10
74 6 62
74 6 66
74 6 70
74 6 74
74 6 126
74 6 130
74 6 134
74 6 138
74 6 190
74 6 194
74 10 2
74 10 6
74 10 10
74 10 62
74 10 66
74 10 70
74 10 74
74 10 126
74 10 130
74 10 134
74 10 138
74 10 190
74 10 194
74 62 2
74 62 6
74 62 10
74 62 62
74 62 66
74 62 70
74 62 74
74 62 126
74 62 130
74 62 134
74 62 138
74 62 190
74 62 194
74 66 2
74 66 6
74 66 10
74 66 62
74 66 66
74 66 70
74 66 74
74 66 126
74 66 130
74 66 134
74 66 138
74 66 190
74 66 194
74 70 2
74 70 6
74 70 10
74 70 62
74 70 66
74 70 70
74 70 74
74 70 126
74 70 130
74 70 134
74 70 138
74 70 190
74 70 194
74 74 2
74 74 6
74 74 10
74 74 62
74 74 66
74 74 70
74 74 74
74 74 126
74 74 130
74 74 134
74 74 138
74 74 190
74 74 194
74 126 2
74 126 6
74 126 10
74 126 62
74 126 66
74 126 70
74 126 74
74 126 126
74 126 130
74 126 134
74 126 138
74 126 190
74 126 194
74 130 2
74 130 6
74 130 10
74 130 62
74 130 66
74 130 70
74 130 74
74 130 126
74 130 130
74 130 134
74 130 138
74 130 190
74 130 194
74 134 2
74 134 6
74 134 10
74 134 62
74 134 66
74 134 70
74 134 74
74 134 126
74 134 130
74 134 134
74 134 138
74 134 190
74 134 194
74 138 2
74 138 6
74 138 10
74 138 62
74 138 66
74 138 70
74 138 74
74 138 126
74 138 130
74 138 134
74 138 138
74 138 190
74 138 194
74 190 2
74 190 6
74 190 10
74 190 62
74 190 66
74 190 70
74 190 74
74 190 126
74 190 130
74 190 134
74 190 138
74 190 190
74 190 194
74 194 2
74 194 6
74 194 10
74 194 62
74 194 66
74 194 70
74 194 74
74 194 126
74 194 130
74 194 134
74 194 138
74 194 190
74 194 194
126 2 2
126 2 6
126 2 10
126 2 62
126 2 66
126 2 70
126 2 74
126 2 126
126 2 130
126 2 134
126 2 138
126 2 190
126 2 194
126 6 2
126 6 6
126 6 10
126 6 62
126 6 66
126 6 70
126 6 74
126 6 126
126 6 130
126 6 134
126 6 138
126 6 190
126 6 194
126 10 2
126 10 6
126 10 10
126 10 62
126 10 66
126 10 70
126 10 74
126 10 126
126 10 130
126 10 134
126 10 138
126 10 190
126 10 194
126 62 2
126 62 6
126 62 10
126 62 62
126 62 66
126 62 70
126 62 74
126 62 126
126 62 130
126 62 134
126 62 138
126 62 190
126 62 194
126 66 2
126 66 6
126 66 10
126 66 62
126 66 66
126 66 70
126 66 74
126 66 126
126 66 130
126 66 134
126 66 138
126 66 190
126 66 194
126 70 2
126 70 6
126 70 10
126 70 62
126 70 66
126 70 70
126 70 74
126 70 126
126 70 130
126 70 134
126 70 138
126 70 190
126 70 194
126 74 2
126 74 6
126 74 10
126 74 62
126 74 66
126 74 70
126 74 74
126 74 126
126 74 130
126 74 134
126 74 138
126 74 190
126 74 194
126 126 2
126 126 6
126 126 10
126 126 62
126 126 66
126 126 70
126 126 74
126 126 126
126 126 130
126 126 134
126 126 138
126 126 190
126 126 194
126 130 2
126 130 6
126 130 10
126 130 62
126 130 66
126 130 70
126 130 74
126 130 126
126 130 130
126 130 134
126 130 138
126 130 190
126 130 194
126 134 2
126 134 6
126 134 10
126 134 62
126 134 66
126 134 70
126 134 74
126 134 126
126 134 130
126 134 134
126 134 138
126 134 190
126 134 194
126 138 2
126 138 6
126 138 10
126 138 62
126 138 66
126 138 70
126 138 74
126 138 126
126 138 130
126 138 134
126 138 138
126 138 190
126 138 194
126 190 2
126 190 6
126 190 10
126 190 62
126 190 66
126 190 70
126 190 74
126 190 126
126 190 130
126 190 134
126 190 138
126 190 190
126 190 194
126 194 2
126 194 6
126 194 10
126 194 62
126 194 66
126 194 70
126 194 74
126 194 126
126 194 130
126 194 134
126 194 138
126 194 190
126 194 194
130 2 2
130 2 6
130 2 10
130 2 62
130 2 66
130 2 70
130 2 74
130 2 126
130 2 130
130 2 134
130 2 138
130 2 190
130 2 194
130 6 2
130 6 6
130 6 10
130 6 62
130 6 66
130 6 70
130 6 74
130 6 126
130 6 130
130 6 134
130 6 138
130 6 190
130 6 194
130 10 2
130 10 6
130 10 10
130 10 62
130 10 66
130 10 70
130 10 74
130 10 126
130 10 130
130 10 134
130 10 138
130 10 190
130 10 194
130 62 2
130 62 6
130 62 10
130 62 62
130 62 66
130 62 70
130 62 74
130 62 126
130 62 130
130 62 134
130 62 138
130 62 190
130 62 194
130 66 2
130 66 6
130 66 10
130 66 62
130 66 66
130 66 70
130 66 74
130 66 126
130 66 130
130 66 134
130 66 138
130 66 190
130 66 194
130 70 2
130 70 6
130 70 10
130 70 62
130 70 66
130 70 70
130 70 74
130 70 126
130 70 130
130 70 134
130 70 138
130 70 190
130 70 194
130 74 2
130 74 6
130 74 10
130 74 62
130 74 66
130 74 70
130 74 74
130 74 126
130 74 130
130 74 134
130 74 138
130 74 190
130 74 194
130 126 2
130 126 6
130 126 10
130 126 62
130 126 66
130 126 70
130 126 74
130 126 126
130 126 130
130 126 134
130 126 138
130 126 190
130 126 194
130 130 2
130 130 6
130 130 10
130 130 62
130 130 66
130 130 70
130 130 74
130 130 126
130 130 130
130 130 134
130 130 138
130 130 190
130 130 194
130 134 2
130 134 6
130 134 10
130 134 62
130 134 66
130 134 70
130 134 74
130 134 126
130 134 130
130 134 134
130 134 138
130 134 190
130 134 194
130 138 2
130 138 6
130 138 10
130 138 62
130 138 66
130 138 70
130 138 74
130 138 126
130 138 130
130 138 134
130 138 138
130 138 190
130 138 194
130 190 2
130 190 6
130 190 10
130 190 62
130 190 66
130 190 70
130 190 74
130 190 126
130 190 130
130 190 134
130 190 138
130 190 190
130 190 194
130 194 2
130 194 6
130 194 10
130 194 62
130 194 66
130 194 70
130 194 74
130 194 126
130 194 130
130 194 134
130 194 138
130 194 190
130 194 194
134 2 2
134 2 6
134 2 10
134 2 62
134 2 66
134 2 70
134 2 74
134 2 126
134 2 130
134 2 134
134 2 138
134 2 190
134 2 194
134 6 2
134 6 6
134 6 10
134 6 62
134 6 66
134 6 70
134 6 74
134 6 126
134 6 130
134 6 134
134 6 138
134 6 190
134 6 194
134 10 2
134 10 6
134 10 10
134 10 62
134 10 66
134 10 70
134 10 74
134 10 126
134 10 130
134 10 134
134 10 138
134 10 190
134 10 194
134 62 2
134 62 6
134 62 10
134 62 62
134 62 66
134 62 70
134 62 74
134 62 126
134 62 130
134 62 134
134 62 138
134 62 190
134 62 194
134 66 2
134 66 6
134 66 10
134 66 62
134 66 66
134 66 70
134 66 74
134 66 126
134 66 130
134 66 134
134 66 138
134 66 190
134 66 194
134 70 2
134 70 6
134 70 10
134 70 62
134 70 66
134 70 70
134 70 74
134 70 126
134 70 130
134 70 134
134 70 138
134 70 190
134 70 194
134 74 2
134 74 6
134 74 10
134 74 62
134 74 66
134 74 70
134 74 74
134 74 126
134 74 130
134 74 134
134 74 138
134 74 190
134 74 194
134 126 2
134 126 6
134 126 10
134 126 62
134 126 66
134 126 70
134 126 74
134 126 126
134 126 130
134 126 134
134 126 138
134 126 190
134 126 194
134 130 2
134 130 6
134 130 10
134 130 62
134 130 66
134 130 70
134 130 74
134 130 126
134 130 130
134 130 134
134 130 138
134 130 190
134 130 194
134 134 2
134 134 6
134 134 10
134 134 62
134 134 66
134 134 70
134 134 74
134 134 126
134 134 130
134 134 134
134 134 138
134 134 190
134 134 194
134 138 2
134 138 6
134 138 10
134 138 62
134 138 66
134 138 70
134 138 74
134 138 126
134 138 130
134 138 134
134 138 138
134 138 190
134 138 194
134 190 2
134 190 6
134 190 10
134 190 62
134 190 66
134 190 70
134 190 74
134 190 126
134 190 130
134 190 134
134 190 138
134 190 190
134 190 194
134 194 2
134 194 6
134 194 10
134 194 62
134 194 66
134 194 70
134 194 74
134 194 126
134 194 130
134 194 134
134 194 138
134 194 190
134 194 194
138 2 2
138 2 6
138 2 10
138 2 62
138 2 66
138 2 70
138 2 74
138 2 126
138 2 130
138 2 134
138 2 138
138 2 190
138 2 194
138 6 2
138 6 6
138 6 10
138 6 62
138 6 66
138 6 70
138 6 74
138 6 126
138 6 130
138 6 134
138 6 138
138 6 190
138 6 194
138 10 2
138 10 6
138 10 10
138 10 62
138 10 66
138 10 70
138 10 74
138 10 126
138 10 130
138 10 134
138 10 138
138 10 190
138 10 194
138 62 2
138 62 6
138 62 10
138 62 62
138 62 66
138 62 70
138 62 74
138 62 126
138 62 130
138 62 134
138 62 138
138 62 190
138 62 194
138 66 2
138 66 6
138 66 10
138 66 62
138 66 66
138 66 70
138 66 74
138 66 126
138 66 130
138 66 134
138 66 138
138 66 190
138 66 194
138 70 2
138 70 6
138 70 10
138 70 62
138 70 66
138 70 70
138 70 74
138 70 126
138 70 130
138 70 134
138 70 138
138 70 190
138 70 194
138 74 2
138 74 6
138 74 10
138 74 62
138 74 66
138 74 70
138 74 74
138 74 126
138 74 130
138 74 134
138 74 138
138 74 190
138 74 194
138 126 2
138 126 6
138 126 10
138 126 62
138 126 66
138 126 70
138 126 74
138 126 126
138 126 130
138 126 134
138 126 138
138 126 190
138 126 194
138 130 2
138 130 6
138 130 10
138 130 62
138 130 66
138 130 70
138 130 74
138 130 126
138 130 130
138 130 134
138 130 138
138 130 190
138 130 194
138 134 2
138 134 6
138 134 10
138 134 62
138 134 66
138 134 70
138 134 74
138 134 126
138 134 130
138 134 134
138 134 138
138 134 190
138 134 194
138 138 2
138 138 6
138 138 10
138 138 62
138 138 66
138 138 70
138 138 74
138 138 126
138 138 130
138 138 134
138 138 138
138 138 190
138 138 194
138 190 2
138 190 6
138 190 10
138 190 62
138 190 66
138 190 70
138 190 74
138 190 126
138 190 130
138 190 134
138 190 138
138 190 190
138 190 194
138 194 2
138 194 6
138 194 10
138 194 62
138 194 66
138 194 70
138 194 74
138 194 126
138 194 130
138 194 134
138 194 138
138 194 190
138 194 194
190 2 2
190 2 6
190 2 10
190 2 62
190 2 66
190 2 70
190 2 74
190 2 126
190 2 130
190 2 134
190 2 138
190 2 190
190 2 194
190 6 2
190 6 6
190 6 10
190 6 62
190 6 66
190 6 70
190 6 74
190 6 126
190 6 130
190 6 134
190 6 138
190 6 190
190 6 194
190 10 2
190 10 6
190 10 10
190 10 62
190 10 66
190 10 70
190 10 74
190 10 126
190 10 130
190 10 134
190 10 138
190 10 190
190 10 194
190 62 2
190 62 6
190 62 10
190 62 62
190 62 66
190 62 70
190 62 74
190 62 126
190 62 130
190 62 134
190 62 138
190 62 190
190 62 194
190 66 2
190 66 6
190 66 10
190 66 62
190 66 66
190 66 70
190 66 74
190 66 126
190 66 130
190 66 134
190 66 138
190 66 190
190 66 194
190 70 2
190 70 6
190 70 10
190 70 62
190 70 66
190 70 70
190 70 74
190 70 126
190 70 130
190 70 134
190 70 138
190 70 190
190 70 194
190 74 2
190 74 6
190 74 10
190 74 62
190 74 66
190 74 70
190 74 74
190 74 126
190 74 130
190 74 134
190 74 138
190 74 190
190 74 194
190 126 2
190 126 6
190 126 10
190 126 62
190 126 66
190 126 70
190 126 74
190 126 126
190 126 130
190 126 134
190 126 138
190 126 190
190 126 194
190 130 2
190 130 6
190 130 10
190 130 62
190 130 66
190 130 70
190 130 74
190 130 126
190 130 130
190 130 134
190 130 138
190 130 190
190 130 194
190 134 2
190 134 6
190 134 10
190 134 62
190 134 66
190 134 70
190 134 74
190 134 126
190 134 130
190 134 134
190 134 138
190 134 190
190 134 194
190 138 2
190 138 6
190 138 10
190 138 62
190 138 66
190 138 70
190 138 74
190 138 126
190 138 130
190 138 134
190 138 138
190 138 190
190 138 194
190 190 2
190 190 6
190 190 10
190 190 62
190 190 66
190 190 70
190 190 74
190 190 126
190 190 130
190 190 134
190 190 138
190 190 190
190 190 194
190 194 2
190 194 6
190 194 10
190 194 62
190 194 66
190 194 70
190 194 74
190 194 126
190 194 130
190 194 134
190 194 138
190 194 190
190 194 194
194 2 2
194 2 6
194 2 10
194 2 62
194 2 66
194 2 70
194 2 74
194 2 126
194 2 130
194 2 134
194 2 138
194 2 190
194 2 194
194 6 2
194 6 6
194 6 10
194 6 62
194 6 66
194 6 70
194 6 74
194 6 126
194 6 130
194 6 134
194 6 138
194 6 190
194 6 194
194 10 2
194 10 6
194 10 10
194 10 62
194 10 66
194 10 70
194 10 74
194 10 126
194 10 130
194 10 134
194 10 138
194 10 190
194 10 194
194 62 2
194 62 6
194 62 10
194 62 62
194 62 66
194 62 70
194 62 74
194 62 126
194 62 130
194 62 134
194 62 138
194 62 190
194 62 194
194 66 2
194 66 6
194 66 10
194 66 62
194 66 66
194 66 70
194 66 74
194 66 126
194 66 130
194 66 134
194 66 138
194 66 190
194 66 194
194 70 2
194 70 6
194 70 10
194 70 62
194 70 66
194 70 70
194 70 74
194 70 126
194 70 130
194 70 134
194 70 138
194 70 190
194 70 194
194 74 2
194 74 6
194 74 10
194 74 62
194 74 66
194 74 70
194 74 74
194 74 126
194 74 130
194 74 134
194 74 138
194 74 190
194 74 194
194 126 2
194 126 6
194 126 10
194 126 62
194 126 66
194 126 70
194 126 74
194 126 126
194 126 130
194 126 134
194 126 138
194 126 190
194 126 194
194 130 2
194 130 6
194 130 10
194 130 62
194 130 66
194 130 70
194 130 74
194 130 126
194 130 130
194 130 134
194 130 138
194 130 190
194 130 194
194 134 2
194 134 6
194 134 10
194 134 62
194 134 66
194 134 70
194 134 74
194 134 126
194 134 130
194 134 134
194 134 138
194 134 190
194 134 194
194 138 2
194 138 6
194 138 10
194 138 62
194 138 66
194 138 70
194 138 74
194 138 126
194 138 130
194 138 134
194 138 138
194 138 190
194 138 194
194 190 2
194 190 6
194 190 10
194 190 62
194 190 66
194 190 70
194 190 74
194 190 126
194 190 130
194 190 134
194 190 138
194 190 190
194 190 194
194 194 2
194 194 6
194 194 10
194 194 62
194 194 66
194 194 70
194 194 74
194 194 126
194 194 130
194 194 134
194 194 138
194 194 190
194 194 194
