200
36 36 36
36 36 88
36 36 108
36 36 164
36 88 36
36 88 88
36 88 108
36 88 164
36 108 36
36 108 88
36 108 108
36 108 164
36 164 36
36 164 88
36 164 108
36 164 164
88 36 36
88 36 88
88 36 108
88 36 164
88 88 36
88 88 88
88 88 108
88 88 164
88 108 36
88 108 88
88 108 108
88 108 164
88 164 36
88 164 88
88 164 108
88 164 164
108 36 36
108 36 88
108 36 108
108 36 164
108 88 36
108 88 88
108 88 108
108 88 164
108 108 36
108 108 88
108 108 108
108 108 164
108 164 36
108 164 88
108 164 108
108 164 164
164 36 36
164 36 88
164 36 108
164 36 164
164 88 36
164 88 88
164 88 108
164 88 164
164 108 36
164 108 88
164 108 108
164 108 164
164 164 36
164 164 88
164 164 108
164 164 164
