200
4 4 4
4 4 68
4 4 132
4 4 196
4 68 4
4 68 68
4 68 132
4 68 196
4 132 4
4 132 68
4 132 132
4 132 196
4 196 4
4 196 68
4 196 132
4 196 196
68 4 4
68 4 68
68 4 132
68 4 196
68 68 4
68 68 68
68 68 132
68 68 196
68 132 4
68 132 68
68 132 132
68 132 196
68 196 4
68 196 68
68 196 132
68 196 196
132 4 4
132 4 68
132 4 132
132 4 196
132 68 4
132 68 68
132 68 132
132 68 196
132 132 4
132 132 68
132 132 132
132 132 196
132 196 4
132 196 68
132 196 132
132 196 196
196 4 4
196 4 68
196 4 132
196 4 196
196 68 4
196 68 68
196 68 132
196 68 196
196 132 4
196 132 68
196 132 132
196 132 196
196 196 4
196 196 68
196 196 132
196 196 196
