200
48 48 48
48 48 56
48 48 80
48 48 88
48 48 112
48 48 120
48 48 144
48 48 152
48 56 48
48 56 56
48 56 80
48 56 88
48 56 112
48 56 120
48 56 144
48 56 152
48 80 48
48 80 56
48 80 80
48 80 88
48 80 112
48 80 120
48 80 144
48 80 152
48 88 48
48 88 56
48 88 80
48 88 88
48 88 112
48 88 120
48 88 144
48 88 152
48 112 48
48 112 56
48 112 80
48 112 88
48 112 112
48 112 120
48 112 144
48 112 152
48 120 48
48 120 56
48 120 80
48 120 88
48 120 112
48 120 120
48 120 144
48 120 152
48 144 48
48 144 56
48 144 80
48 144 88
48 144 112
48 144 120
48 144 144
48 144 152
48 152 48
48 152 56
48 152 80
48 152 88
48 152 112
48 152 120
48 152 144
48 152 152
56 48 48
56 48 56
56 48 80
56 48 88
56 48 112
56 48 120
56 48 144
56 48 152
56 56 48
56 56 56
56 56 80
56 56 88
56 56 112
56 56 120
56 56 144
56 56 152
56 80 48
56 80 56
56 80 80
56 80 88
56 80 112
56 80 120
56 80 144
56 80 152
56 88 48
56 88 56
56 88 80
56 88 88
56 88 112
56 88 120
56 88 144
56 88 152
56 112 48
56 112 56
56 112 80
56 112 88
56 112 112
56 112 120
56 112 144
56 112 152
56 120 48
56 120 56
56 120 80
56 120 88
56 120 112
56 120 120
56 120 144
56 120 152
56 144 48
56 144 56
56 144 80
56 144 88
56 144 112
56 144 120
56 144 144
56 144 152
56 152 48
56 152 56
56 152 80
56 152 88
56 152 112
56 152 120
56 152 144
56 152 152
80 48 48
80 48 56
80 48 80
80 48 88
80 48 112
80 48 120
80 48 144
80 48 152
80 56 48
80 56 56
80 56 80
80 56 88
80 56 112
80 56 120
80 56 144
80 56 152
80 80 48
80 80 56
80 80 80
80 80 88
80 80 112
80 80 120
80 80 144
80 80 152
80 88 48
80 88 56
80 88 80
80 88 88
80 88 112
80 88 120
80 88 144
80 88 152
80 112 48
80 112 56
80 112 80
80 112 88
80 112 112
80 112 120
80 112 144
80 112 152
80 120 48
80 120 56
80 120 80
80 120 88
80 120 112
80 120 120
80 120 144
80 120 152
80 144 48
80 144 56
80 144 80
80 144 88
80 144 112
80 144 120
80 144 144
80 144 152
80 152 48
80 152 56
80 152 80
80 152 88
80 152 112
80 152 120
80 152 144
80 152 152
88 48 48
88 48 56
88 48 80
88 48 88
88 48 112
88 48 120
88 48 144
88 48 152
88 56 48
88 56 56
88 56 80
88 56 88
88 56 112
88 56 120
88 56 144
88 56 152
88 80 48
88 80 56
88 80 80
88 80 88
88 80 112
88 80 120
88 80 144
88 80 152
88 88 48
88 88 56
88 88 80
88 88 88
88 88 112
88 88 120
88 88 144
88 88 152
88 112 48
88 112 56
88 112 80
88 112 88
88 112 112
88 112 120
88 112 144
88 112 152
88 120 48
88 120 56
88 120 80
88 120 88
88 120 112
88 120 120
88 120 144
88 120 152
88 144 48
88 144 56
88 144 80
88 144 88
88 144 112
88 144 120
88 144 144
88 144 152
88 152 48
88 152 56
88 152 80
88 152 88
88 152 112
88 152 120
88 152 144
88 152 152
112 48 48
112 48 56
112 48 80
112 48 88
112 48 112
112 48 120
112 48 144
112 48 152
112 56 48
112 56 56
112 56 80
112 56 88
112 56 112
112 56 120
112 56 144
112 56 152
112 80 48
112 80 56
112 80 80
112 80 88
112 80 112
112 80 120
112 80 144
112 80 152
112 88 48
112 88 56
112 88 80
112 88 88
112 88 112
112 88 120
112 88 144
112 88 152
112 112 48
112 112 56
112 112 80
112 112 88
112 112 112
112 112 120
112 112 144
112 112 152
112 120 48
112 120 56
112 120 80
112 120 88
112 120 112
112 120 120
112 120 144
112 120 152
112 144 48
112 144 56
112 144 80
112 144 88
112 144 112
112 144 120
112 144 144
112 144 152
112 152 48
112 152 56
112 152 80
112 152 88
112 152 112
112 152 120
112 152 144
112 152 152
120 48 48
120 48 56
120 48 80
120 48 88
120 48 112
120 48 120
120 48 144
120 48 152
120 56 48
120 56 56
120 56 80
120 56 88
120 56 112
120 56 120
120 56 144
120 56 152
120 80 48
120 80 56
120 80 80
120 80 88
120 80 112
120 80 120
120 80 144
120 80 152
120 88 48
120 88 56
120 88 80
120 88 88
120 88 112
120 88 120
120 88 144
120 88 152
120 112 48
120 112 56
120 112 80
120 112 88
120 112 112
120 112 120
120 112 144
120 112 152
120 120 48
120 120 56
120 120 80
120 120 88
120 120 112
120 120 120
120 120 144
120 120 152
120 144 48
120 144 56
120 144 80
120 144 88
120 144 112
120 144 120
120 144 144
120 144 152
120 152 48
120 152 56
120 152 80
120 152 88
120 152 112
120 152 120
120 152 144
120 152 152
144 48 48
144 48 56
144 48 80
144 48 88
144 48 112
144 48 120
144 48 144
144 48 152
144 56 48
144 56 56
144 56 80
144 56 88
144 56 112
144 56 120
144 56 144
144 56 152
144 80 48
144 80 56
144 80 80
144 80 88
144 80 112
144 80 120
144 80 144
144 80 152
144 88 48
144 88 56
144 88 80
144 88 88
144 88 112
144 88 120
144 88 144
144 88 152
144 112 48
144 112 56
144 112 80
144 112 88
144 112 112
144 112 120
144 112 144
144 112 152
144 120 48
144 120 56
144 120 80
144 120 88
144 120 112
144 120 120
144 120 144
144 120 152
144 144 48
144 144 56
144 144 80
144 144 88
144 144 112
144 144 120
144 144 144
144 144 152
144 152 48
144 152 56
144 152 80
144 152 88
144 152 112
144 152 120
144 152 144
144 152 152
152 48 48
152 48 56
152 48 80
152 48 88
152 48 112
152 48 120
152 48 144
152 48 152
152 56 48
152 56 56
152 56 80
152 56 88
152 56 112
152 56 120
152 56 144
152 56 152
152 80 48
152 80 56
152 80 80
152 80 88
152 80 112
152 80 120
152 80 144
152 80 152
152 88 48
152 88 56
152 88 80
152 88 88
152 88 112
152 88 120
152 88 144
152 88 152
152 112 48
152 112 56
152 112 80
152 112 88
152 112 112
152 112 120
152 112 144
152 112 152
152 120 48
152 120 56
152 120 80
152 120 88
152 120 112
152 120 120
152 120 144
152 120 152
152 144 48
152 144 56
152 144 80
152 144 88
152 144 112
152 144 120
152 144 144
152 144 152
152 152 48
152 152 56
152 152 80
152 152 88
152 152 112
152 152 120
152 152 144
152 152 152
