20
0 0 14
0 0 15
0 1 15
0 2 5
0 2 14
0 3 5
0 3 14
0 3 15
0 4 5
0 4 15
0 4 17
0 5 16
0 5 17
0 6 6
0 6 8
0 6 17
0 7 16
1 0 16
1 1 16
1 2 5
1 2 6
1 2 13
1 3 4
1 3 5
1 3 6
1 3 17
1 3 18
1 4 5
1 4 6
1 4 12
1 5 5
1 5 7
1 5 8
1 5 11
1 5 14
1 5 15
1 5 17
1 5 18
1 6 4
1 6 5
1 6 7
1 6 8
1 6 17
1 7 5
1 7 6
1 7 13
1 7 14
1 8 14
1 8 15
2 0 14
2 1 6
2 1 8
2 1 10
2 1 14
2 1 15
2 1 17
2 1 18
2 2 7
2 2 8
2 2 14
2 3 19
2 4 4
2 4 19
2 5 7
2 5 11
2 5 17
2 5 19
2 6 7
3 0 11
3 0 13
3 0 18
3 1 5
3 1 7
3 1 8
3 1 9
3 1 19
3 2 5
3 2 8
3 2 14
3 3 5
3 3 17
3 3 19
3 4 4
3 4 15
3 5 3
3 5 18
3 6 11
3 7 5
4 0 14
4 0 15
4 1 14
4 1 15
4 2 3
4 2 9
4 3 13
4 3 17
4 4 3
4 4 14
4 6 4
4 6 7
4 6 12
4 6 14
4 6 17
4 7 13
4 7 14
4 8 13
5 0 13
5 0 14
5 0 15
5 1 9
5 1 10
5 1 11
5 1 15
5 2 4
5 2 7
5 2 8
5 2 9
5 2 10
5 2 18
5 3 3
5 3 8
5 3 10
5 3 11
5 3 12
5 3 17
5 3 18
5 4 3
5 4 8
5 4 12
5 4 14
5 5 7
5 5 16
5 5 17
5 6 13
5 6 16
5 7 14
5 7 15
6 0 9
6 0 10
6 0 11
6 1 8
6 1 13
6 1 14
6 2 5
6 2 6
6 2 7
6 2 12
6 2 13
6 4 4
6 4 7
6 4 9
6 4 10
6 4 12
6 4 17
6 5 14
6 5 16
6 6 14
6 7 15
7 0 9
7 0 10
7 0 11
7 1 8
7 1 11
7 1 12
7 1 13
7 2 8
7 2 12
7 2 13
7 3 11
7 4 10
7 4 11
8 2 9
8 2 11
