200
14 14 14
14 14 18
14 14 22
14 14 26
14 14 46
14 14 50
14 14 54
14 14 58
14 14 142
14 14 146
14 14 150
14 14 154
14 14 174
14 14 178
14 14 182
14 14 186
14 18 14
14 18 18
14 18 22
14 18 26
14 18 46
14 18 50
14 18 54
14 18 58
14 18 142
14 18 146
14 18 150
14 18 154
14 18 174
14 18 178
14 18 182
14 18 186
14 22 14
14 22 18
14 22 22
14 22 26
14 22 46
14 22 50
14 22 54
14 22 58
14 22 142
14 22 146
14 22 150
14 22 154
14 22 174
14 22 178
14 22 182
14 22 186
14 26 14
14 26 18
14 26 22
14 26 26
14 26 46
14 26 50
14 26 54
14 26 58
14 26 142
14 26 146
14 26 150
14 26 154
14 26 174
14 26 178
14 26 182
14 26 186
14 46 14
14 46 18
14 46 22
14 46 26
14 46 46
14 46 50
14 46 54
14 46 58
14 46 142
14 46 146
14 46 150
14 46 154
14 46 174
14 46 178
14 46 182
14 46 186
14 50 14
14 50 18
14 50 22
14 50 26
14 50 46
14 50 50
14 50 54
14 50 58
14 50 142
14 50 146
14 50 150
14 50 154
14 50 174
14 50 178
14 50 182
14 50 186
14 54 14
14 54 18
14 54 22
14 54 26
14 54 46
14 54 50
14 54 54
14 54 58
14 54 142
14 54 146
14 54 150
14 54 154
14 54 174
14 54 178
14 54 182
14 54 186
14 58 14
14 58 18
14 58 22
14 58 26
14 58 46
14 58 50
14 58 54
14 58 58
14 58 142
14 58 146
14 58 150
14 58 154
14 58 174
14 58 178
14 58 182
14 58 186
14 142 14
14 142 18
14 142 22
14 142 26
14 142 46
14 142 50
14 142 54
14 142 58
14 142 142
14 142 146
14 142 150
14 142 154
14 142 174
14 142 178
14 142 182
14 142 186
14 146 14
14 146 18
14 146 22
14 146 26
14 146 46
14 146 50
14 146 54
14 146 58
14 146 142
14 146 146
14 146 150
14 146 154
14 146 174
14 146 178
14 146 182
14 146 186
14 150 14
14 150 18
14 150 22
14 150 26
14 150 46
14 150 50
14 150 54
14 150 58
14 150 142
14 150 146
14 150 150
14 150 154
14 150 174
14 150 178
14 150 182
14 150 186
14 154 14
14 154 18
14 154 22
14 154 26
14 154 46
14 154 50
14 154 54
14 154 58
14 154 142
14 154 146
14 154 150
14 154 154
14 154 174
14 154 178
14 154 182
14 154 186
14 174 14
14 174 18
14 174 22
14 174 26
14 174 46
14 174 50
14 174 54
14 174 58
14 174 142
14 174 146
14 174 150
14 174 154
14 174 174
14 174 178
14 174 182
14 174 186
14 178 14
14 178 18
14 178 22
14 178 26
14 178 46
14 178 50
14 178 54
14 178 58
14 178 142
14 178 146
14 178 150
14 178 154
14 178 174
14 178 178
14 178 182
14 178 186
14 182 14
14 182 18
14 182 22
14 182 26
14 182 46
14 182 50
14 182 54
14 182 58
14 182 142
14 182 146
14 182 150
14 182 154
14 182 174
14 182 178
14 182 182
14 182 186
14 186 14
14 186 18
14 186 22
14 186 26
14 186 46
14 186 50
14 186 54
14 186 58
14 186 142
14 186 146
14 186 150
14 186 154
14 186 174
14 186 178
14 186 182
14 186 186
18 14 14
18 14 18
18 14 22
18 14 26
18 14 46
18 14 50
18 14 54
18 14 58
18 14 142
18 14 146
18 14 150
18 14 154
18 14 174
18 14 178
18 14 182
18 14 186
18 18 14
18 18 18
18 18 22
18 18 26
18 18 46
18 18 50
18 18 54
18 18 58
18 18 142
18 18 146
18 18 150
18 18 154
18 18 174
18 18 178
18 18 182
18 18 186
18 22 14
18 22 18
18 22 22
18 22 26
18 22 46
18 22 50
18 22 54
18 22 58
18 22 142
18 22 146
18 22 150
18 22 154
18 22 174
18 22 178
18 22 182
18 22 186
18 26 14
18 26 18
18 26 22
18 26 26
18 26 46
18 26 50
18 26 54
18 26 58
18 26 142
18 26 146
18 26 150
18 26 154
18 26 174
18 26 178
18 26 182
18 26 186
18 46 14
18 46 18
18 46 22
18 46 26
18 46 46
18 46 50
18 46 54
18 46 58
18 46 142
18 46 146
18 46 150
18 46 154
18 46 174
18 46 178
18 46 182
18 46 186
18 50 14
18 50 18
18 50 22
18 50 26
18 50 46
18 50 50
18 50 54
18 50 58
18 50 142
18 50 146
18 50 150
18 50 154
18 50 174
18 50 178
18 50 182
18 50 186
18 54 14
18 54 18
18 54 22
18 54 26
18 54 46
18 54 50
18 54 54
18 54 58
18 54 142
18 54 146
18 54 150
18 54 154
18 54 174
18 54 178
18 54 182
18 54 186
18 58 14
18 58 18
18 58 22
18 58 26
18 58 46
18 58 50
18 58 54
18 58 58
18 58 142
18 58 146
18 58 150
18 58 154
18 58 174
18 58 178
18 58 182
18 58 186
18 142 14
18 142 18
18 142 22
18 142 26
18 142 46
18 142 50
18 142 54
18 142 58
18 142 142
18 142 146
18 142 150
18 142 154
18 142 174
18 142 178
18 142 182
18 142 186
18 146 14
18 146 18
18 146 22
18 146 26
18 146 46
18 146 50
18 146 54
18 146 58
18 146 142
18 146 146
18 146 150
18 146 154
18 146 174
18 146 178
18 146 182
18 146 186
18 150 14
18 150 18
18 150 22
18 150 26
18 150 46
18 150 50
18 150 54
18 150 58
18 150 142
18 150 146
18 150 150
18 150 154
18 150 174
18 150 178
18 150 182
18 150 186
18 154 14
18 154 18
18 154 22
18 154 26
18 154 46
18 154 50
18 154 54
18 154 58
18 154 142
18 154 146
18 154 150
18 154 154
18 154 174
18 154 178
18 154 182
18 154 186
18 174 14
18 174 18
18 174 22
18 174 26
18 174 46
18 174 50
18 174 54
18 174 58
18 174 142
18 174 146
18 174 150
18 174 154
18 174 174
18 174 178
18 174 182
18 174 186
18 178 14
18 178 18
18 178 22
18 178 26
18 178 46
18 178 50
18 178 54
18 178 58
18 178 142
18 178 146
18 178 150
18 178 154
18 178 174
18 178 178
18 178 182
18 178 186
18 182 14
18 182 18
18 182 22
18 182 26
18 182 46
18 182 50
18 182 54
18 182 58
18 182 142
18 182 146
18 182 150
18 182 154
18 182 174
18 182 178
18 182 182
18 182 186
18 186 14
18 186 18
18 186 22
18 186 26
18 186 46
18 186 50
18 186 54
18 186 58
18 186 142
18 186 146
18 186 150
18 186 154
18 186 174
18 186 178
18 186 182
18 186 186
22 14 14
22 14 18
22 14 22
22 14 26
22 14 46
22 14 50
22 14 54
22 14 58
22 14 142
22 14 146
22 14 150
22 14 154
22 14 174
22 14 178
22 14 182
22 14 186
22 18 14
22 18 18
22 18 22
22 18 26
22 18 46
22 18 50
22 18 54
22 18 58
22 18 142
22 18 146
22 18 150
22 18 154
22 18 174
22 18 178
22 18 182
22 18 186
22 22 14
22 22 18
22 22 22
22 22 26
22 22 46
22 22 50
22 22 54
22 22 58
22 22 142
22 22 146
22 22 150
22 22 154
22 22 174
22 22 178
22 22 182
22 22 186
22 26 14
22 26 18
22 26 22
22 26 26
22 26 46
22 26 50
22 26 54
22 26 58
22 26 142
22 26 146
22 26 150
22 26 154
22 26 174
22 26 178
22 26 182
22 26 186
22 46 14
22 46 18
22 46 22
22 46 26
22 46 46
22 46 50
22 46 54
22 46 58
22 46 142
22 46 146
22 46 150
22 46 154
22 46 174
22 46 178
22 46 182
22 46 186
22 50 14
22 50 18
22 50 22
22 50 26
22 50 46
22 50 50
22 50 54
22 50 58
22 50 142
22 50 146
22 50 150
22 50 154
22 50 174
22 50 178
22 50 182
22 50 186
22 54 14
22 54 18
22 54 22
22 54 26
22 54 46
22 54 50
22 54 54
22 54 58
22 54 142
22 54 146
22 54 150
22 54 154
22 54 174
22 54 178
22 54 182
22 54 186
22 58 14
22 58 18
22 58 22
22 58 26
22 58 46
22 58 50
22 58 54
22 58 58
22 58 142
22 58 146
22 58 150
22 58 154
22 58 174
22 58 178
22 58 182
22 58 186
22 142 14
22 142 18
22 142 22
22 142 26
22 142 46
22 142 50
22 142 54
22 142 58
22 142 142
22 142 146
22 142 150
22 142 154
22 142 174
22 142 178
22 142 182
22 142 186
22 146 14
22 146 18
22 146 22
22 146 26
22 146 46
22 146 50
22 146 54
22 146 58
22 146 142
22 146 146
22 146 150
22 146 154
22 146 174
22 146 178
22 146 182
22 146 186
22 150 14
22 150 18
22 150 22
22 150 26
22 150 46
22 150 50
22 150 54
22 150 58
22 150 142
22 150 146
22 150 150
22 150 154
22 150 174
22 150 178
22 150 182
22 150 186
22 154 14
22 154 18
22 154 22
22 154 26
22 154 46
22 154 50
22 154 54
22 154 58
22 154 142
22 154 146
22 154 150
22 154 154
22 154 174
22 154 178
22 154 182
22 154 186
22 174 14
22 174 18
22 174 22
22 174 26
22 174 46
22 174 50
22 174 54
22 174 58
22 174 142
22 174 146
22 174 150
22 174 154
22 174 174
22 174 178
22 174 182
22 174 186
22 178 14
22 178 18
22 178 22
22 178 26
22 178 46
22 178 50
22 178 54
22 178 58
22 178 142
22 178 146
22 178 150
22 178 154
22 178 174
22 178 178
22 178 182
22 178 186
22 182 14
22 182 18
22 182 22
22 182 26
22 182 46
22 182 50
22 182 54
22 182 58
22 182 142
22 182 146
22 182 150
22 182 154
22 182 174
22 182 178
22 182 182
22 182 186
22 186 14
22 186 18
22 186 22
22 186 26
22 186 46
22 186 50
22 186 54
22 186 58
22 186 142
22 186 146
22 186 150
22 186 154
22 186 174
22 186 178
22 186 182
22 186 186
26 14 14
26 14 18
26 14 22
26 14 26
26 14 46
26 14 50
26 14 54
26 14 58
26 14 142
26 14 146
26 14 150
26 14 154
26 14 174
26 14 178
26 14 182
26 14 186
26 18 14
26 18 18
26 18 22
26 18 26
26 18 46
26 18 50
26 18 54
26 18 58
26 18 142
26 18 146
26 18 150
26 18 154
26 18 174
26 18 178
26 18 182
26 18 186
26 22 14
26 22 18
26 22 22
26 22 26
26 22 46
26 22 50
26 22 54
26 22 58
26 22 142
26 22 146
26 22 150
26 22 154
26 22 174
26 22 178
26 22 182
26 22 186
26 26 14
26 26 18
26 26 22
26 26 26
26 26 46
26 26 50
26 26 54
26 26 58
26 26 142
26 26 146
26 26 150
26 26 154
26 26 174
26 26 178
26 26 182
26 26 186
26 46 14
26 46 18
26 46 22
26 46 26
26 46 46
26 46 50
26 46 54
26 46 58
26 46 142
26 46 146
26 46 150
26 46 154
26 46 174
26 46 178
26 46 182
26 46 186
26 50 14
26 50 18
26 50 22
26 50 26
26 50 46
26 50 50
26 50 54
26 50 58
26 50 142
26 50 146
26 50 150
26 50 154
26 50 174
26 50 178
26 50 182
26 50 186
26 54 14
26 54 18
26 54 22
26 54 26
26 54 46
26 54 50
26 54 54
26 54 58
26 54 142
26 54 146
26 54 150
26 54 154
26 54 174
26 54 178
26 54 182
26 54 186
26 58 14
26 58 18
26 58 22
26 58 26
26 58 46
26 58 50
26 58 54
26 58 58
26 58 142
26 58 146
26 58 150
26 58 154
26 58 174
26 58 178
26 58 182
26 58 186
26 142 14
26 142 18
26 142 22
26 142 26
26 142 46
26 142 50
26 142 54
26 142 58
26 142 142
26 142 146
26 142 150
26 142 154
26 142 174
26 142 178
26 142 182
26 142 186
26 146 14
26 146 18
26 146 22
26 146 26
26 146 46
26 146 50
26 146 54
26 146 58
26 146 142
26 146 146
26 146 150
26 146 154
26 146 174
26 146 178
26 146 182
26 146 186
26 150 14
26 150 18
26 150 22
26 150 26
26 150 46
26 150 50
26 150 54
26 150 58
26 150 142
26 150 146
26 150 150
26 150 154
26 150 174
26 150 178
26 150 182
26 150 186
26 154 14
26 154 18
26 154 22
26 154 26
26 154 46
26 154 50
26 154 54
26 154 58
26 154 142
26 154 146
26 154 150
26 154 154
26 154 174
26 154 178
26 154 182
26 154 186
26 174 14
26 174 18
26 174 22
26 174 26
26 174 46
26 174 50
26 174 54
26 174 58
26 174 142
26 174 146
26 174 150
26 174 154
26 174 174
26 174 178
26 174 182
26 174 186
26 178 14
26 178 18
26 178 22
26 178 26
26 178 46
26 178 50
26 178 54
26 178 58
26 178 142
26 178 146
26 178 150
26 178 154
26 178 174
26 178 178
26 178 182
26 178 186
26 182 14
26 182 18
26 182 22
26 182 26
26 182 46
26 182 50
26 182 54
26 182 58
26 182 142
26 182 146
26 182 150
26 182 154
26 182 174
26 182 178
26 182 182
26 182 186
26 186 14
26 186 18
26 186 22
26 186 26
26 186 46
26 186 50
26 186 54
26 186 58
26 186 142
26 186 146
26 186 150
26 186 154
26 186 174
26 186 178
26 186 182
26 186 186
46 14 14
46 14 18
46 14 22
46 14 26
46 14 46
46 14 50
46 14 54
46 14 58
46 14 142
46 14 146
46 14 150
46 14 154
46 14 174
46 14 178
46 14 182
46 14 186
46 18 14
46 18 18
46 18 22
46 18 26
46 18 46
46 18 50
46 18 54
46 18 58
46 18 142
46 18 146
46 18 150
46 18 154
46 18 174
46 18 178
46 18 182
46 18 186
46 22 14
46 22 18
46 22 22
46 22 26
46 22 46
46 22 50
46 22 54
46 22 58
46 22 142
46 22 146
46 22 150
46 22 154
46 22 174
46 22 178
46 22 182
46 22 186
46 26 14
46 26 18
46 26 22
46 26 26
46 26 46
46 26 50
46 26 54
46 26 58
46 26 142
46 26 146
46 26 150
46 26 154
46 26 174
46 26 178
46 26 182
46 26 186
46 46 14
46 46 18
46 46 22
46 46 26
46 46 46
46 46 50
46 46 54
46 46 58
46 46 142
46 46 146
46 46 150
46 46 154
46 46 174
46 46 178
46 46 182
46 46 186
46 50 14
46 50 18
46 50 22
46 50 26
46 50 46
46 50 50
46 50 54
46 50 58
46 50 142
46 50 146
46 50 150
46 50 154
46 50 174
46 50 178
46 50 182
46 50 186
46 54 14
46 54 18
46 54 22
46 54 26
46 54 46
46 54 50
46 54 54
46 54 58
46 54 142
46 54 146
46 54 150
46 54 154
46 54 174
46 54 178
46 54 182
46 54 186
46 58 14
46 58 18
46 58 22
46 58 26
46 58 46
46 58 50
46 58 54
46 58 58
46 58 142
46 58 146
46 58 150
46 58 154
46 58 174
46 58 178
46 58 182
46 58 186
46 142 14
46 142 18
46 142 22
46 142 26
46 142 46
46 142 50
46 142 54
46 142 58
46 142 142
46 142 146
46 142 150
46 142 154
46 142 174
46 142 178
46 142 182
46 142 186
46 146 14
46 146 18
46 146 22
46 146 26
46 146 46
46 146 50
46 146 54
46 146 58
46 146 142
46 146 146
46 146 150
46 146 154
46 146 174
46 146 178
46 146 182
46 146 186
46 150 14
46 150 18
46 150 22
46 150 26
46 150 46
46 150 50
46 150 54
46 150 58
46 150 142
46 150 146
46 150 150
46 150 154
46 150 174
46 150 178
46 150 182
46 150 186
46 154 14
46 154 18
46 154 22
46 154 26
46 154 46
46 154 50
46 154 54
46 154 58
46 154 142
46 154 146
46 154 150
46 154 154
46 154 174
46 154 178
46 154 182
46 154 186
46 174 14
46 174 18
46 174 22
46 174 26
46 174 46
46 174 50
46 174 54
46 174 58
46 174 142
46 174 146
46 174 150
46 174 154
46 174 174
46 174 178
46 174 182
46 174 186
46 178 14
46 178 18
46 178 22
46 178 26
46 178 46
46 178 50
46 178 54
46 178 58
46 178 142
46 178 146
46 178 150
46 178 154
46 178 174
46 178 178
46 178 182
46 178 186
46 182 14
46 182 18
46 182 22
46 182 26
46 182 46
46 182 50
46 182 54
46 182 58
46 182 142
46 182 146
46 182 150
46 182 154
46 182 174
46 182 178
46 182 182
46 182 186
46 186 14
46 186 18
46 186 22
46 186 26
46 186 46
46 186 50
46 186 54
46 186 58
46 186 142
46 186 146
46 186 150
46 186 154
46 186 174
46 186 178
46 186 182
46 186 186
50 14 14
50 14 18
50 14 22
50 14 26
50 14 46
50 14 50
50 14 54
50 14 58
50 14 142
50 14 146
50 14 150
50 14 154
50 14 174
50 14 178
50 14 182
50 14 186
50 18 14
50 18 18
50 18 22
50 18 26
50 18 46
50 18 50
50 18 54
50 18 58
50 18 142
50 18 146
50 18 150
50 18 154
50 18 174
50 18 178
50 18 182
50 18 186
50 22 14
50 22 18
50 22 22
50 22 26
50 22 46
50 22 50
50 22 54
50 22 58
50 22 142
50 22 146
50 22 150
50 22 154
50 22 174
50 22 178
50 22 182
50 22 186
50 26 14
50 26 18
50 26 22
50 26 26
50 26 46
50 26 50
50 26 54
50 26 58
50 26 142
50 26 146
50 26 150
50 26 154
50 26 174
50 26 178
50 26 182
50 26 186
50 46 14
50 46 18
50 46 22
50 46 26
50 46 46
50 46 50
50 46 54
50 46 58
50 46 142
50 46 146
50 46 150
50 46 154
50 46 174
50 46 178
50 46 182
50 46 186
50 50 14
50 50 18
50 50 22
50 50 26
50 50 46
50 50 50
50 50 54
50 50 58
50 50 142
50 50 146
50 50 150
50 50 154
50 50 174
50 50 178
50 50 182
50 50 186
50 54 14
50 54 18
50 54 22
50 54 26
50 54 46
50 54 50
50 54 54
50 54 58
50 54 142
50 54 146
50 54 150
50 54 154
50 54 174
50 54 178
50 54 182
50 54 186
50 58 14
50 58 18
50 58 22
50 58 26
50 58 46
50 58 50
50 58 54
50 58 58
50 58 142
50 58 146
50 58 150
50 58 154
50 58 174
50 58 178
50 58 182
50 58 186
50 142 14
50 142 18
50 142 22
50 142 26
50 142 46
50 142 50
50 142 54
50 142 58
50 142 142
50 142 146
50 142 150
50 142 154
50 142 174
50 142 178
50 142 182
50 142 186
50 146 14
50 146 18
50 146 22
50 146 26
50 146 46
50 146 50
50 146 54
50 146 58
50 146 142
50 146 146
50 146 150
50 146 154
50 146 174
50 146 178
50 146 182
50 146 186
50 150 14
50 150 18
50 150 22
50 150 26
50 150 46
50 150 50
50 150 54
50 150 58
50 150 142
50 150 146
50 150 150
50 150 154
50 150 174
50 150 178
50 150 182
50 150 186
50 154 14
50 154 18
50 154 22
50 154 26
50 154 46
50 154 50
50 154 54
50 154 58
50 154 142
50 154 146
50 154 150
50 154 154
50 154 174
50 154 178
50 154 182
50 154 186
50 174 14
50 174 18
50 174 22
50 174 26
50 174 46
50 174 50
50 174 54
50 174 58
50 174 142
50 174 146
50 174 150
50 174 154
50 174 174
50 174 178
50 174 182
50 174 186
50 178 14
50 178 18
50 178 22
50 178 26
50 178 46
50 178 50
50 178 54
50 178 58
50 178 142
50 178 146
50 178 150
50 178 154
50 178 174
50 178 178
50 178 182
50 178 186
50 182 14
50 182 18
50 182 22
50 182 26
50 182 46
50 182 50
50 182 54
50 182 58
50 182 142
50 182 146
50 182 150
50 182 154
50 182 174
50 182 178
50 182 182
50 182 186
50 186 14
50 186 18
50 186 22
50 186 26
50 186 46
50 186 50
50 186 54
50 186 58
50 186 142
50 186 146
50 186 150
50 186 154
50 186 174
50 186 178
50 186 182
50 186 186
54 14 14
54 14 18
54 14 22
54 14 26
54 14 46
54 14 50
54 14 54
54 14 58
54 14 142
54 14 146
54 14 150
54 14 154
54 14 174
54 14 178
54 14 182
54 14 186
54 18 14
54 18 18
54 18 22
54 18 26
54 18 46
54 18 50
54 18 54
54 18 58
54 18 142
54 18 146
54 18 150
54 18 154
54 18 174
54 18 178
54 18 182
54 18 186
54 22 14
54 22 18
54 22 22
54 22 26
54 22 46
54 22 50
54 22 54
54 22 58
54 22 142
54 22 146
54 22 150
54 22 154
54 22 174
54 22 178
54 22 182
54 22 186
54 26 14
54 26 18
54 26 22
54 26 26
54 26 46
54 26 50
54 26 54
54 26 58
54 26 142
54 26 146
54 26 150
54 26 154
54 26 174
54 26 178
54 26 182
54 26 186
54 46 14
54 46 18
54 46 22
54 46 26
54 46 46
54 46 50
54 46 54
54 46 58
54 46 142
54 46 146
54 46 150
54 46 154
54 46 174
54 46 178
54 46 182
54 46 186
54 50 14
54 50 18
54 50 22
54 50 26
54 50 46
54 50 50
54 50 54
54 50 58
54 50 142
54 50 146
54 50 150
54 50 154
54 50 174
54 50 178
54 50 182
54 50 186
54 54 14
54 54 18
54 54 22
54 54 26
54 54 46
54 54 50
54 54 54
54 54 58
54 54 142
54 54 146
54 54 150
54 54 154
54 54 174
54 54 178
54 54 182
54 54 186
54 58 14
54 58 18
54 58 22
54 58 26
54 58 46
54 58 50
54 58 54
54 58 58
54 58 142
54 58 146
54 58 150
54 58 154
54 58 174
54 58 178
54 58 182
54 58 186
54 142 14
54 142 18
54 142 22
54 142 26
54 142 46
54 142 50
54 142 54
54 142 58
54 142 142
54 142 146
54 142 150
54 142 154
54 142 174
54 142 178
54 142 182
54 142 186
54 146 14
54 146 18
54 146 22
54 146 26
54 146 46
54 146 50
54 146 54
54 146 58
54 146 142
54 146 146
54 146 150
54 146 154
54 146 174
54 146 178
54 146 182
54 146 186
54 150 14
54 150 18
54 150 22
54 150 26
54 150 46
54 150 50
54 150 54
54 150 58
54 150 142
54 150 146
54 150 150
54 150 154
54 150 174
54 150 178
54 150 182
54 150 186
54 154 14
54 154 18
54 154 22
54 154 26
54 154 46
54 154 50
54 154 54
54 154 58
54 154 142
54 154 146
54 154 150
54 154 154
54 154 174
54 154 178
54 154 182
54 154 186
54 174 14
54 174 18
54 174 22
54 174 26
54 174 46
54 174 50
54 174 54
54 174 58
54 174 142
54 174 146
54 174 150
54 174 154
54 174 174
54 174 178
54 174 182
54 174 186
54 178 14
54 178 18
54 178 22
54 178 26
54 178 46
54 178 50
54 178 54
54 178 58
54 178 142
54 178 146
54 178 150
54 178 154
54 178 174
54 178 178
54 178 182
54 178 186
54 182 14
54 182 18
54 182 22
54 182 26
54 182 46
54 182 50
54 182 54
54 182 58
54 182 142
54 182 146
54 182 150
54 182 154
54 182 174
54 182 178
54 182 182
54 182 186
54 186 14
54 186 18
54 186 22
54 186 26
54 186 46
54 186 50
54 186 54
54 186 58
54 186 142
54 186 146
54 186 150
54 186 154
54 186 174
54 186 178
54 186 182
54 186 186
58 14 14
58 14 18
58 14 22
58 14 26
58 14 46
58 14 50
58 14 54
58 14 58
58 14 142
58 14 146
58 14 150
58 14 154
58 14 174
58 14 178
58 14 182
58 14 186
58 18 14
58 18 18
58 18 22
58 18 26
58 18 46
58 18 50
58 18 54
58 18 58
58 18 142
58 18 146
58 18 150
58 18 154
58 18 174
58 18 178
58 18 182
58 18 186
58 22 14
58 22 18
58 22 22
58 22 26
58 22 46
58 22 50
58 22 54
58 22 58
58 22 142
58 22 146
58 22 150
58 22 154
58 22 174
58 22 178
58 22 182
58 22 186
58 26 14
58 26 18
58 26 22
58 26 26
58 26 46
58 26 50
58 26 54
58 26 58
58 26 142
58 26 146
58 26 150
58 26 154
58 26 174
58 26 178
58 26 182
58 26 186
58 46 14
58 46 18
58 46 22
58 46 26
58 46 46
58 46 50
58 46 54
58 46 58
58 46 142
58 46 146
58 46 150
58 46 154
58 46 174
58 46 178
58 46 182
58 46 186
58 50 14
58 50 18
58 50 22
58 50 26
58 50 46
58 50 50
58 50 54
58 50 58
58 50 142
58 50 146
58 50 150
58 50 154
58 50 174
58 50 178
58 50 182
58 50 186
58 54 14
58 54 18
58 54 22
58 54 26
58 54 46
58 54 50
58 54 54
58 54 58
58 54 142
58 54 146
58 54 150
58 54 154
58 54 174
58 54 178
58 54 182
58 54 186
58 58 14
58 58 18
58 58 22
58 58 26
58 58 46
58 58 50
58 58 54
58 58 58
58 58 142
58 58 146
58 58 150
58 58 154
58 58 174
58 58 178
58 58 182
58 58 186
58 142 14
58 142 18
58 142 22
58 142 26
58 142 46
58 142 50
58 142 54
58 142 58
58 142 142
58 142 146
58 142 150
58 142 154
58 142 174
58 142 178
58 142 182
58 142 186
58 146 14
58 146 18
58 146 22
58 146 26
58 146 46
58 146 50
58 146 54
58 146 58
58 146 142
58 146 146
58 146 150
58 146 154
58 146 174
58 146 178
58 146 182
58 146 186
58 150 14
58 150 18
58 150 22
58 150 26
58 150 46
58 150 50
58 150 54
58 150 58
58 150 142
58 150 146
58 150 150
58 150 154
58 150 174
58 150 178
58 150 182
58 150 186
58 154 14
58 154 18
58 154 22
58 154 26
58 154 46
58 154 50
58 154 54
58 154 58
58 154 142
58 154 146
58 154 150
58 154 154
58 154 174
58 154 178
58 154 182
58 154 186
58 174 14
58 174 18
58 174 22
58 174 26
58 174 46
58 174 50
58 174 54
58 174 58
58 174 142
58 174 146
58 174 150
58 174 154
58 174 174
58 174 178
58 174 182
58 174 186
58 178 14
58 178 18
58 178 22
58 178 26
58 178 46
58 178 50
58 178 54
58 178 58
58 178 142
58 178 146
58 178 150
58 178 154
58 178 174
58 178 178
58 178 182
58 178 186
58 182 14
58 182 18
58 182 22
58 182 26
58 182 46
58 182 50
58 182 54
58 182 58
58 182 142
58 182 146
58 182 150
58 182 154
58 182 174
58 182 178
58 182 182
58 182 186
58 186 14
58 186 18
58 186 22
58 186 26
58 186 46
58 186 50
58 186 54
58 186 58
58 186 142
58 186 146
58 186 150
58 186 154
58 186 174
58 186 178
58 186 182
58 186 186
142 14 14
142 14 18
142 14 22
142 14 26
142 14 46
142 14 50
142 14 54
142 14 58
142 14 142
142 14 146
142 14 150
142 14 154
142 14 174
142 14 178
142 14 182
142 14 186
142 18 14
142 18 18
142 18 22
142 18 26
142 18 46
142 18 50
142 18 54
142 18 58
142 18 142
142 18 146
142 18 150
142 18 154
142 18 174
142 18 178
142 18 182
142 18 186
142 22 14
142 22 18
142 22 22
142 22 26
142 22 46
142 22 50
142 22 54
142 22 58
142 22 142
142 22 146
142 22 150
142 22 154
142 22 174
142 22 178
142 22 182
142 22 186
142 26 14
142 26 18
142 26 22
142 26 26
142 26 46
142 26 50
142 26 54
142 26 58
142 26 142
142 26 146
142 26 150
142 26 154
142 26 174
142 26 178
142 26 182
142 26 186
142 46 14
142 46 18
142 46 22
142 46 26
142 46 46
142 46 50
142 46 54
142 46 58
142 46 142
142 46 146
142 46 150
142 46 154
142 46 174
142 46 178
142 46 182
142 46 186
142 50 14
142 50 18
142 50 22
142 50 26
142 50 46
142 50 50
142 50 54
142 50 58
142 50 142
142 50 146
142 50 150
142 50 154
142 50 174
142 50 178
142 50 182
142 50 186
142 54 14
142 54 18
142 54 22
142 54 26
142 54 46
142 54 50
142 54 54
142 54 58
142 54 142
142 54 146
142 54 150
142 54 154
142 54 174
142 54 178
142 54 182
142 54 186
142 58 14
142 58 18
142 58 22
142 58 26
142 58 46
142 58 50
142 58 54
142 58 58
142 58 142
142 58 146
142 58 150
142 58 154
142 58 174
142 58 178
142 58 182
142 58 186
142 142 14
142 142 18
142 142 22
142 142 26
142 142 46
142 142 50
142 142 54
142 142 58
142 142 142
142 142 146
142 142 150
142 142 154
142 142 174
142 142 178
142 142 182
142 142 186
142 146 14
142 146 18
142 146 22
142 146 26
142 146 46
142 146 50
142 146 54
142 146 58
142 146 142
142 146 146
142 146 150
142 146 154
142 146 174
142 146 178
142 146 182
142 146 186
142 150 14
142 150 18
142 150 22
142 150 26
142 150 46
142 150 50
142 150 54
142 150 58
142 150 142
142 150 146
142 150 150
142 150 154
142 150 174
142 150 178
142 150 182
142 150 186
142 154 14
142 154 18
142 154 22
142 154 26
142 154 46
142 154 50
142 154 54
142 154 58
142 154 142
142 154 146
142 154 150
142 154 154
142 154 174
142 154 178
142 154 182
142 154 186
142 174 14
142 174 18
142 174 22
142 174 26
142 174 46
142 174 50
142 174 54
142 174 58
142 174 142
142 174 146
142 174 150
142 174 154
142 174 174
142 174 178
142 174 182
142 174 186
142 178 14
142 178 18
142 178 22
142 178 26
142 178 46
142 178 50
142 178 54
142 178 58
142 178 142
142 178 146
142 178 150
142 178 154
142 178 174
142 178 178
142 178 182
142 178 186
142 182 14
142 182 18
142 182 22
142 182 26
142 182 46
142 182 50
142 182 54
142 182 58
142 182 142
142 182 146
142 182 150
142 182 154
142 182 174
142 182 178
142 182 182
142 182 186
142 186 14
142 186 18
142 186 22
142 186 26
142 186 46
142 186 50
142 186 54
142 186 58
142 186 142
142 186 146
142 186 150
142 186 154
142 186 174
142 186 178
142 186 182
142 186 186
146 14 14
146 14 18
146 14 22
146 14 26
146 14 46
146 14 50
146 14 54
146 14 58
146 14 142
146 14 146
146 14 150
146 14 154
146 14 174
146 14 178
146 14 182
146 14 186
146 18 14
146 18 18
146 18 22
146 18 26
146 18 46
146 18 50
146 18 54
146 18 58
146 18 142
146 18 146
146 18 150
146 18 154
146 18 174
146 18 178
146 18 182
146 18 186
146 22 14
146 22 18
146 22 22
146 22 26
146 22 46
146 22 50
146 22 54
146 22 58
146 22 142
146 22 146
146 22 150
146 22 154
146 22 174
146 22 178
146 22 182
146 22 186
146 26 14
146 26 18
146 26 22
146 26 26
146 26 46
146 26 50
146 26 54
146 26 58
146 26 142
146 26 146
146 26 150
146 26 154
146 26 174
146 26 178
146 26 182
146 26 186
146 46 14
146 46 18
146 46 22
146 46 26
146 46 46
146 46 50
146 46 54
146 46 58
146 46 142
146 46 146
146 46 150
146 46 154
146 46 174
146 46 178
146 46 182
146 46 186
146 50 14
146 50 18
146 50 22
146 50 26
146 50 46
146 50 50
146 50 54
146 50 58
146 50 142
146 50 146
146 50 150
146 50 154
146 50 174
146 50 178
146 50 182
146 50 186
146 54 14
146 54 18
146 54 22
146 54 26
146 54 46
146 54 50
146 54 54
146 54 58
146 54 142
146 54 146
146 54 150
146 54 154
146 54 174
146 54 178
146 54 182
146 54 186
146 58 14
146 58 18
146 58 22
146 58 26
146 58 46
146 58 50
146 58 54
146 58 58
146 58 142
146 58 146
146 58 150
146 58 154
146 58 174
146 58 178
146 58 182
146 58 186
146 142 14
146 142 18
146 142 22
146 142 26
146 142 46
146 142 50
146 142 54
146 142 58
146 142 142
146 142 146
146 142 150
146 142 154
146 142 174
146 142 178
146 142 182
146 142 186
146 146 14
146 146 18
146 146 22
146 146 26
146 146 46
146 146 50
146 146 54
146 146 58
146 146 142
146 146 146
146 146 150
146 146 154
146 146 174
146 146 178
146 146 182
146 146 186
146 150 14
146 150 18
146 150 22
146 150 26
146 150 46
146 150 50
146 150 54
146 150 58
146 150 142
146 150 146
146 150 150
146 150 154
146 150 174
146 150 178
146 150 182
146 150 186
146 154 14
146 154 18
146 154 22
146 154 26
146 154 46
146 154 50
146 154 54
146 154 58
146 154 142
146 154 146
146 154 150
146 154 154
146 154 174
146 154 178
146 154 182
146 154 186
146 174 14
146 174 18
146 174 22
146 174 26
146 174 46
146 174 50
146 174 54
146 174 58
146 174 142
146 174 146
146 174 150
146 174 154
146 174 174
146 174 178
146 174 182
146 174 186
146 178 14
146 178 18
146 178 22
146 178 26
146 178 46
146 178 50
146 178 54
146 178 58
146 178 142
146 178 146
146 178 150
146 178 154
146 178 174
146 178 178
146 178 182
146 178 186
146 182 14
146 182 18
146 182 22
146 182 26
146 182 46
146 182 50
146 182 54
146 182 58
146 182 142
146 182 146
146 182 150
146 182 154
146 182 174
146 182 178
146 182 182
146 182 186
146 186 14
146 186 18
146 186 22
146 186 26
146 186 46
146 186 50
146 186 54
146 186 58
146 186 142
146 186 146
146 186 150
146 186 154
146 186 174
146 186 178
146 186 182
146 186 186
150 14 14
150 14 18
150 14 22
150 14 26
150 14 46
150 14 50
150 14 54
150 14 58
150 14 142
150 14 146
150 14 150
150 14 154
150 14 174
150 14 178
150 14 182
150 14 186
150 18 14
150 18 18
150 18 22
150 18 26
150 18 46
150 18 50
150 18 54
150 18 58
150 18 142
150 18 146
150 18 150
150 18 154
150 18 174
150 18 178
150 18 182
150 18 186
150 22 14
150 22 18
150 22 22
150 22 26
150 22 46
150 22 50
150 22 54
150 22 58
150 22 142
150 22 146
150 22 150
150 22 154
150 22 174
150 22 178
150 22 182
150 22 186
150 26 14
150 26 18
150 26 22
150 26 26
150 26 46
150 26 50
150 26 54
150 26 58
150 26 142
150 26 146
150 26 150
150 26 154
150 26 174
150 26 178
150 26 182
150 26 186
150 46 14
150 46 18
150 46 22
150 46 26
150 46 46
150 46 50
150 46 54
150 46 58
150 46 142
150 46 146
150 46 150
150 46 154
150 46 174
150 46 178
150 46 182
150 46 186
150 50 14
150 50 18
150 50 22
150 50 26
150 50 46
150 50 50
150 50 54
150 50 58
150 50 142
150 50 146
150 50 150
150 50 154
150 50 174
150 50 178
150 50 182
150 50 186
150 54 14
150 54 18
150 54 22
150 54 26
150 54 46
150 54 50
150 54 54
150 54 58
150 54 142
150 54 146
150 54 150
150 54 154
150 54 174
150 54 178
150 54 182
150 54 186
150 58 14
150 58 18
150 58 22
150 58 26
150 58 46
150 58 50
150 58 54
150 58 58
150 58 142
150 58 146
150 58 150
150 58 154
150 58 174
150 58 178
150 58 182
150 58 186
150 142 14
150 142 18
150 142 22
150 142 26
150 142 46
150 142 50
150 142 54
150 142 58
150 142 142
150 142 146
150 142 150
150 142 154
150 142 174
150 142 178
150 142 182
150 142 186
150 146 14
150 146 18
150 146 22
150 146 26
150 146 46
150 146 50
150 146 54
150 146 58
150 146 142
150 146 146
150 146 150
150 146 154
150 146 174
150 146 178
150 146 182
150 146 186
150 150 14
150 150 18
150 150 22
150 150 26
150 150 46
150 150 50
150 150 54
150 150 58
150 150 142
150 150 146
150 150 150
150 150 154
150 150 174
150 150 178
150 150 182
150 150 186
150 154 14
150 154 18
150 154 22
150 154 26
150 154 46
150 154 50
150 154 54
150 154 58
150 154 142
150 154 146
150 154 150
150 154 154
150 154 174
150 154 178
150 154 182
150 154 186
150 174 14
150 174 18
150 174 22
150 174 26
150 174 46
150 174 50
150 174 54
150 174 58
150 174 142
150 174 146
150 174 150
150 174 154
150 174 174
150 174 178
150 174 182
150 174 186
150 178 14
150 178 18
150 178 22
150 178 26
150 178 46
150 178 50
150 178 54
150 178 58
150 178 142
150 178 146
150 178 150
150 178 154
150 178 174
150 178 178
150 178 182
150 178 186
150 182 14
150 182 18
150 182 22
150 182 26
150 182 46
150 182 50
150 182 54
150 182 58
150 182 142
150 182 146
150 182 150
150 182 154
150 182 174
150 182 178
150 182 182
150 182 186
150 186 14
150 186 18
150 186 22
150 186 26
150 186 46
150 186 50
150 186 54
150 186 58
150 186 142
150 186 146
150 186 150
150 186 154
150 186 174
150 186 178
150 186 182
150 186 186
154 14 14
154 14 18
154 14 22
154 14 26
154 14 46
154 14 50
154 14 54
154 14 58
154 14 142
154 14 146
154 14 150
154 14 154
154 14 174
154 14 178
154 14 182
154 14 186
154 18 14
154 18 18
154 18 22
154 18 26
154 18 46
154 18 50
154 18 54
154 18 58
154 18 142
154 18 146
154 18 150
154 18 154
154 18 174
154 18 178
154 18 182
154 18 186
154 22 14
154 22 18
154 22 22
154 22 26
154 22 46
154 22 50
154 22 54
154 22 58
154 22 142
154 22 146
154 22 150
154 22 154
154 22 174
154 22 178
154 22 182
154 22 186
154 26 14
154 26 18
154 26 22
154 26 26
154 26 46
154 26 50
154 26 54
154 26 58
154 26 142
154 26 146
154 26 150
154 26 154
154 26 174
154 26 178
154 26 182
154 26 186
154 46 14
154 46 18
154 46 22
154 46 26
154 46 46
154 46 50
154 46 54
154 46 58
154 46 142
154 46 146
154 46 150
154 46 154
154 46 174
154 46 178
154 46 182
154 46 186
154 50 14
154 50 18
154 50 22
154 50 26
154 50 46
154 50 50
154 50 54
154 50 58
154 50 142
154 50 146
154 50 150
154 50 154
154 50 174
154 50 178
154 50 182
154 50 186
154 54 14
154 54 18
154 54 22
154 54 26
154 54 46
154 54 50
154 54 54
154 54 58
154 54 142
154 54 146
154 54 150
154 54 154
154 54 174
154 54 178
154 54 182
154 54 186
154 58 14
154 58 18
154 58 22
154 58 26
154 58 46
154 58 50
154 58 54
154 58 58
154 58 142
154 58 146
154 58 150
154 58 154
154 58 174
154 58 178
154 58 182
154 58 186
154 142 14
154 142 18
154 142 22
154 142 26
154 142 46
154 142 50
154 142 54
154 142 58
154 142 142
154 142 146
154 142 150
154 142 154
154 142 174
154 142 178
154 142 182
154 142 186
154 146 14
154 146 18
154 146 22
154 146 26
154 146 46
154 146 50
154 146 54
154 146 58
154 146 142
154 146 146
154 146 150
154 146 154
154 146 174
154 146 178
154 146 182
154 146 186
154 150 14
154 150 18
154 150 22
154 150 26
154 150 46
154 150 50
154 150 54
154 150 58
154 150 142
154 150 146
154 150 150
154 150 154
154 150 174
154 150 178
154 150 182
154 150 186
154 154 14
154 154 18
154 154 22
154 154 26
154 154 46
154 154 50
154 154 54
154 154 58
154 154 142
154 154 146
154 154 150
154 154 154
154 154 174
154 154 178
154 154 182
154 154 186
154 174 14
154 174 18
154 174 22
154 174 26
154 174 46
154 174 50
154 174 54
154 174 58
154 174 142
154 174 146
154 174 150
154 174 154
154 174 174
154 174 178
154 174 182
154 174 186
154 178 14
154 178 18
154 178 22
154 178 26
154 178 46
154 178 50
154 178 54
154 178 58
154 178 142
154 178 146
154 178 150
154 178 154
154 178 174
154 178 178
154 178 182
154 178 186
154 182 14
154 182 18
154 182 22
154 182 26
154 182 46
154 182 50
154 182 54
154 182 58
154 182 142
154 182 146
154 182 150
154 182 154
154 182 174
154 182 178
154 182 182
154 182 186
154 186 14
154 186 18
154 186 22
154 186 26
154 186 46
154 186 50
154 186 54
154 186 58
154 186 142
154 186 146
154 186 150
154 186 154
154 186 174
154 186 178
154 186 182
154 186 186
174 14 14
174 14 18
174 14 22
174 14 26
174 14 46
174 14 50
174 14 54
174 14 58
174 14 142
174 14 146
174 14 150
174 14 154
174 14 174
174 14 178
174 14 182
174 14 186
174 18 14
174 18 18
174 18 22
174 18 26
174 18 46
174 18 50
174 18 54
174 18 58
174 18 142
174 18 146
174 18 150
174 18 154
174 18 174
174 18 178
174 18 182
174 18 186
174 22 14
174 22 18
174 22 22
174 22 26
174 22 46
174 22 50
174 22 54
174 22 58
174 22 142
174 22 146
174 22 150
174 22 154
174 22 174
174 22 178
174 22 182
174 22 186
174 26 14
174 26 18
174 26 22
174 26 26
174 26 46
174 26 50
174 26 54
174 26 58
174 26 142
174 26 146
174 26 150
174 26 154
174 26 174
174 26 178
174 26 182
174 26 186
174 46 14
174 46 18
174 46 22
174 46 26
174 46 46
174 46 50
174 46 54
174 46 58
174 46 142
174 46 146
174 46 150
174 46 154
174 46 174
174 46 178
174 46 182
174 46 186
174 50 14
174 50 18
174 50 22
174 50 26
174 50 46
174 50 50
174 50 54
174 50 58
174 50 142
174 50 146
174 50 150
174 50 154
174 50 174
174 50 178
174 50 182
174 50 186
174 54 14
174 54 18
174 54 22
174 54 26
174 54 46
174 54 50
174 54 54
174 54 58
174 54 142
174 54 146
174 54 150
174 54 154
174 54 174
174 54 178
174 54 182
174 54 186
174 58 14
174 58 18
174 58 22
174 58 26
174 58 46
174 58 50
174 58 54
174 58 58
174 58 142
174 58 146
174 58 150
174 58 154
174 58 174
174 58 178
174 58 182
174 58 186
174 142 14
174 142 18
174 142 22
174 142 26
174 142 46
174 142 50
174 142 54
174 142 58
174 142 142
174 142 146
174 142 150
174 142 154
174 142 174
174 142 178
174 142 182
174 142 186
174 146 14
174 146 18
174 146 22
174 146 26
174 146 46
174 146 50
174 146 54
174 146 58
174 146 142
174 146 146
174 146 150
174 146 154
174 146 174
174 146 178
174 146 182
174 146 186
174 150 14
174 150 18
174 150 22
174 150 26
174 150 46
174 150 50
174 150 54
174 150 58
174 150 142
174 150 146
174 150 150
174 150 154
174 150 174
174 150 178
174 150 182
174 150 186
174 154 14
174 154 18
174 154 22
174 154 26
174 154 46
174 154 50
174 154 54
174 154 58
174 154 142
174 154 146
174 154 150
174 154 154
174 154 174
174 154 178
174 154 182
174 154 186
174 174 14
174 174 18
174 174 22
174 174 26
174 174 46
174 174 50
174 174 54
174 174 58
174 174 142
174 174 146
174 174 150
174 174 154
174 174 174
174 174 178
174 174 182
174 174 186
174 178 14
174 178 18
174 178 22
174 178 26
174 178 46
174 178 50
174 178 54
174 178 58
174 178 142
174 178 146
174 178 150
174 178 154
174 178 174
174 178 178
174 178 182
174 178 186
174 182 14
174 182 18
174 182 22
174 182 26
174 182 46
174 182 50
174 182 54
174 182 58
174 182 142
174 182 146
174 182 150
174 182 154
174 182 174
174 182 178
174 182 182
174 182 186
174 186 14
174 186 18
174 186 22
174 186 26
174 186 46
174 186 50
174 186 54
174 186 58
174 186 142
174 186 146
174 186 150
174 186 154
174 186 174
174 186 178
174 186 182
174 186 186
178 14 14
178 14 18
178 14 22
178 14 26
178 14 46
178 14 50
178 14 54
178 14 58
178 14 142
178 14 146
178 14 150
178 14 154
178 14 174
178 14 178
178 14 182
178 14 186
178 18 14
178 18 18
178 18 22
178 18 26
178 18 46
178 18 50
178 18 54
178 18 58
178 18 142
178 18 146
178 18 150
178 18 154
178 18 174
178 18 178
178 18 182
178 18 186
178 22 14
178 22 18
178 22 22
178 22 26
178 22 46
178 22 50
178 22 54
178 22 58
178 22 142
178 22 146
178 22 150
178 22 154
178 22 174
178 22 178
178 22 182
178 22 186
178 26 14
178 26 18
178 26 22
178 26 26
178 26 46
178 26 50
178 26 54
178 26 58
178 26 142
178 26 146
178 26 150
178 26 154
178 26 174
178 26 178
178 26 182
178 26 186
178 46 14
178 46 18
178 46 22
178 46 26
178 46 46
178 46 50
178 46 54
178 46 58
178 46 142
178 46 146
178 46 150
178 46 154
178 46 174
178 46 178
178 46 182
178 46 186
178 50 14
178 50 18
178 50 22
178 50 26
178 50 46
178 50 50
178 50 54
178 50 58
178 50 142
178 50 146
178 50 150
178 50 154
178 50 174
178 50 178
178 50 182
178 50 186
178 54 14
178 54 18
178 54 22
178 54 26
178 54 46
178 54 50
178 54 54
178 54 58
178 54 142
178 54 146
178 54 150
178 54 154
178 54 174
178 54 178
178 54 182
178 54 186
178 58 14
178 58 18
178 58 22
178 58 26
178 58 46
178 58 50
178 58 54
178 58 58
178 58 142
178 58 146
178 58 150
178 58 154
178 58 174
178 58 178
178 58 182
178 58 186
178 142 14
178 142 18
178 142 22
178 142 26
178 142 46
178 142 50
178 142 54
178 142 58
178 142 142
178 142 146
178 142 150
178 142 154
178 142 174
178 142 178
178 142 182
178 142 186
178 146 14
178 146 18
178 146 22
178 146 26
178 146 46
178 146 50
178 146 54
178 146 58
178 146 142
178 146 146
178 146 150
178 146 154
178 146 174
178 146 178
178 146 182
178 146 186
178 150 14
178 150 18
178 150 22
178 150 26
178 150 46
178 150 50
178 150 54
178 150 58
178 150 142
178 150 146
178 150 150
178 150 154
178 150 174
178 150 178
178 150 182
178 150 186
178 154 14
178 154 18
178 154 22
178 154 26
178 154 46
178 154 50
178 154 54
178 154 58
178 154 142
178 154 146
178 154 150
178 154 154
178 154 174
178 154 178
178 154 182
178 154 186
178 174 14
178 174 18
178 174 22
178 174 26
178 174 46
178 174 50
178 174 54
178 174 58
178 174 142
178 174 146
178 174 150
178 174 154
178 174 174
178 174 178
178 174 182
178 174 186
178 178 14
178 178 18
178 178 22
178 178 26
178 178 46
178 178 50
178 178 54
178 178 58
178 178 142
178 178 146
178 178 150
178 178 154
178 178 174
178 178 178
178 178 182
178 178 186
178 182 14
178 182 18
178 182 22
178 182 26
178 182 46
178 182 50
178 182 54
178 182 58
178 182 142
178 182 146
178 182 150
178 182 154
178 182 174
178 182 178
178 182 182
178 182 186
178 186 14
178 186 18
178 186 22
178 186 26
178 186 46
178 186 50
178 186 54
178 186 58
178 186 142
178 186 146
178 186 150
178 186 154
178 186 174
178 186 178
178 186 182
178 186 186
182 14 14
182 14 18
182 14 22
182 14 26
182 14 46
182 14 50
182 14 54
182 14 58
182 14 142
182 14 146
182 14 150
182 14 154
182 14 174
182 14 178
182 14 182
182 14 186
182 18 14
182 18 18
182 18 22
182 18 26
182 18 46
182 18 50
182 18 54
182 18 58
182 18 142
182 18 146
182 18 150
182 18 154
182 18 174
182 18 178
182 18 182
182 18 186
182 22 14
182 22 18
182 22 22
182 22 26
182 22 46
182 22 50
182 22 54
182 22 58
182 22 142
182 22 146
182 22 150
182 22 154
182 22 174
182 22 178
182 22 182
182 22 186
182 26 14
182 26 18
182 26 22
182 26 26
182 26 46
182 26 50
182 26 54
182 26 58
182 26 142
182 26 146
182 26 150
182 26 154
182 26 174
182 26 178
182 26 182
182 26 186
182 46 14
182 46 18
182 46 22
182 46 26
182 46 46
182 46 50
182 46 54
182 46 58
182 46 142
182 46 146
182 46 150
182 46 154
182 46 174
182 46 178
182 46 182
182 46 186
182 50 14
182 50 18
182 50 22
182 50 26
182 50 46
182 50 50
182 50 54
182 50 58
182 50 142
182 50 146
182 50 150
182 50 154
182 50 174
182 50 178
182 50 182
182 50 186
182 54 14
182 54 18
182 54 22
182 54 26
182 54 46
182 54 50
182 54 54
182 54 58
182 54 142
182 54 146
182 54 150
182 54 154
182 54 174
182 54 178
182 54 182
182 54 186
182 58 14
182 58 18
182 58 22
182 58 26
182 58 46
182 58 50
182 58 54
182 58 58
182 58 142
182 58 146
182 58 150
182 58 154
182 58 174
182 58 178
182 58 182
182 58 186
182 142 14
182 142 18
182 142 22
182 142 26
182 142 46
182 142 50
182 142 54
182 142 58
182 142 142
182 142 146
182 142 150
182 142 154
182 142 174
182 142 178
182 142 182
182 142 186
182 146 14
182 146 18
182 146 22
182 146 26
182 146 46
182 146 50
182 146 54
182 146 58
182 146 142
182 146 146
182 146 150
182 146 154
182 146 174
182 146 178
182 146 182
182 146 186
182 150 14
182 150 18
182 150 22
182 150 26
182 150 46
182 150 50
182 150 54
182 150 58
182 150 142
182 150 146
182 150 150
182 150 154
182 150 174
182 150 178
182 150 182
182 150 186
182 154 14
182 154 18
182 154 22
182 154 26
182 154 46
182 154 50
182 154 54
182 154 58
182 154 142
182 154 146
182 154 150
182 154 154
182 154 174
182 154 178
182 154 182
182 154 186
182 174 14
182 174 18
182 174 22
182 174 26
182 174 46
182 174 50
182 174 54
182 174 58
182 174 142
182 174 146
182 174 150
182 174 154
182 174 174
182 174 178
182 174 182
182 174 186
182 178 14
182 178 18
182 178 22
182 178 26
182 178 46
182 178 50
182 178 54
182 178 58
182 178 142
182 178 146
182 178 150
182 178 154
182 178 174
182 178 178
182 178 182
182 178 186
182 182 14
182 182 18
182 182 22
182 182 26
182 182 46
182 182 50
182 182 54
182 182 58
182 182 142
182 182 146
182 182 150
182 182 154
182 182 174
182 182 178
182 182 182
182 182 186
182 186 14
182 186 18
182 186 22
182 186 26
182 186 46
182 186 50
182 186 54
182 186 58
182 186 142
182 186 146
182 186 150
182 186 154
182 186 174
182 186 178
182 186 182
182 186 186
186 14 14
186 14 18
186 14 22
186 14 26
186 14 46
186 14 50
186 14 54
186 14 58
186 14 142
186 14 146
186 14 150
186 14 154
186 14 174
186 14 178
186 14 182
186 14 186
186 18 14
186 18 18
186 18 22
186 18 26
186 18 46
186 18 50
186 18 54
186 18 58
186 18 142
186 18 146
186 18 150
186 18 154
186 18 174
186 18 178
186 18 182
186 18 186
186 22 14
186 22 18
186 22 22
186 22 26
186 22 46
186 22 50
186 22 54
186 22 58
186 22 142
186 22 146
186 22 150
186 22 154
186 22 174
186 22 178
186 22 182
186 22 186
186 26 14
186 26 18
186 26 22
186 26 26
186 26 46
186 26 50
186 26 54
186 26 58
186 26 142
186 26 146
186 26 150
186 26 154
186 26 174
186 26 178
186 26 182
186 26 186
186 46 14
186 46 18
186 46 22
186 46 26
186 46 46
186 46 50
186 46 54
186 46 58
186 46 142
186 46 146
186 46 150
186 46 154
186 46 174
186 46 178
186 46 182
186 46 186
186 50 14
186 50 18
186 50 22
186 50 26
186 50 46
186 50 50
186 50 54
186 50 58
186 50 142
186 50 146
186 50 150
186 50 154
186 50 174
186 50 178
186 50 182
186 50 186
186 54 14
186 54 18
186 54 22
186 54 26
186 54 46
186 54 50
186 54 54
186 54 58
186 54 142
186 54 146
186 54 150
186 54 154
186 54 174
186 54 178
186 54 182
186 54 186
186 58 14
186 58 18
186 58 22
186 58 26
186 58 46
186 58 50
186 58 54
186 58 58
186 58 142
186 58 146
186 58 150
186 58 154
186 58 174
186 58 178
186 58 182
186 58 186
186 142 14
186 142 18
186 142 22
186 142 26
186 142 46
186 142 50
186 142 54
186 142 58
186 142 142
186 142 146
186 142 150
186 142 154
186 142 174
186 142 178
186 142 182
186 142 186
186 146 14
186 146 18
186 146 22
186 146 26
186 146 46
186 146 50
186 146 54
186 146 58
186 146 142
186 146 146
186 146 150
186 146 154
186 146 174
186 146 178
186 146 182
186 146 186
186 150 14
186 150 18
186 150 22
186 150 26
186 150 46
186 150 50
186 150 54
186 150 58
186 150 142
186 150 146
186 150 150
186 150 154
186 150 174
186 150 178
186 150 182
186 150 186
186 154 14
186 154 18
186 154 22
186 154 26
186 154 46
186 154 50
186 154 54
186 154 58
186 154 142
186 154 146
186 154 150
186 154 154
186 154 174
186 154 178
186 154 182
186 154 186
186 174 14
186 174 18
186 174 22
186 174 26
186 174 46
186 174 50
186 174 54
186 174 58
186 174 142
186 174 146
186 174 150
186 174 154
186 174 174
186 174 178
186 174 182
186 174 186
186 178 14
186 178 18
186 178 22
186 178 26
186 178 46
186 178 50
186 178 54
186 178 58
186 178 142
186 178 146
186 178 150
186 178 154
186 178 174
186 178 178
186 178 182
186 178 186
186 182 14
186 182 18
186 182 22
186 182 26
186 182 46
186 182 50
186 182 54
186 182 58
186 182 142
186 182 146
186 182 150
186 182 154
186 182 174
186 182 178
186 182 182
186 182 186
186 186 14
186 186 18
186 186 22
186 186 26
186 186 46
186 186 50
186 186 54
186 186 58
186 186 142
186 186 146
186 186 150
186 186 154
186 186 174
186 186 178
186 186 182
186 186 186
