200
58 58 58
58 58 62
58 58 74
58 58 78
58 58 122
58 58 126
58 58 138
58 58 142
58 62 58
58 62 62
58 62 74
58 62 78
58 62 122
58 62 126
58 62 138
58 62 142
58 74 58
58 74 62
58 74 74
58 74 78
58 74 122
58 74 126
58 74 138
58 74 142
58 78 58
58 78 62
58 78 74
58 78 78
58 78 122
58 78 126
58 78 138
58 78 142
58 122 58
58 122 62
58 122 74
58 122 78
58 122 122
58 122 126
58 122 138
58 122 142
58 126 58
58 126 62
58 126 74
58 126 78
58 126 122
58 126 126
58 126 138
58 126 142
58 138 58
58 138 62
58 138 74
58 138 78
58 138 122
58 138 126
58 138 138
58 138 142
58 142 58
58 142 62
58 142 74
58 142 78
58 142 122
58 142 126
58 142 138
58 142 142
62 58 58
62 58 62
62 58 74
62 58 78
62 58 122
62 58 126
62 58 138
62 58 142
62 62 58
62 62 62
62 62 74
62 62 78
62 62 122
62 62 126
62 62 138
62 62 142
62 74 58
62 74 62
62 74 74
62 74 78
62 74 122
62 74 126
62 74 138
62 74 142
62 78 58
62 78 62
62 78 74
62 78 78
62 78 122
62 78 126
62 78 138
62 78 142
62 122 58
62 122 62
62 122 74
62 122 78
62 122 122
62 122 126
62 122 138
62 122 142
62 126 58
62 126 62
62 126 74
62 126 78
62 126 122
62 126 126
62 126 138
62 126 142
62 138 58
62 138 62
62 138 74
62 138 78
62 138 122
62 138 126
62 138 138
62 138 142
62 142 58
62 142 62
62 142 74
62 142 78
62 142 122
62 142 126
62 142 138
62 142 142
74 58 58
74 58 62
74 58 74
74 58 78
74 58 122
74 58 126
74 58 138
74 58 142
74 62 58
74 62 62
74 62 74
74 62 78
74 62 122
74 62 126
74 62 138
74 62 142
74 74 58
74 74 62
74 74 74
74 74 78
74 74 122
74 74 126
74 74 138
74 74 142
74 78 58
74 78 62
74 78 74
74 78 78
74 78 122
74 78 126
74 78 138
74 78 142
74 122 58
74 122 62
74 122 74
74 122 78
74 122 122
74 122 126
74 122 138
74 122 142
74 126 58
74 126 62
74 126 74
74 126 78
74 126 122
74 126 126
74 126 138
74 126 142
74 138 58
74 138 62
74 138 74
74 138 78
74 138 122
74 138 126
74 138 138
74 138 142
74 142 58
74 142 62
74 142 74
74 142 78
74 142 122
74 142 126
74 142 138
74 142 142
78 58 58
78 58 62
78 58 74
78 58 78
78 58 122
78 58 126
78 58 138
78 58 142
78 62 58
78 62 62
78 62 74
78 62 78
78 62 122
78 62 126
78 62 138
78 62 142
78 74 58
78 74 62
78 74 74
78 74 78
78 74 122
78 74 126
78 74 138
78 74 142
78 78 58
78 78 62
78 78 74
78 78 78
78 78 122
78 78 126
78 78 138
78 78 142
78 122 58
78 122 62
78 122 74
78 122 78
78 122 122
78 122 126
78 122 138
78 122 142
78 126 58
78 126 62
78 126 74
78 126 78
78 126 122
78 126 126
78 126 138
78 126 142
78 138 58
78 138 62
78 138 74
78 138 78
78 138 122
78 138 126
78 138 138
78 138 142
78 142 58
78 142 62
78 142 74
78 142 78
78 142 122
78 142 126
78 142 138
78 142 142
122 58 58
122 58 62
122 58 74
122 58 78
122 58 122
122 58 126
122 58 138
122 58 142
122 62 58
122 62 62
122 62 74
122 62 78
122 62 122
122 62 126
122 62 138
122 62 142
122 74 58
122 74 62
122 74 74
122 74 78
122 74 122
122 74 126
122 74 138
122 74 142
122 78 58
122 78 62
122 78 74
122 78 78
122 78 122
122 78 126
122 78 138
122 78 142
122 122 58
122 122 62
122 122 74
122 122 78
122 122 122
122 122 126
122 122 138
122 122 142
122 126 58
122 126 62
122 126 74
122 126 78
122 126 122
122 126 126
122 126 138
122 126 142
122 138 58
122 138 62
122 138 74
122 138 78
122 138 122
122 138 126
122 138 138
122 138 142
122 142 58
122 142 62
122 142 74
122 142 78
122 142 122
122 142 126
122 142 138
122 142 142
126 58 58
126 58 62
126 58 74
126 58 78
126 58 122
126 58 126
126 58 138
126 58 142
126 62 58
126 62 62
126 62 74
126 62 78
126 62 122
126 62 126
126 62 138
126 62 142
126 74 58
126 74 62
126 74 74
126 74 78
126 74 122
126 74 126
126 74 138
126 74 142
126 78 58
126 78 62
126 78 74
126 78 78
126 78 122
126 78 126
126 78 138
126 78 142
126 122 58
126 122 62
126 122 74
126 122 78
126 122 122
126 122 126
126 122 138
126 122 142
126 126 58
126 126 62
126 126 74
126 126 78
126 126 122
126 126 126
126 126 138
126 126 142
126 138 58
126 138 62
126 138 74
126 138 78
126 138 122
126 138 126
126 138 138
126 138 142
126 142 58
126 142 62
126 142 74
126 142 78
126 142 122
126 142 126
126 142 138
126 142 142
138 58 58
138 58 62
138 58 74
138 58 78
138 58 122
138 58 126
138 58 138
138 58 142
138 62 58
138 62 62
138 62 74
138 62 78
138 62 122
138 62 126
138 62 138
138 62 142
138 74 58
138 74 62
138 74 74
138 74 78
138 74 122
138 74 126
138 74 138
138 74 142
138 78 58
138 78 62
138 78 74
138 78 78
138 78 122
138 78 126
138 78 138
138 78 142
138 122 58
138 122 62
138 122 74
138 122 78
138 122 122
138 122 126
138 122 138
138 122 142
138 126 58
138 126 62
138 126 74
138 126 78
138 126 122
138 126 126
138 126 138
138 126 142
138 138 58
138 138 62
138 138 74
138 138 78
138 138 122
138 138 126
138 138 138
138 138 142
138 142 58
138 142 62
138 142 74
138 142 78
138 142 122
138 142 126
138 142 138
138 142 142
142 58 58
142 58 62
142 58 74
142 58 78
142 58 122
142 58 126
142 58 138
142 58 142
142 62 58
142 62 62
142 62 74
142 62 78
142 62 122
142 62 126
142 62 138
142 62 142
142 74 58
142 74 62
142 74 74
142 74 78
142 74 122
142 74 126
142 74 138
142 74 142
142 78 58
142 78 62
142 78 74
142 78 78
142 78 122
142 78 126
142 78 138
142 78 142
142 122 58
142 122 62
142 122 74
142 122 78
142 122 122
142 122 126
142 122 138
142 122 142
142 126 58
142 126 62
142 126 74
142 126 78
142 126 122
142 126 126
142 126 138
142 126 142
142 138 58
142 138 62
142 138 74
142 138 78
142 138 122
142 138 126
142 138 138
142 138 142
142 142 58
142 142 62
142 142 74
142 142 78
142 142 122
142 142 126
142 142 138
142 142 142
