200
87 87 87
87 87 88
87 87 89
87 87 95
87 87 96
87 87 97
87 87 103
87 87 104
87 87 105
87 87 111
87 87 112
87 87 113
87 88 87
87 88 88
87 88 89
87 88 95
87 88 96
87 88 97
87 88 103
87 88 104
87 88 105
87 88 111
87 88 112
87 88 113
87 89 87
87 89 88
87 89 89
87 89 95
87 89 96
87 89 97
87 89 103
87 89 104
87 89 105
87 89 111
87 89 112
87 89 113
87 95 87
87 95 88
87 95 89
87 95 95
87 95 96
87 95 97
87 95 103
87 95 104
87 95 105
87 95 111
87 95 112
87 95 113
87 96 87
87 96 88
87 96 89
87 96 95
87 96 96
87 96 97
87 96 103
87 96 104
87 96 105
87 96 111
87 96 112
87 96 113
87 97 87
87 97 88
87 97 89
87 97 95
87 97 96
87 97 97
87 97 103
87 97 104
87 97 105
87 97 111
87 97 112
87 97 113
87 103 87
87 103 88
87 103 89
87 103 95
87 103 96
87 103 97
87 103 103
87 103 104
87 103 105
87 103 111
87 103 112
87 103 113
87 104 87
87 104 88
87 104 89
87 104 95
87 104 96
87 104 97
87 104 103
87 104 104
87 104 105
87 104 111
87 104 112
87 104 113
87 105 87
87 105 88
87 105 89
87 105 95
87 105 96
87 105 97
87 105 103
87 105 104
87 105 105
87 105 111
87 105 112
87 105 113
87 111 87
87 111 88
87 111 89
87 111 95
87 111 96
87 111 97
87 111 103
87 111 104
87 111 105
87 111 111
87 111 112
87 111 113
87 112 87
87 112 88
87 112 89
87 112 95
87 112 96
87 112 97
87 112 103
87 112 104
87 112 105
87 112 111
87 112 112
87 112 113
87 113 87
87 113 88
87 113 89
87 113 95
87 113 96
87 113 97
87 113 103
87 113 104
87 113 105
87 113 111
87 113 112
87 113 113
88 87 87
88 87 88
88 87 89
88 87 95
88 87 96
88 87 97
88 87 103
88 87 104
88 87 105
88 87 111
88 87 112
88 87 113
88 88 87
88 88 89
88 88 95
88 88 97
88 88 103
88 88 105
88 88 111
88 88 113
88 89 87
88 89 88
88 89 89
88 89 95
88 89 96
88 89 97
88 89 103
88 89 104
88 89 105
88 89 111
88 89 112
88 89 113
88 95 87
88 95 88
88 95 89
88 95 95
88 95 96
88 95 97
88 95 103
88 95 104
88 95 105
88 95 111
88 95 112
88 95 113
88 96 87
88 96 89
88 96 95
88 96 97
88 96 103
88 96 105
88 96 111
88 96 113
88 97 87
88 97 88
88 97 89
88 97 95
88 97 96
88 97 97
88 97 103
88 97 104
88 97 105
88 97 111
88 97 112
88 97 113
88 103 87
88 103 88
88 103 89
88 103 95
88 103 96
88 103 97
88 103 103
88 103 104
88 103 105
88 103 111
88 103 112
88 103 113
88 104 87
88 104 89
88 104 95
88 104 97
88 104 103
88 104 105
88 104 111
88 104 113
88 105 87
88 105 88
88 105 89
88 105 95
88 105 96
88 105 97
88 105 103
88 105 104
88 105 105
88 105 111
88 105 112
88 105 113
88 111 87
88 111 88
88 111 89
88 111 95
88 111 96
88 111 97
88 111 103
88 111 104
88 111 105
88 111 111
88 111 112
88 111 113
88 112 87
88 112 89
88 112 95
88 112 97
88 112 103
88 112 105
88 112 111
88 112 113
88 113 87
88 113 88
88 113 89
88 113 95
88 113 96
88 113 97
88 113 103
88 113 104
88 113 105
88 113 111
88 113 112
88 113 113
89 87 87
89 87 88
89 87 89
89 87 95
89 87 96
89 87 97
89 87 103
89 87 104
89 87 105
89 87 111
89 87 112
89 87 113
89 88 87
89 88 88
89 88 89
89 88 95
89 88 96
89 88 97
89 88 103
89 88 104
89 88 105
89 88 111
89 88 112
89 88 113
89 89 87
89 89 88
89 89 89
89 89 95
89 89 96
89 89 97
89 89 103
89 89 104
89 89 105
89 89 111
89 89 112
89 89 113
89 95 87
89 95 88
89 95 89
89 95 95
89 95 96
89 95 97
89 95 103
89 95 104
89 95 105
89 95 111
89 95 112
89 95 113
89 96 87
89 96 88
89 96 89
89 96 95
89 96 96
89 96 97
89 96 103
89 96 104
89 96 105
89 96 111
89 96 112
89 96 113
89 97 87
89 97 88
89 97 89
89 97 95
89 97 96
89 97 97
89 97 103
89 97 104
89 97 105
89 97 111
89 97 112
89 97 113
89 103 87
89 103 88
89 103 89
89 103 95
89 103 96
89 103 97
89 103 103
89 103 104
89 103 105
89 103 111
89 103 112
89 103 113
89 104 87
89 104 88
89 104 89
89 104 95
89 104 96
89 104 97
89 104 103
89 104 104
89 104 105
89 104 111
89 104 112
89 104 113
89 105 87
89 105 88
89 105 89
89 105 95
89 105 96
89 105 97
89 105 103
89 105 104
89 105 105
89 105 111
89 105 112
89 105 113
89 111 87
89 111 88
89 111 89
89 111 95
89 111 96
89 111 97
89 111 103
89 111 104
89 111 105
89 111 111
89 111 112
89 111 113
89 112 87
89 112 88
89 112 89
89 112 95
89 112 96
89 112 97
89 112 103
89 112 104
89 112 105
89 112 111
89 112 112
89 112 113
89 113 87
89 113 88
89 113 89
89 113 95
89 113 96
89 113 97
89 113 103
89 113 104
89 113 105
89 113 111
89 113 112
89 113 113
95 87 87
95 87 88
95 87 89
95 87 95
95 87 96
95 87 97
95 87 103
95 87 104
95 87 105
95 87 111
95 87 112
95 87 113
95 88 87
95 88 88
95 88 89
95 88 95
95 88 96
95 88 97
95 88 103
95 88 104
95 88 105
95 88 111
95 88 112
95 88 113
95 89 87
95 89 88
95 89 89
95 89 95
95 89 96
95 89 97
95 89 103
95 89 104
95 89 105
95 89 111
95 89 112
95 89 113
95 95 87
95 95 88
95 95 89
95 95 95
95 95 96
95 95 97
95 95 103
95 95 104
95 95 105
95 95 111
95 95 112
95 95 113
95 96 87
95 96 88
95 96 89
95 96 95
95 96 96
95 96 97
95 96 103
95 96 104
95 96 105
95 96 111
95 96 112
95 96 113
95 97 87
95 97 88
95 97 89
95 97 95
95 97 96
95 97 97
95 97 103
95 97 104
95 97 105
95 97 111
95 97 112
95 97 113
95 103 87
95 103 88
95 103 89
95 103 95
95 103 96
95 103 97
95 103 103
95 103 104
95 103 105
95 103 111
95 103 112
95 103 113
95 104 87
95 104 88
95 104 89
95 104 95
95 104 96
95 104 97
95 104 103
95 104 104
95 104 105
95 104 111
95 104 112
95 104 113
95 105 87
95 105 88
95 105 89
95 105 95
95 105 96
95 105 97
95 105 103
95 105 104
95 105 105
95 105 111
95 105 112
95 105 113
95 111 87
95 111 88
95 111 89
95 111 95
95 111 96
95 111 97
95 111 103
95 111 104
95 111 105
95 111 111
95 111 112
95 111 113
95 112 87
95 112 88
95 112 89
95 112 95
95 112 96
95 112 97
95 112 103
95 112 104
95 112 105
95 112 111
95 112 112
95 112 113
95 113 87
95 113 88
95 113 89
95 113 95
95 113 96
95 113 97
95 113 103
95 113 104
95 113 105
95 113 111
95 113 112
95 113 113
96 87 87
96 87 88
96 87 89
96 87 95
96 87 96
96 87 97
96 87 103
96 87 104
96 87 105
96 87 111
96 87 112
96 87 113
96 88 87
96 88 89
96 88 95
96 88 97
96 88 103
96 88 105
96 88 111
96 88 113
96 89 87
96 89 88
96 89 89
96 89 95
96 89 96
96 89 97
96 89 103
96 89 104
96 89 105
96 89 111
96 89 112
96 89 113
96 95 87
96 95 88
96 95 89
96 95 95
96 95 96
96 95 97
96 95 103
96 95 104
96 95 105
96 95 111
96 95 112
96 95 113
96 96 87
96 96 89
96 96 95
96 96 97
96 96 103
96 96 105
96 96 111
96 96 113
96 97 87
96 97 88
96 97 89
96 97 95
96 97 96
96 97 97
96 97 103
96 97 104
96 97 105
96 97 111
96 97 112
96 97 113
96 103 87
96 103 88
96 103 89
96 103 95
96 103 96
96 103 97
96 103 103
96 103 104
96 103 105
96 103 111
96 103 112
96 103 113
96 104 87
96 104 89
96 104 95
96 104 97
96 104 103
96 104 105
96 104 111
96 104 113
96 105 87
96 105 88
96 105 89
96 105 95
96 105 96
96 105 97
96 105 103
96 105 104
96 105 105
96 105 111
96 105 112
96 105 113
96 111 87
96 111 88
96 111 89
96 111 95
96 111 96
96 111 97
96 111 103
96 111 104
96 111 105
96 111 111
96 111 112
96 111 113
96 112 87
96 112 89
96 112 95
96 112 97
96 112 103
96 112 105
96 112 111
96 112 113
96 113 87
96 113 88
96 113 89
96 113 95
96 113 96
96 113 97
96 113 103
96 113 104
96 113 105
96 113 111
96 113 112
96 113 113
97 87 87
97 87 88
97 87 89
97 87 95
97 87 96
97 87 97
97 87 103
97 87 104
97 87 105
97 87 111
97 87 112
97 87 113
97 88 87
97 88 88
97 88 89
97 88 95
97 88 96
97 88 97
97 88 103
97 88 104
97 88 105
97 88 111
97 88 112
97 88 113
97 89 87
97 89 88
97 89 89
97 89 95
97 89 96
97 89 97
97 89 103
97 89 104
97 89 105
97 89 111
97 89 112
97 89 113
97 95 87
97 95 88
97 95 89
97 95 95
97 95 96
97 95 97
97 95 103
97 95 104
97 95 105
97 95 111
97 95 112
97 95 113
97 96 87
97 96 88
97 96 89
97 96 95
97 96 96
97 96 97
97 96 103
97 96 104
97 96 105
97 96 111
97 96 112
97 96 113
97 97 87
97 97 88
97 97 89
97 97 95
97 97 96
97 97 97
97 97 103
97 97 104
97 97 105
97 97 111
97 97 112
97 97 113
97 103 87
97 103 88
97 103 89
97 103 95
97 103 96
97 103 97
97 103 103
97 103 104
97 103 105
97 103 111
97 103 112
97 103 113
97 104 87
97 104 88
97 104 89
97 104 95
97 104 96
97 104 97
97 104 103
97 104 104
97 104 105
97 104 111
97 104 112
97 104 113
97 105 87
97 105 88
97 105 89
97 105 95
97 105 96
97 105 97
97 105 103
97 105 104
97 105 105
97 105 111
97 105 112
97 105 113
97 111 87
97 111 88
97 111 89
97 111 95
97 111 96
97 111 97
97 111 103
97 111 104
97 111 105
97 111 111
97 111 112
97 111 113
97 112 87
97 112 88
97 112 89
97 112 95
97 112 96
97 112 97
97 112 103
97 112 104
97 112 105
97 112 111
97 112 112
97 112 113
97 113 87
97 113 88
97 113 89
97 113 95
97 113 96
97 113 97
97 113 103
97 113 104
97 113 105
97 113 111
97 113 112
97 113 113
103 87 87
103 87 88
103 87 89
103 87 95
103 87 96
103 87 97
103 87 103
103 87 104
103 87 105
103 87 111
103 87 112
103 87 113
103 88 87
103 88 88
103 88 89
103 88 95
103 88 96
103 88 97
103 88 103
103 88 104
103 88 105
103 88 111
103 88 112
103 88 113
103 89 87
103 89 88
103 89 89
103 89 95
103 89 96
103 89 97
103 89 103
103 89 104
103 89 105
103 89 111
103 89 112
103 89 113
103 95 87
103 95 88
103 95 89
103 95 95
103 95 96
103 95 97
103 95 103
103 95 104
103 95 105
103 95 111
103 95 112
103 95 113
103 96 87
103 96 88
103 96 89
103 96 95
103 96 96
103 96 97
103 96 103
103 96 104
103 96 105
103 96 111
103 96 112
103 96 113
103 97 87
103 97 88
103 97 89
103 97 95
103 97 96
103 97 97
103 97 103
103 97 104
103 97 105
103 97 111
103 97 112
103 97 113
103 103 87
103 103 88
103 103 89
103 103 95
103 103 96
103 103 97
103 103 103
103 103 104
103 103 105
103 103 111
103 103 112
103 103 113
103 104 87
103 104 88
103 104 89
103 104 95
103 104 96
103 104 97
103 104 103
103 104 104
103 104 105
103 104 111
103 104 112
103 104 113
103 105 87
103 105 88
103 105 89
103 105 95
103 105 96
103 105 97
103 105 103
103 105 104
103 105 105
103 105 111
103 105 112
103 105 113
103 111 87
103 111 88
103 111 89
103 111 95
103 111 96
103 111 97
103 111 103
103 111 104
103 111 105
103 111 111
103 111 112
103 111 113
103 112 87
103 112 88
103 112 89
103 112 95
103 112 96
103 112 97
103 112 103
103 112 104
103 112 105
103 112 111
103 112 112
103 112 113
103 113 87
103 113 88
103 113 89
103 113 95
103 113 96
103 113 97
103 113 103
103 113 104
103 113 105
103 113 111
103 113 112
103 113 113
104 87 87
104 87 88
104 87 89
104 87 95
104 87 96
104 87 97
104 87 103
104 87 104
104 87 105
104 87 111
104 87 112
104 87 113
104 88 87
104 88 89
104 88 95
104 88 97
104 88 103
104 88 105
104 88 111
104 88 113
104 89 87
104 89 88
104 89 89
104 89 95
104 89 96
104 89 97
104 89 103
104 89 104
104 89 105
104 89 111
104 89 112
104 89 113
104 95 87
104 95 88
104 95 89
104 95 95
104 95 96
104 95 97
104 95 103
104 95 104
104 95 105
104 95 111
104 95 112
104 95 113
104 96 87
104 96 89
104 96 95
104 96 97
104 96 103
104 96 105
104 96 111
104 96 113
104 97 87
104 97 88
104 97 89
104 97 95
104 97 96
104 97 97
104 97 103
104 97 104
104 97 105
104 97 111
104 97 112
104 97 113
104 103 87
104 103 88
104 103 89
104 103 95
104 103 96
104 103 97
104 103 103
104 103 104
104 103 105
104 103 111
104 103 112
104 103 113
104 104 87
104 104 89
104 104 95
104 104 97
104 104 103
104 104 105
104 104 111
104 104 113
104 105 87
104 105 88
104 105 89
104 105 95
104 105 96
104 105 97
104 105 103
104 105 104
104 105 105
104 105 111
104 105 112
104 105 113
104 111 87
104 111 88
104 111 89
104 111 95
104 111 96
104 111 97
104 111 103
104 111 104
104 111 105
104 111 111
104 111 112
104 111 113
104 112 87
104 112 89
104 112 95
104 112 97
104 112 103
104 112 105
104 112 111
104 112 113
104 113 87
104 113 88
104 113 89
104 113 95
104 113 96
104 113 97
104 113 103
104 113 104
104 113 105
104 113 111
104 113 112
104 113 113
105 87 87
105 87 88
105 87 89
105 87 95
105 87 96
105 87 97
105 87 103
105 87 104
105 87 105
105 87 111
105 87 112
105 87 113
105 88 87
105 88 88
105 88 89
105 88 95
105 88 96
105 88 97
105 88 103
105 88 104
105 88 105
105 88 111
105 88 112
105 88 113
105 89 87
105 89 88
105 89 89
105 89 95
105 89 96
105 89 97
105 89 103
105 89 104
105 89 105
105 89 111
105 89 112
105 89 113
105 95 87
105 95 88
105 95 89
105 95 95
105 95 96
105 95 97
105 95 103
105 95 104
105 95 105
105 95 111
105 95 112
105 95 113
105 96 87
105 96 88
105 96 89
105 96 95
105 96 96
105 96 97
105 96 103
105 96 104
105 96 105
105 96 111
105 96 112
105 96 113
105 97 87
105 97 88
105 97 89
105 97 95
105 97 96
105 97 97
105 97 103
105 97 104
105 97 105
105 97 111
105 97 112
105 97 113
105 103 87
105 103 88
105 103 89
105 103 95
105 103 96
105 103 97
105 103 103
105 103 104
105 103 105
105 103 111
105 103 112
105 103 113
105 104 87
105 104 88
105 104 89
105 104 95
105 104 96
105 104 97
105 104 103
105 104 104
105 104 105
105 104 111
105 104 112
105 104 113
105 105 87
105 105 88
105 105 89
105 105 95
105 105 96
105 105 97
105 105 103
105 105 104
105 105 105
105 105 111
105 105 112
105 105 113
105 111 87
105 111 88
105 111 89
105 111 95
105 111 96
105 111 97
105 111 103
105 111 104
105 111 105
105 111 111
105 111 112
105 111 113
105 112 87
105 112 88
105 112 89
105 112 95
105 112 96
105 112 97
105 112 103
105 112 104
105 112 105
105 112 111
105 112 112
105 112 113
105 113 87
105 113 88
105 113 89
105 113 95
105 113 96
105 113 97
105 113 103
105 113 104
105 113 105
105 113 111
105 113 112
105 113 113
111 87 87
111 87 88
111 87 89
111 87 95
111 87 96
111 87 97
111 87 103
111 87 104
111 87 105
111 87 111
111 87 112
111 87 113
111 88 87
111 88 88
111 88 89
111 88 95
111 88 96
111 88 97
111 88 103
111 88 104
111 88 105
111 88 111
111 88 112
111 88 113
111 89 87
111 89 88
111 89 89
111 89 95
111 89 96
111 89 97
111 89 103
111 89 104
111 89 105
111 89 111
111 89 112
111 89 113
111 95 87
111 95 88
111 95 89
111 95 95
111 95 96
111 95 97
111 95 103
111 95 104
111 95 105
111 95 111
111 95 112
111 95 113
111 96 87
111 96 88
111 96 89
111 96 95
111 96 96
111 96 97
111 96 103
111 96 104
111 96 105
111 96 111
111 96 112
111 96 113
111 97 87
111 97 88
111 97 89
111 97 95
111 97 96
111 97 97
111 97 103
111 97 104
111 97 105
111 97 111
111 97 112
111 97 113
111 103 87
111 103 88
111 103 89
111 103 95
111 103 96
111 103 97
111 103 103
111 103 104
111 103 105
111 103 111
111 103 112
111 103 113
111 104 87
111 104 88
111 104 89
111 104 95
111 104 96
111 104 97
111 104 103
111 104 104
111 104 105
111 104 111
111 104 112
111 104 113
111 105 87
111 105 88
111 105 89
111 105 95
111 105 96
111 105 97
111 105 103
111 105 104
111 105 105
111 105 111
111 105 112
111 105 113
111 111 87
111 111 88
111 111 89
111 111 95
111 111 96
111 111 97
111 111 103
111 111 104
111 111 105
111 111 111
111 111 112
111 111 113
111 112 87
111 112 88
111 112 89
111 112 95
111 112 96
111 112 97
111 112 103
111 112 104
111 112 105
111 112 111
111 112 112
111 112 113
111 113 87
111 113 88
111 113 89
111 113 95
111 113 96
111 113 97
111 113 103
111 113 104
111 113 105
111 113 111
111 113 112
111 113 113
112 87 87
112 87 88
112 87 89
112 87 95
112 87 96
112 87 97
112 87 103
112 87 104
112 87 105
112 87 111
112 87 112
112 87 113
112 88 87
112 88 89
112 88 95
112 88 97
112 88 103
112 88 105
112 88 111
112 88 113
112 89 87
112 89 88
112 89 89
112 89 95
112 89 96
112 89 97
112 89 103
112 89 104
112 89 105
112 89 111
112 89 112
112 89 113
112 95 87
112 95 88
112 95 89
112 95 95
112 95 96
112 95 97
112 95 103
112 95 104
112 95 105
112 95 111
112 95 112
112 95 113
112 96 87
112 96 89
112 96 95
112 96 97
112 96 103
112 96 105
112 96 111
112 96 113
112 97 87
112 97 88
112 97 89
112 97 95
112 97 96
112 97 97
112 97 103
112 97 104
112 97 105
112 97 111
112 97 112
112 97 113
112 103 87
112 103 88
112 103 89
112 103 95
112 103 96
112 103 97
112 103 103
112 103 104
112 103 105
112 103 111
112 103 112
112 103 113
112 104 87
112 104 89
112 104 95
112 104 97
112 104 103
112 104 105
112 104 111
112 104 113
112 105 87
112 105 88
112 105 89
112 105 95
112 105 96
112 105 97
112 105 103
112 105 104
112 105 105
112 105 111
112 105 112
112 105 113
112 111 87
112 111 88
112 111 89
112 111 95
112 111 96
112 111 97
112 111 103
112 111 104
112 111 105
112 111 111
112 111 112
112 111 113
112 112 87
112 112 89
112 112 95
112 112 97
112 112 103
112 112 105
112 112 111
112 112 113
112 113 87
112 113 88
112 113 89
112 113 95
112 113 96
112 113 97
112 113 103
112 113 104
112 113 105
112 113 111
112 113 112
112 113 113
113 87 87
113 87 88
113 87 89
113 87 95
113 87 96
113 87 97
113 87 103
113 87 104
113 87 105
113 87 111
113 87 112
113 87 113
113 88 87
113 88 88
113 88 89
113 88 95
113 88 96
113 88 97
113 88 103
113 88 104
113 88 105
113 88 111
113 88 112
113 88 113
113 89 87
113 89 88
113 89 89
113 89 95
113 89 96
113 89 97
113 89 103
113 89 104
113 89 105
113 89 111
113 89 112
113 89 113
113 95 87
113 95 88
113 95 89
113 95 95
113 95 96
113 95 97
113 95 103
113 95 104
113 95 105
113 95 111
113 95 112
113 95 113
113 96 87
113 96 88
113 96 89
113 96 95
113 96 96
113 96 97
113 96 103
113 96 104
113 96 105
113 96 111
113 96 112
113 96 113
113 97 87
113 97 88
113 97 89
113 97 95
113 97 96
113 97 97
113 97 103
113 97 104
113 97 105
113 97 111
113 97 112
113 97 113
113 103 87
113 103 88
113 103 89
113 103 95
113 103 96
113 103 97
113 103 103
113 103 104
113 103 105
113 103 111
113 103 112
113 103 113
113 104 87
113 104 88
113 104 89
113 104 95
113 104 96
113 104 97
113 104 103
113 104 104
113 104 105
113 104 111
113 104 112
113 104 113
113 105 87
113 105 88
113 105 89
113 105 95
113 105 96
113 105 97
113 105 103
113 105 104
113 105 105
113 105 111
113 105 112
113 105 113
113 111 87
113 111 88
113 111 89
113 111 95
113 111 96
113 111 97
113 111 103
113 111 104
113 111 105
113 111 111
113 111 112
113 111 113
113 112 87
113 112 88
113 112 89
113 112 95
113 112 96
113 112 97
113 112 103
113 112 104
113 112 105
113 112 111
113 112 112
113 112 113
113 113 87
113 113 88
113 113 89
113 113 95
113 113 96
113 113 97
113 113 103
113 113 104
113 113 105
113 113 111
113 113 112
113 113 113
