200
64 64 64
64 64 72
64 64 128
64 64 136
64 72 64
64 72 72
64 72 128
64 72 136
64 128 64
64 128 72
64 128 128
64 128 136
64 136 64
64 136 72
64 136 128
64 136 136
72 64 64
72 64 72
72 64 128
72 64 136
72 72 64
72 72 72
72 72 128
72 72 136
72 128 64
72 128 72
72 128 128
72 128 136
72 136 64
72 136 72
72 136 128
72 136 136
128 64 64
128 64 72
128 64 128
128 64 136
128 72 64
128 72 72
128 72 128
128 72 136
128 128 64
128 128 72
128 128 128
128 128 136
128 136 64
128 136 72
128 136 128
128 136 136
136 64 64
136 64 72
136 64 128
136 64 136
136 72 64
136 72 72
136 72 128
136 72 136
136 128 64
136 128 72
136 128 128
136 128 136
136 136 64
136 136 72
136 136 128
136 136 136
