200
6 6 6
6 6 10
6 6 38
6 6 42
6 6 154
6 6 158
6 6 186
6 6 190
6 10 6
6 10 10
6 10 38
6 10 42
6 10 154
6 10 158
6 10 186
6 10 190
6 38 6
6 38 10
6 38 38
6 38 42
6 38 154
6 38 158
6 38 186
6 38 190
6 42 6
6 42 10
6 42 38
6 42 42
6 42 154
6 42 158
6 42 186
6 42 190
6 154 6
6 154 10
6 154 38
6 154 42
6 154 154
6 154 158
6 154 186
6 154 190
6 158 6
6 158 10
6 158 38
6 158 42
6 158 154
6 158 158
6 158 186
6 158 190
6 186 6
6 186 10
6 186 38
6 186 42
6 186 154
6 186 158
6 186 186
6 186 190
6 190 6
6 190 10
6 190 38
6 190 42
6 190 154
6 190 158
6 190 186
6 190 190
10 6 6
10 6 10
10 6 38
10 6 42
10 6 154
10 6 158
10 6 186
10 6 190
10 10 6
10 10 10
10 10 38
10 10 42
10 10 154
10 10 158
10 10 186
10 10 190
10 38 6
10 38 10
10 38 38
10 38 42
10 38 154
10 38 158
10 38 186
10 38 190
10 42 6
10 42 10
10 42 38
10 42 42
10 42 154
10 42 158
10 42 186
10 42 190
10 154 6
10 154 10
10 154 38
10 154 42
10 154 154
10 154 158
10 154 186
10 154 190
10 158 6
10 158 10
10 158 38
10 158 42
10 158 154
10 158 158
10 158 186
10 158 190
10 186 6
10 186 10
10 186 38
10 186 42
10 186 154
10 186 158
10 186 186
10 186 190
10 190 6
10 190 10
10 190 38
10 190 42
10 190 154
10 190 158
10 190 186
10 190 190
38 6 6
38 6 10
38 6 38
38 6 42
38 6 154
38 6 158
38 6 186
38 6 190
38 10 6
38 10 10
38 10 38
38 10 42
38 10 154
38 10 158
38 10 186
38 10 190
38 38 6
38 38 10
38 38 38
38 38 42
38 38 154
38 38 158
38 38 186
38 38 190
38 42 6
38 42 10
38 42 38
38 42 42
38 42 154
38 42 158
38 42 186
38 42 190
38 154 6
38 154 10
38 154 38
38 154 42
38 154 154
38 154 158
38 154 186
38 154 190
38 158 6
38 158 10
38 158 38
38 158 42
38 158 154
38 158 158
38 158 186
38 158 190
38 186 6
38 186 10
38 186 38
38 186 42
38 186 154
38 186 158
38 186 186
38 186 190
38 190 6
38 190 10
38 190 38
38 190 42
38 190 154
38 190 158
38 190 186
38 190 190
42 6 6
42 6 10
42 6 38
42 6 42
42 6 154
42 6 158
42 6 186
42 6 190
42 10 6
42 10 10
42 10 38
42 10 42
42 10 154
42 10 158
42 10 186
42 10 190
42 38 6
42 38 10
42 38 38
42 38 42
42 38 154
42 38 158
42 38 186
42 38 190
42 42 6
42 42 10
42 42 38
42 42 42
42 42 154
42 42 158
42 42 186
42 42 190
42 154 6
42 154 10
42 154 38
42 154 42
42 154 154
42 154 158
42 154 186
42 154 190
42 158 6
42 158 10
42 158 38
42 158 42
42 158 154
42 158 158
42 158 186
42 158 190
42 186 6
42 186 10
42 186 38
42 186 42
42 186 154
42 186 158
42 186 186
42 186 190
42 190 6
42 190 10
42 190 38
42 190 42
42 190 154
42 190 158
42 190 186
42 190 190
154 6 6
154 6 10
154 6 38
154 6 42
154 6 154
154 6 158
154 6 186
154 6 190
154 10 6
154 10 10
154 10 38
154 10 42
154 10 154
154 10 158
154 10 186
154 10 190
154 38 6
154 38 10
154 38 38
154 38 42
154 38 154
154 38 158
154 38 186
154 38 190
154 42 6
154 42 10
154 42 38
154 42 42
154 42 154
154 42 158
154 42 186
154 42 190
154 154 6
154 154 10
154 154 38
154 154 42
154 154 154
154 154 158
154 154 186
154 154 190
154 158 6
154 158 10
154 158 38
154 158 42
154 158 154
154 158 158
154 158 186
154 158 190
154 186 6
154 186 10
154 186 38
154 186 42
154 186 154
154 186 158
154 186 186
154 186 190
154 190 6
154 190 10
154 190 38
154 190 42
154 190 154
154 190 158
154 190 186
154 190 190
158 6 6
158 6 10
158 6 38
158 6 42
158 6 154
158 6 158
158 6 186
158 6 190
158 10 6
158 10 10
158 10 38
158 10 42
158 10 154
158 10 158
158 10 186
158 10 190
158 38 6
158 38 10
158 38 38
158 38 42
158 38 154
158 38 158
158 38 186
158 38 190
158 42 6
158 42 10
158 42 38
158 42 42
158 42 154
158 42 158
158 42 186
158 42 190
158 154 6
158 154 10
158 154 38
158 154 42
158 154 154
158 154 158
158 154 186
158 154 190
158 158 6
158 158 10
158 158 38
158 158 42
158 158 154
158 158 158
158 158 186
158 158 190
158 186 6
158 186 10
158 186 38
158 186 42
158 186 154
158 186 158
158 186 186
158 186 190
158 190 6
158 190 10
158 190 38
158 190 42
158 190 154
158 190 158
158 190 186
158 190 190
186 6 6
186 6 10
186 6 38
186 6 42
186 6 154
186 6 158
186 6 186
186 6 190
186 10 6
186 10 10
186 10 38
186 10 42
186 10 154
186 10 158
186 10 186
186 10 190
186 38 6
186 38 10
186 38 38
186 38 42
186 38 154
186 38 158
186 38 186
186 38 190
186 42 6
186 42 10
186 42 38
186 42 42
186 42 154
186 42 158
186 42 186
186 42 190
186 154 6
186 154 10
186 154 38
186 154 42
186 154 154
186 154 158
186 154 186
186 154 190
186 158 6
186 158 10
186 158 38
186 158 42
186 158 154
186 158 158
186 158 186
186 158 190
186 186 6
186 186 10
186 186 38
186 186 42
186 186 154
186 186 158
186 186 186
186 186 190
186 190 6
186 190 10
186 190 38
186 190 42
186 190 154
186 190 158
186 190 186
186 190 190
190 6 6
190 6 10
190 6 38
190 6 42
190 6 154
190 6 158
190 6 186
190 6 190
190 10 6
190 10 10
190 10 38
190 10 42
190 10 154
190 10 158
190 10 186
190 10 190
190 38 6
190 38 10
190 38 38
190 38 42
190 38 154
190 38 158
190 38 186
190 38 190
190 42 6
190 42 10
190 42 38
190 42 42
190 42 154
190 42 158
190 42 186
190 42 190
190 154 6
190 154 10
190 154 38
190 154 42
190 154 154
190 154 158
190 154 186
190 154 190
190 158 6
190 158 10
190 158 38
190 158 42
190 158 154
190 158 158
190 158 186
190 158 190
190 186 6
190 186 10
190 186 38
190 186 42
190 186 154
190 186 158
190 186 186
190 186 190
190 190 6
190 190 10
190 190 38
190 190 42
190 190 154
190 190 158
190 190 186
190 190 190
