200
6 6 6
6 6 10
6 6 18
6 6 22
6 6 50
6 6 54
6 6 82
6 6 86
6 6 114
6 6 118
6 6 146
6 6 150
6 6 178
6 6 182
6 6 186
6 6 190
6 10 6
6 10 10
6 10 18
6 10 22
6 10 50
6 10 54
6 10 82
6 10 86
6 10 114
6 10 118
6 10 146
6 10 150
6 10 178
6 10 182
6 10 186
6 10 190
6 18 6
6 18 10
6 18 18
6 18 22
6 18 50
6 18 54
6 18 82
6 18 86
6 18 114
6 18 118
6 18 146
6 18 150
6 18 178
6 18 182
6 18 186
6 18 190
6 22 6
6 22 10
6 22 18
6 22 22
6 22 50
6 22 54
6 22 82
6 22 86
6 22 114
6 22 118
6 22 146
6 22 150
6 22 178
6 22 182
6 22 186
6 22 190
6 50 6
6 50 10
6 50 18
6 50 22
6 50 50
6 50 54
6 50 82
6 50 86
6 50 114
6 50 118
6 50 146
6 50 150
6 50 178
6 50 182
6 50 186
6 50 190
6 54 6
6 54 10
6 54 18
6 54 22
6 54 50
6 54 54
6 54 82
6 54 86
6 54 114
6 54 118
6 54 146
6 54 150
6 54 178
6 54 182
6 54 186
6 54 190
6 82 6
6 82 10
6 82 18
6 82 22
6 82 50
6 82 54
6 82 82
6 82 86
6 82 114
6 82 118
6 82 146
6 82 150
6 82 178
6 82 182
6 82 186
6 82 190
6 86 6
6 86 10
6 86 18
6 86 22
6 86 50
6 86 54
6 86 82
6 86 86
6 86 114
6 86 118
6 86 146
6 86 150
6 86 178
6 86 182
6 86 186
6 86 190
6 114 6
6 114 10
6 114 18
6 114 22
6 114 50
6 114 54
6 114 82
6 114 86
6 114 114
6 114 118
6 114 146
6 114 150
6 114 178
6 114 182
6 114 186
6 114 190
6 118 6
6 118 10
6 118 18
6 118 22
6 118 50
6 118 54
6 118 82
6 118 86
6 118 114
6 118 118
6 118 146
6 118 150
6 118 178
6 118 182
6 118 186
6 118 190
6 146 6
6 146 10
6 146 18
6 146 22
6 146 50
6 146 54
6 146 82
6 146 86
6 146 114
6 146 118
6 146 146
6 146 150
6 146 178
6 146 182
6 146 186
6 146 190
6 150 6
6 150 10
6 150 18
6 150 22
6 150 50
6 150 54
6 150 82
6 150 86
6 150 114
6 150 118
6 150 146
6 150 150
6 150 178
6 150 182
6 150 186
6 150 190
6 178 6
6 178 10
6 178 18
6 178 22
6 178 50
6 178 54
6 178 82
6 178 86
6 178 114
6 178 118
6 178 146
6 178 150
6 178 178
6 178 182
6 178 186
6 178 190
6 182 6
6 182 10
6 182 18
6 182 22
6 182 50
6 182 54
6 182 82
6 182 86
6 182 114
6 182 118
6 182 146
6 182 150
6 182 178
6 182 182
6 182 186
6 182 190
6 186 6
6 186 10
6 186 18
6 186 22
6 186 50
6 186 54
6 186 82
6 186 86
6 186 114
6 186 118
6 186 146
6 186 150
6 186 178
6 186 182
6 186 186
6 186 190
6 190 6
6 190 10
6 190 18
6 190 22
6 190 50
6 190 54
6 190 82
6 190 86
6 190 114
6 190 118
6 190 146
6 190 150
6 190 178
6 190 182
6 190 186
6 190 190
10 6 6
10 6 10
10 6 18
10 6 22
10 6 50
10 6 54
10 6 82
10 6 86
10 6 114
10 6 118
10 6 146
10 6 150
10 6 178
10 6 182
10 6 186
10 6 190
10 10 6
10 10 10
10 10 18
10 10 22
10 10 50
10 10 54
10 10 82
10 10 86
10 10 114
10 10 118
10 10 146
10 10 150
10 10 178
10 10 182
10 10 186
10 10 190
10 18 6
10 18 10
10 18 18
10 18 22
10 18 50
10 18 54
10 18 82
10 18 86
10 18 114
10 18 118
10 18 146
10 18 150
10 18 178
10 18 182
10 18 186
10 18 190
10 22 6
10 22 10
10 22 18
10 22 22
10 22 50
10 22 54
10 22 82
10 22 86
10 22 114
10 22 118
10 22 146
10 22 150
10 22 178
10 22 182
10 22 186
10 22 190
10 50 6
10 50 10
10 50 18
10 50 22
10 50 50
10 50 54
10 50 82
10 50 86
10 50 114
10 50 118
10 50 146
10 50 150
10 50 178
10 50 182
10 50 186
10 50 190
10 54 6
10 54 10
10 54 18
10 54 22
10 54 50
10 54 54
10 54 82
10 54 86
10 54 114
10 54 118
10 54 146
10 54 150
10 54 178
10 54 182
10 54 186
10 54 190
10 82 6
10 82 10
10 82 18
10 82 22
10 82 50
10 82 54
10 82 82
10 82 86
10 82 114
10 82 118
10 82 146
10 82 150
10 82 178
10 82 182
10 82 186
10 82 190
10 86 6
10 86 10
10 86 18
10 86 22
10 86 50
10 86 54
10 86 82
10 86 86
10 86 114
10 86 118
10 86 146
10 86 150
10 86 178
10 86 182
10 86 186
10 86 190
10 114 6
10 114 10
10 114 18
10 114 22
10 114 50
10 114 54
10 114 82
10 114 86
10 114 114
10 114 118
10 114 146
10 114 150
10 114 178
10 114 182
10 114 186
10 114 190
10 118 6
10 118 10
10 118 18
10 118 22
10 118 50
10 118 54
10 118 82
10 118 86
10 118 114
10 118 118
10 118 146
10 118 150
10 118 178
10 118 182
10 118 186
10 118 190
10 146 6
10 146 10
10 146 18
10 146 22
10 146 50
10 146 54
10 146 82
10 146 86
10 146 114
10 146 118
10 146 146
10 146 150
10 146 178
10 146 182
10 146 186
10 146 190
10 150 6
10 150 10
10 150 18
10 150 22
10 150 50
10 150 54
10 150 82
10 150 86
10 150 114
10 150 118
10 150 146
10 150 150
10 150 178
10 150 182
10 150 186
10 150 190
10 178 6
10 178 10
10 178 18
10 178 22
10 178 50
10 178 54
10 178 82
10 178 86
10 178 114
10 178 118
10 178 146
10 178 150
10 178 178
10 178 182
10 178 186
10 178 190
10 182 6
10 182 10
10 182 18
10 182 22
10 182 50
10 182 54
10 182 82
10 182 86
10 182 114
10 182 118
10 182 146
10 182 150
10 182 178
10 182 182
10 182 186
10 182 190
10 186 6
10 186 10
10 186 18
10 186 22
10 186 50
10 186 54
10 186 82
10 186 86
10 186 114
10 186 118
10 186 146
10 186 150
10 186 178
10 186 182
10 186 186
10 186 190
10 190 6
10 190 10
10 190 18
10 190 22
10 190 50
10 190 54
10 190 82
10 190 86
10 190 114
10 190 118
10 190 146
10 190 150
10 190 178
10 190 182
10 190 186
10 190 190
18 6 6
18 6 10
18 6 18
18 6 22
18 6 50
18 6 54
18 6 82
18 6 86
18 6 114
18 6 118
18 6 146
18 6 150
18 6 178
18 6 182
18 6 186
18 6 190
18 10 6
18 10 10
18 10 18
18 10 22
18 10 50
18 10 54
18 10 82
18 10 86
18 10 114
18 10 118
18 10 146
18 10 150
18 10 178
18 10 182
18 10 186
18 10 190
18 18 6
18 18 10
18 18 18
18 18 22
18 18 50
18 18 54
18 18 82
18 18 86
18 18 114
18 18 118
18 18 146
18 18 150
18 18 178
18 18 182
18 18 186
18 18 190
18 22 6
18 22 10
18 22 18
18 22 22
18 22 50
18 22 54
18 22 82
18 22 86
18 22 114
18 22 118
18 22 146
18 22 150
18 22 178
18 22 182
18 22 186
18 22 190
18 50 6
18 50 10
18 50 18
18 50 22
18 50 50
18 50 54
18 50 82
18 50 86
18 50 114
18 50 118
18 50 146
18 50 150
18 50 178
18 50 182
18 50 186
18 50 190
18 54 6
18 54 10
18 54 18
18 54 22
18 54 50
18 54 54
18 54 82
18 54 86
18 54 114
18 54 118
18 54 146
18 54 150
18 54 178
18 54 182
18 54 186
18 54 190
18 82 6
18 82 10
18 82 18
18 82 22
18 82 50
18 82 54
18 82 82
18 82 86
18 82 114
18 82 118
18 82 146
18 82 150
18 82 178
18 82 182
18 82 186
18 82 190
18 86 6
18 86 10
18 86 18
18 86 22
18 86 50
18 86 54
18 86 82
18 86 86
18 86 114
18 86 118
18 86 146
18 86 150
18 86 178
18 86 182
18 86 186
18 86 190
18 114 6
18 114 10
18 114 18
18 114 22
18 114 50
18 114 54
18 114 82
18 114 86
18 114 114
18 114 118
18 114 146
18 114 150
18 114 178
18 114 182
18 114 186
18 114 190
18 118 6
18 118 10
18 118 18
18 118 22
18 118 50
18 118 54
18 118 82
18 118 86
18 118 114
18 118 118
18 118 146
18 118 150
18 118 178
18 118 182
18 118 186
18 118 190
18 146 6
18 146 10
18 146 18
18 146 22
18 146 50
18 146 54
18 146 82
18 146 86
18 146 114
18 146 118
18 146 146
18 146 150
18 146 178
18 146 182
18 146 186
18 146 190
18 150 6
18 150 10
18 150 18
18 150 22
18 150 50
18 150 54
18 150 82
18 150 86
18 150 114
18 150 118
18 150 146
18 150 150
18 150 178
18 150 182
18 150 186
18 150 190
18 178 6
18 178 10
18 178 18
18 178 22
18 178 50
18 178 54
18 178 82
18 178 86
18 178 114
18 178 118
18 178 146
18 178 150
18 178 178
18 178 182
18 178 186
18 178 190
18 182 6
18 182 10
18 182 18
18 182 22
18 182 50
18 182 54
18 182 82
18 182 86
18 182 114
18 182 118
18 182 146
18 182 150
18 182 178
18 182 182
18 182 186
18 182 190
18 186 6
18 186 10
18 186 18
18 186 22
18 186 50
18 186 54
18 186 82
18 186 86
18 186 114
18 186 118
18 186 146
18 186 150
18 186 178
18 186 182
18 186 186
18 186 190
18 190 6
18 190 10
18 190 18
18 190 22
18 190 50
18 190 54
18 190 82
18 190 86
18 190 114
18 190 118
18 190 146
18 190 150
18 190 178
18 190 182
18 190 186
18 190 190
22 6 6
22 6 10
22 6 18
22 6 22
22 6 50
22 6 54
22 6 82
22 6 86
22 6 114
22 6 118
22 6 146
22 6 150
22 6 178
22 6 182
22 6 186
22 6 190
22 10 6
22 10 10
22 10 18
22 10 22
22 10 50
22 10 54
22 10 82
22 10 86
22 10 114
22 10 118
22 10 146
22 10 150
22 10 178
22 10 182
22 10 186
22 10 190
22 18 6
22 18 10
22 18 18
22 18 22
22 18 50
22 18 54
22 18 82
22 18 86
22 18 114
22 18 118
22 18 146
22 18 150
22 18 178
22 18 182
22 18 186
22 18 190
22 22 6
22 22 10
22 22 18
22 22 22
22 22 50
22 22 54
22 22 82
22 22 86
22 22 114
22 22 118
22 22 146
22 22 150
22 22 178
22 22 182
22 22 186
22 22 190
22 50 6
22 50 10
22 50 18
22 50 22
22 50 50
22 50 54
22 50 82
22 50 86
22 50 114
22 50 118
22 50 146
22 50 150
22 50 178
22 50 182
22 50 186
22 50 190
22 54 6
22 54 10
22 54 18
22 54 22
22 54 50
22 54 54
22 54 82
22 54 86
22 54 114
22 54 118
22 54 146
22 54 150
22 54 178
22 54 182
22 54 186
22 54 190
22 82 6
22 82 10
22 82 18
22 82 22
22 82 50
22 82 54
22 82 82
22 82 86
22 82 114
22 82 118
22 82 146
22 82 150
22 82 178
22 82 182
22 82 186
22 82 190
22 86 6
22 86 10
22 86 18
22 86 22
22 86 50
22 86 54
22 86 82
22 86 86
22 86 114
22 86 118
22 86 146
22 86 150
22 86 178
22 86 182
22 86 186
22 86 190
22 114 6
22 114 10
22 114 18
22 114 22
22 114 50
22 114 54
22 114 82
22 114 86
22 114 114
22 114 118
22 114 146
22 114 150
22 114 178
22 114 182
22 114 186
22 114 190
22 118 6
22 118 10
22 118 18
22 118 22
22 118 50
22 118 54
22 118 82
22 118 86
22 118 114
22 118 118
22 118 146
22 118 150
22 118 178
22 118 182
22 118 186
22 118 190
22 146 6
22 146 10
22 146 18
22 146 22
22 146 50
22 146 54
22 146 82
22 146 86
22 146 114
22 146 118
22 146 146
22 146 150
22 146 178
22 146 182
22 146 186
22 146 190
22 150 6
22 150 10
22 150 18
22 150 22
22 150 50
22 150 54
22 150 82
22 150 86
22 150 114
22 150 118
22 150 146
22 150 150
22 150 178
22 150 182
22 150 186
22 150 190
22 178 6
22 178 10
22 178 18
22 178 22
22 178 50
22 178 54
22 178 82
22 178 86
22 178 114
22 178 118
22 178 146
22 178 150
22 178 178
22 178 182
22 178 186
22 178 190
22 182 6
22 182 10
22 182 18
22 182 22
22 182 50
22 182 54
22 182 82
22 182 86
22 182 114
22 182 118
22 182 146
22 182 150
22 182 178
22 182 182
22 182 186
22 182 190
22 186 6
22 186 10
22 186 18
22 186 22
22 186 50
22 186 54
22 186 82
22 186 86
22 186 114
22 186 118
22 186 146
22 186 150
22 186 178
22 186 182
22 186 186
22 186 190
22 190 6
22 190 10
22 190 18
22 190 22
22 190 50
22 190 54
22 190 82
22 190 86
22 190 114
22 190 118
22 190 146
22 190 150
22 190 178
22 190 182
22 190 186
22 190 190
50 6 6
50 6 10
50 6 18
50 6 22
50 6 50
50 6 54
50 6 82
50 6 86
50 6 114
50 6 118
50 6 146
50 6 150
50 6 178
50 6 182
50 6 186
50 6 190
50 10 6
50 10 10
50 10 18
50 10 22
50 10 50
50 10 54
50 10 82
50 10 86
50 10 114
50 10 118
50 10 146
50 10 150
50 10 178
50 10 182
50 10 186
50 10 190
50 18 6
50 18 10
50 18 18
50 18 22
50 18 50
50 18 54
50 18 82
50 18 86
50 18 114
50 18 118
50 18 146
50 18 150
50 18 178
50 18 182
50 18 186
50 18 190
50 22 6
50 22 10
50 22 18
50 22 22
50 22 50
50 22 54
50 22 82
50 22 86
50 22 114
50 22 118
50 22 146
50 22 150
50 22 178
50 22 182
50 22 186
50 22 190
50 50 6
50 50 10
50 50 18
50 50 22
50 50 50
50 50 54
50 50 82
50 50 86
50 50 114
50 50 118
50 50 146
50 50 150
50 50 178
50 50 182
50 50 186
50 50 190
50 54 6
50 54 10
50 54 18
50 54 22
50 54 50
50 54 54
50 54 82
50 54 86
50 54 114
50 54 118
50 54 146
50 54 150
50 54 178
50 54 182
50 54 186
50 54 190
50 82 6
50 82 10
50 82 18
50 82 22
50 82 50
50 82 54
50 82 82
50 82 86
50 82 114
50 82 118
50 82 146
50 82 150
50 82 178
50 82 182
50 82 186
50 82 190
50 86 6
50 86 10
50 86 18
50 86 22
50 86 50
50 86 54
50 86 82
50 86 86
50 86 114
50 86 118
50 86 146
50 86 150
50 86 178
50 86 182
50 86 186
50 86 190
50 114 6
50 114 10
50 114 18
50 114 22
50 114 50
50 114 54
50 114 82
50 114 86
50 114 114
50 114 118
50 114 146
50 114 150
50 114 178
50 114 182
50 114 186
50 114 190
50 118 6
50 118 10
50 118 18
50 118 22
50 118 50
50 118 54
50 118 82
50 118 86
50 118 114
50 118 118
50 118 146
50 118 150
50 118 178
50 118 182
50 118 186
50 118 190
50 146 6
50 146 10
50 146 18
50 146 22
50 146 50
50 146 54
50 146 82
50 146 86
50 146 114
50 146 118
50 146 146
50 146 150
50 146 178
50 146 182
50 146 186
50 146 190
50 150 6
50 150 10
50 150 18
50 150 22
50 150 50
50 150 54
50 150 82
50 150 86
50 150 114
50 150 118
50 150 146
50 150 150
50 150 178
50 150 182
50 150 186
50 150 190
50 178 6
50 178 10
50 178 18
50 178 22
50 178 50
50 178 54
50 178 82
50 178 86
50 178 114
50 178 118
50 178 146
50 178 150
50 178 178
50 178 182
50 178 186
50 178 190
50 182 6
50 182 10
50 182 18
50 182 22
50 182 50
50 182 54
50 182 82
50 182 86
50 182 114
50 182 118
50 182 146
50 182 150
50 182 178
50 182 182
50 182 186
50 182 190
50 186 6
50 186 10
50 186 18
50 186 22
50 186 50
50 186 54
50 186 82
50 186 86
50 186 114
50 186 118
50 186 146
50 186 150
50 186 178
50 186 182
50 186 186
50 186 190
50 190 6
50 190 10
50 190 18
50 190 22
50 190 50
50 190 54
50 190 82
50 190 86
50 190 114
50 190 118
50 190 146
50 190 150
50 190 178
50 190 182
50 190 186
50 190 190
54 6 6
54 6 10
54 6 18
54 6 22
54 6 50
54 6 54
54 6 82
54 6 86
54 6 114
54 6 118
54 6 146
54 6 150
54 6 178
54 6 182
54 6 186
54 6 190
54 10 6
54 10 10
54 10 18
54 10 22
54 10 50
54 10 54
54 10 82
54 10 86
54 10 114
54 10 118
54 10 146
54 10 150
54 10 178
54 10 182
54 10 186
54 10 190
54 18 6
54 18 10
54 18 18
54 18 22
54 18 50
54 18 54
54 18 82
54 18 86
54 18 114
54 18 118
54 18 146
54 18 150
54 18 178
54 18 182
54 18 186
54 18 190
54 22 6
54 22 10
54 22 18
54 22 22
54 22 50
54 22 54
54 22 82
54 22 86
54 22 114
54 22 118
54 22 146
54 22 150
54 22 178
54 22 182
54 22 186
54 22 190
54 50 6
54 50 10
54 50 18
54 50 22
54 50 50
54 50 54
54 50 82
54 50 86
54 50 114
54 50 118
54 50 146
54 50 150
54 50 178
54 50 182
54 50 186
54 50 190
54 54 6
54 54 10
54 54 18
54 54 22
54 54 50
54 54 54
54 54 82
54 54 86
54 54 114
54 54 118
54 54 146
54 54 150
54 54 178
54 54 182
54 54 186
54 54 190
54 82 6
54 82 10
54 82 18
54 82 22
54 82 50
54 82 54
54 82 82
54 82 86
54 82 114
54 82 118
54 82 146
54 82 150
54 82 178
54 82 182
54 82 186
54 82 190
54 86 6
54 86 10
54 86 18
54 86 22
54 86 50
54 86 54
54 86 82
54 86 86
54 86 114
54 86 118
54 86 146
54 86 150
54 86 178
54 86 182
54 86 186
54 86 190
54 114 6
54 114 10
54 114 18
54 114 22
54 114 50
54 114 54
54 114 82
54 114 86
54 114 114
54 114 118
54 114 146
54 114 150
54 114 178
54 114 182
54 114 186
54 114 190
54 118 6
54 118 10
54 118 18
54 118 22
54 118 50
54 118 54
54 118 82
54 118 86
54 118 114
54 118 118
54 118 146
54 118 150
54 118 178
54 118 182
54 118 186
54 118 190
54 146 6
54 146 10
54 146 18
54 146 22
54 146 50
54 146 54
54 146 82
54 146 86
54 146 114
54 146 118
54 146 146
54 146 150
54 146 178
54 146 182
54 146 186
54 146 190
54 150 6
54 150 10
54 150 18
54 150 22
54 150 50
54 150 54
54 150 82
54 150 86
54 150 114
54 150 118
54 150 146
54 150 150
54 150 178
54 150 182
54 150 186
54 150 190
54 178 6
54 178 10
54 178 18
54 178 22
54 178 50
54 178 54
54 178 82
54 178 86
54 178 114
54 178 118
54 178 146
54 178 150
54 178 178
54 178 182
54 178 186
54 178 190
54 182 6
54 182 10
54 182 18
54 182 22
54 182 50
54 182 54
54 182 82
54 182 86
54 182 114
54 182 118
54 182 146
54 182 150
54 182 178
54 182 182
54 182 186
54 182 190
54 186 6
54 186 10
54 186 18
54 186 22
54 186 50
54 186 54
54 186 82
54 186 86
54 186 114
54 186 118
54 186 146
54 186 150
54 186 178
54 186 182
54 186 186
54 186 190
54 190 6
54 190 10
54 190 18
54 190 22
54 190 50
54 190 54
54 190 82
54 190 86
54 190 114
54 190 118
54 190 146
54 190 150
54 190 178
54 190 182
54 190 186
54 190 190
82 6 6
82 6 10
82 6 18
82 6 22
82 6 50
82 6 54
82 6 82
82 6 86
82 6 114
82 6 118
82 6 146
82 6 150
82 6 178
82 6 182
82 6 186
82 6 190
82 10 6
82 10 10
82 10 18
82 10 22
82 10 50
82 10 54
82 10 82
82 10 86
82 10 114
82 10 118
82 10 146
82 10 150
82 10 178
82 10 182
82 10 186
82 10 190
82 18 6
82 18 10
82 18 18
82 18 22
82 18 50
82 18 54
82 18 82
82 18 86
82 18 114
82 18 118
82 18 146
82 18 150
82 18 178
82 18 182
82 18 186
82 18 190
82 22 6
82 22 10
82 22 18
82 22 22
82 22 50
82 22 54
82 22 82
82 22 86
82 22 114
82 22 118
82 22 146
82 22 150
82 22 178
82 22 182
82 22 186
82 22 190
82 50 6
82 50 10
82 50 18
82 50 22
82 50 50
82 50 54
82 50 82
82 50 86
82 50 114
82 50 118
82 50 146
82 50 150
82 50 178
82 50 182
82 50 186
82 50 190
82 54 6
82 54 10
82 54 18
82 54 22
82 54 50
82 54 54
82 54 82
82 54 86
82 54 114
82 54 118
82 54 146
82 54 150
82 54 178
82 54 182
82 54 186
82 54 190
82 82 6
82 82 10
82 82 18
82 82 22
82 82 50
82 82 54
82 82 82
82 82 86
82 82 114
82 82 118
82 82 146
82 82 150
82 82 178
82 82 182
82 82 186
82 82 190
82 86 6
82 86 10
82 86 18
82 86 22
82 86 50
82 86 54
82 86 82
82 86 86
82 86 114
82 86 118
82 86 146
82 86 150
82 86 178
82 86 182
82 86 186
82 86 190
82 114 6
82 114 10
82 114 18
82 114 22
82 114 50
82 114 54
82 114 82
82 114 86
82 114 114
82 114 118
82 114 146
82 114 150
82 114 178
82 114 182
82 114 186
82 114 190
82 118 6
82 118 10
82 118 18
82 118 22
82 118 50
82 118 54
82 118 82
82 118 86
82 118 114
82 118 118
82 118 146
82 118 150
82 118 178
82 118 182
82 118 186
82 118 190
82 146 6
82 146 10
82 146 18
82 146 22
82 146 50
82 146 54
82 146 82
82 146 86
82 146 114
82 146 118
82 146 146
82 146 150
82 146 178
82 146 182
82 146 186
82 146 190
82 150 6
82 150 10
82 150 18
82 150 22
82 150 50
82 150 54
82 150 82
82 150 86
82 150 114
82 150 118
82 150 146
82 150 150
82 150 178
82 150 182
82 150 186
82 150 190
82 178 6
82 178 10
82 178 18
82 178 22
82 178 50
82 178 54
82 178 82
82 178 86
82 178 114
82 178 118
82 178 146
82 178 150
82 178 178
82 178 182
82 178 186
82 178 190
82 182 6
82 182 10
82 182 18
82 182 22
82 182 50
82 182 54
82 182 82
82 182 86
82 182 114
82 182 118
82 182 146
82 182 150
82 182 178
82 182 182
82 182 186
82 182 190
82 186 6
82 186 10
82 186 18
82 186 22
82 186 50
82 186 54
82 186 82
82 186 86
82 186 114
82 186 118
82 186 146
82 186 150
82 186 178
82 186 182
82 186 186
82 186 190
82 190 6
82 190 10
82 190 18
82 190 22
82 190 50
82 190 54
82 190 82
82 190 86
82 190 114
82 190 118
82 190 146
82 190 150
82 190 178
82 190 182
82 190 186
82 190 190
86 6 6
86 6 10
86 6 18
86 6 22
86 6 50
86 6 54
86 6 82
86 6 86
86 6 114
86 6 118
86 6 146
86 6 150
86 6 178
86 6 182
86 6 186
86 6 190
86 10 6
86 10 10
86 10 18
86 10 22
86 10 50
86 10 54
86 10 82
86 10 86
86 10 114
86 10 118
86 10 146
86 10 150
86 10 178
86 10 182
86 10 186
86 10 190
86 18 6
86 18 10
86 18 18
86 18 22
86 18 50
86 18 54
86 18 82
86 18 86
86 18 114
86 18 118
86 18 146
86 18 150
86 18 178
86 18 182
86 18 186
86 18 190
86 22 6
86 22 10
86 22 18
86 22 22
86 22 50
86 22 54
86 22 82
86 22 86
86 22 114
86 22 118
86 22 146
86 22 150
86 22 178
86 22 182
86 22 186
86 22 190
86 50 6
86 50 10
86 50 18
86 50 22
86 50 50
86 50 54
86 50 82
86 50 86
86 50 114
86 50 118
86 50 146
86 50 150
86 50 178
86 50 182
86 50 186
86 50 190
86 54 6
86 54 10
86 54 18
86 54 22
86 54 50
86 54 54
86 54 82
86 54 86
86 54 114
86 54 118
86 54 146
86 54 150
86 54 178
86 54 182
86 54 186
86 54 190
86 82 6
86 82 10
86 82 18
86 82 22
86 82 50
86 82 54
86 82 82
86 82 86
86 82 114
86 82 118
86 82 146
86 82 150
86 82 178
86 82 182
86 82 186
86 82 190
86 86 6
86 86 10
86 86 18
86 86 22
86 86 50
86 86 54
86 86 82
86 86 86
86 86 114
86 86 118
86 86 146
86 86 150
86 86 178
86 86 182
86 86 186
86 86 190
86 114 6
86 114 10
86 114 18
86 114 22
86 114 50
86 114 54
86 114 82
86 114 86
86 114 114
86 114 118
86 114 146
86 114 150
86 114 178
86 114 182
86 114 186
86 114 190
86 118 6
86 118 10
86 118 18
86 118 22
86 118 50
86 118 54
86 118 82
86 118 86
86 118 114
86 118 118
86 118 146
86 118 150
86 118 178
86 118 182
86 118 186
86 118 190
86 146 6
86 146 10
86 146 18
86 146 22
86 146 50
86 146 54
86 146 82
86 146 86
86 146 114
86 146 118
86 146 146
86 146 150
86 146 178
86 146 182
86 146 186
86 146 190
86 150 6
86 150 10
86 150 18
86 150 22
86 150 50
86 150 54
86 150 82
86 150 86
86 150 114
86 150 118
86 150 146
86 150 150
86 150 178
86 150 182
86 150 186
86 150 190
86 178 6
86 178 10
86 178 18
86 178 22
86 178 50
86 178 54
86 178 82
86 178 86
86 178 114
86 178 118
86 178 146
86 178 150
86 178 178
86 178 182
86 178 186
86 178 190
86 182 6
86 182 10
86 182 18
86 182 22
86 182 50
86 182 54
86 182 82
86 182 86
86 182 114
86 182 118
86 182 146
86 182 150
86 182 178
86 182 182
86 182 186
86 182 190
86 186 6
86 186 10
86 186 18
86 186 22
86 186 50
86 186 54
86 186 82
86 186 86
86 186 114
86 186 118
86 186 146
86 186 150
86 186 178
86 186 182
86 186 186
86 186 190
86 190 6
86 190 10
86 190 18
86 190 22
86 190 50
86 190 54
86 190 82
86 190 86
86 190 114
86 190 118
86 190 146
86 190 150
86 190 178
86 190 182
86 190 186
86 190 190
114 6 6
114 6 10
114 6 18
114 6 22
114 6 50
114 6 54
114 6 82
114 6 86
114 6 114
114 6 118
114 6 146
114 6 150
114 6 178
114 6 182
114 6 186
114 6 190
114 10 6
114 10 10
114 10 18
114 10 22
114 10 50
114 10 54
114 10 82
114 10 86
114 10 114
114 10 118
114 10 146
114 10 150
114 10 178
114 10 182
114 10 186
114 10 190
114 18 6
114 18 10
114 18 18
114 18 22
114 18 50
114 18 54
114 18 82
114 18 86
114 18 114
114 18 118
114 18 146
114 18 150
114 18 178
114 18 182
114 18 186
114 18 190
114 22 6
114 22 10
114 22 18
114 22 22
114 22 50
114 22 54
114 22 82
114 22 86
114 22 114
114 22 118
114 22 146
114 22 150
114 22 178
114 22 182
114 22 186
114 22 190
114 50 6
114 50 10
114 50 18
114 50 22
114 50 50
114 50 54
114 50 82
114 50 86
114 50 114
114 50 118
114 50 146
114 50 150
114 50 178
114 50 182
114 50 186
114 50 190
114 54 6
114 54 10
114 54 18
114 54 22
114 54 50
114 54 54
114 54 82
114 54 86
114 54 114
114 54 118
114 54 146
114 54 150
114 54 178
114 54 182
114 54 186
114 54 190
114 82 6
114 82 10
114 82 18
114 82 22
114 82 50
114 82 54
114 82 82
114 82 86
114 82 114
114 82 118
114 82 146
114 82 150
114 82 178
114 82 182
114 82 186
114 82 190
114 86 6
114 86 10
114 86 18
114 86 22
114 86 50
114 86 54
114 86 82
114 86 86
114 86 114
114 86 118
114 86 146
114 86 150
114 86 178
114 86 182
114 86 186
114 86 190
114 114 6
114 114 10
114 114 18
114 114 22
114 114 50
114 114 54
114 114 82
114 114 86
114 114 114
114 114 118
114 114 146
114 114 150
114 114 178
114 114 182
114 114 186
114 114 190
114 118 6
114 118 10
114 118 18
114 118 22
114 118 50
114 118 54
114 118 82
114 118 86
114 118 114
114 118 118
114 118 146
114 118 150
114 118 178
114 118 182
114 118 186
114 118 190
114 146 6
114 146 10
114 146 18
114 146 22
114 146 50
114 146 54
114 146 82
114 146 86
114 146 114
114 146 118
114 146 146
114 146 150
114 146 178
114 146 182
114 146 186
114 146 190
114 150 6
114 150 10
114 150 18
114 150 22
114 150 50
114 150 54
114 150 82
114 150 86
114 150 114
114 150 118
114 150 146
114 150 150
114 150 178
114 150 182
114 150 186
114 150 190
114 178 6
114 178 10
114 178 18
114 178 22
114 178 50
114 178 54
114 178 82
114 178 86
114 178 114
114 178 118
114 178 146
114 178 150
114 178 178
114 178 182
114 178 186
114 178 190
114 182 6
114 182 10
114 182 18
114 182 22
114 182 50
114 182 54
114 182 82
114 182 86
114 182 114
114 182 118
114 182 146
114 182 150
114 182 178
114 182 182
114 182 186
114 182 190
114 186 6
114 186 10
114 186 18
114 186 22
114 186 50
114 186 54
114 186 82
114 186 86
114 186 114
114 186 118
114 186 146
114 186 150
114 186 178
114 186 182
114 186 186
114 186 190
114 190 6
114 190 10
114 190 18
114 190 22
114 190 50
114 190 54
114 190 82
114 190 86
114 190 114
114 190 118
114 190 146
114 190 150
114 190 178
114 190 182
114 190 186
114 190 190
118 6 6
118 6 10
118 6 18
118 6 22
118 6 50
118 6 54
118 6 82
118 6 86
118 6 114
118 6 118
118 6 146
118 6 150
118 6 178
118 6 182
118 6 186
118 6 190
118 10 6
118 10 10
118 10 18
118 10 22
118 10 50
118 10 54
118 10 82
118 10 86
118 10 114
118 10 118
118 10 146
118 10 150
118 10 178
118 10 182
118 10 186
118 10 190
118 18 6
118 18 10
118 18 18
118 18 22
118 18 50
118 18 54
118 18 82
118 18 86
118 18 114
118 18 118
118 18 146
118 18 150
118 18 178
118 18 182
118 18 186
118 18 190
118 22 6
118 22 10
118 22 18
118 22 22
118 22 50
118 22 54
118 22 82
118 22 86
118 22 114
118 22 118
118 22 146
118 22 150
118 22 178
118 22 182
118 22 186
118 22 190
118 50 6
118 50 10
118 50 18
118 50 22
118 50 50
118 50 54
118 50 82
118 50 86
118 50 114
118 50 118
118 50 146
118 50 150
118 50 178
118 50 182
118 50 186
118 50 190
118 54 6
118 54 10
118 54 18
118 54 22
118 54 50
118 54 54
118 54 82
118 54 86
118 54 114
118 54 118
118 54 146
118 54 150
118 54 178
118 54 182
118 54 186
118 54 190
118 82 6
118 82 10
118 82 18
118 82 22
118 82 50
118 82 54
118 82 82
118 82 86
118 82 114
118 82 118
118 82 146
118 82 150
118 82 178
118 82 182
118 82 186
118 82 190
118 86 6
118 86 10
118 86 18
118 86 22
118 86 50
118 86 54
118 86 82
118 86 86
118 86 114
118 86 118
118 86 146
118 86 150
118 86 178
118 86 182
118 86 186
118 86 190
118 114 6
118 114 10
118 114 18
118 114 22
118 114 50
118 114 54
118 114 82
118 114 86
118 114 114
118 114 118
118 114 146
118 114 150
118 114 178
118 114 182
118 114 186
118 114 190
118 118 6
118 118 10
118 118 18
118 118 22
118 118 50
118 118 54
118 118 82
118 118 86
118 118 114
118 118 118
118 118 146
118 118 150
118 118 178
118 118 182
118 118 186
118 118 190
118 146 6
118 146 10
118 146 18
118 146 22
118 146 50
118 146 54
118 146 82
118 146 86
118 146 114
118 146 118
118 146 146
118 146 150
118 146 178
118 146 182
118 146 186
118 146 190
118 150 6
118 150 10
118 150 18
118 150 22
118 150 50
118 150 54
118 150 82
118 150 86
118 150 114
118 150 118
118 150 146
118 150 150
118 150 178
118 150 182
118 150 186
118 150 190
118 178 6
118 178 10
118 178 18
118 178 22
118 178 50
118 178 54
118 178 82
118 178 86
118 178 114
118 178 118
118 178 146
118 178 150
118 178 178
118 178 182
118 178 186
118 178 190
118 182 6
118 182 10
118 182 18
118 182 22
118 182 50
118 182 54
118 182 82
118 182 86
118 182 114
118 182 118
118 182 146
118 182 150
118 182 178
118 182 182
118 182 186
118 182 190
118 186 6
118 186 10
118 186 18
118 186 22
118 186 50
118 186 54
118 186 82
118 186 86
118 186 114
118 186 118
118 186 146
118 186 150
118 186 178
118 186 182
118 186 186
118 186 190
118 190 6
118 190 10
118 190 18
118 190 22
118 190 50
118 190 54
118 190 82
118 190 86
118 190 114
118 190 118
118 190 146
118 190 150
118 190 178
118 190 182
118 190 186
118 190 190
146 6 6
146 6 10
146 6 18
146 6 22
146 6 50
146 6 54
146 6 82
146 6 86
146 6 114
146 6 118
146 6 146
146 6 150
146 6 178
146 6 182
146 6 186
146 6 190
146 10 6
146 10 10
146 10 18
146 10 22
146 10 50
146 10 54
146 10 82
146 10 86
146 10 114
146 10 118
146 10 146
146 10 150
146 10 178
146 10 182
146 10 186
146 10 190
146 18 6
146 18 10
146 18 18
146 18 22
146 18 50
146 18 54
146 18 82
146 18 86
146 18 114
146 18 118
146 18 146
146 18 150
146 18 178
146 18 182
146 18 186
146 18 190
146 22 6
146 22 10
146 22 18
146 22 22
146 22 50
146 22 54
146 22 82
146 22 86
146 22 114
146 22 118
146 22 146
146 22 150
146 22 178
146 22 182
146 22 186
146 22 190
146 50 6
146 50 10
146 50 18
146 50 22
146 50 50
146 50 54
146 50 82
146 50 86
146 50 114
146 50 118
146 50 146
146 50 150
146 50 178
146 50 182
146 50 186
146 50 190
146 54 6
146 54 10
146 54 18
146 54 22
146 54 50
146 54 54
146 54 82
146 54 86
146 54 114
146 54 118
146 54 146
146 54 150
146 54 178
146 54 182
146 54 186
146 54 190
146 82 6
146 82 10
146 82 18
146 82 22
146 82 50
146 82 54
146 82 82
146 82 86
146 82 114
146 82 118
146 82 146
146 82 150
146 82 178
146 82 182
146 82 186
146 82 190
146 86 6
146 86 10
146 86 18
146 86 22
146 86 50
146 86 54
146 86 82
146 86 86
146 86 114
146 86 118
146 86 146
146 86 150
146 86 178
146 86 182
146 86 186
146 86 190
146 114 6
146 114 10
146 114 18
146 114 22
146 114 50
146 114 54
146 114 82
146 114 86
146 114 114
146 114 118
146 114 146
146 114 150
146 114 178
146 114 182
146 114 186
146 114 190
146 118 6
146 118 10
146 118 18
146 118 22
146 118 50
146 118 54
146 118 82
146 118 86
146 118 114
146 118 118
146 118 146
146 118 150
146 118 178
146 118 182
146 118 186
146 118 190
146 146 6
146 146 10
146 146 18
146 146 22
146 146 50
146 146 54
146 146 82
146 146 86
146 146 114
146 146 118
146 146 146
146 146 150
146 146 178
146 146 182
146 146 186
146 146 190
146 150 6
146 150 10
146 150 18
146 150 22
146 150 50
146 150 54
146 150 82
146 150 86
146 150 114
146 150 118
146 150 146
146 150 150
146 150 178
146 150 182
146 150 186
146 150 190
146 178 6
146 178 10
146 178 18
146 178 22
146 178 50
146 178 54
146 178 82
146 178 86
146 178 114
146 178 118
146 178 146
146 178 150
146 178 178
146 178 182
146 178 186
146 178 190
146 182 6
146 182 10
146 182 18
146 182 22
146 182 50
146 182 54
146 182 82
146 182 86
146 182 114
146 182 118
146 182 146
146 182 150
146 182 178
146 182 182
146 182 186
146 182 190
146 186 6
146 186 10
146 186 18
146 186 22
146 186 50
146 186 54
146 186 82
146 186 86
146 186 114
146 186 118
146 186 146
146 186 150
146 186 178
146 186 182
146 186 186
146 186 190
146 190 6
146 190 10
146 190 18
146 190 22
146 190 50
146 190 54
146 190 82
146 190 86
146 190 114
146 190 118
146 190 146
146 190 150
146 190 178
146 190 182
146 190 186
146 190 190
150 6 6
150 6 10
150 6 18
150 6 22
150 6 50
150 6 54
150 6 82
150 6 86
150 6 114
150 6 118
150 6 146
150 6 150
150 6 178
150 6 182
150 6 186
150 6 190
150 10 6
150 10 10
150 10 18
150 10 22
150 10 50
150 10 54
150 10 82
150 10 86
150 10 114
150 10 118
150 10 146
150 10 150
150 10 178
150 10 182
150 10 186
150 10 190
150 18 6
150 18 10
150 18 18
150 18 22
150 18 50
150 18 54
150 18 82
150 18 86
150 18 114
150 18 118
150 18 146
150 18 150
150 18 178
150 18 182
150 18 186
150 18 190
150 22 6
150 22 10
150 22 18
150 22 22
150 22 50
150 22 54
150 22 82
150 22 86
150 22 114
150 22 118
150 22 146
150 22 150
150 22 178
150 22 182
150 22 186
150 22 190
150 50 6
150 50 10
150 50 18
150 50 22
150 50 50
150 50 54
150 50 82
150 50 86
150 50 114
150 50 118
150 50 146
150 50 150
150 50 178
150 50 182
150 50 186
150 50 190
150 54 6
150 54 10
150 54 18
150 54 22
150 54 50
150 54 54
150 54 82
150 54 86
150 54 114
150 54 118
150 54 146
150 54 150
150 54 178
150 54 182
150 54 186
150 54 190
150 82 6
150 82 10
150 82 18
150 82 22
150 82 50
150 82 54
150 82 82
150 82 86
150 82 114
150 82 118
150 82 146
150 82 150
150 82 178
150 82 182
150 82 186
150 82 190
150 86 6
150 86 10
150 86 18
150 86 22
150 86 50
150 86 54
150 86 82
150 86 86
150 86 114
150 86 118
150 86 146
150 86 150
150 86 178
150 86 182
150 86 186
150 86 190
150 114 6
150 114 10
150 114 18
150 114 22
150 114 50
150 114 54
150 114 82
150 114 86
150 114 114
150 114 118
150 114 146
150 114 150
150 114 178
150 114 182
150 114 186
150 114 190
150 118 6
150 118 10
150 118 18
150 118 22
150 118 50
150 118 54
150 118 82
150 118 86
150 118 114
150 118 118
150 118 146
150 118 150
150 118 178
150 118 182
150 118 186
150 118 190
150 146 6
150 146 10
150 146 18
150 146 22
150 146 50
150 146 54
150 146 82
150 146 86
150 146 114
150 146 118
150 146 146
150 146 150
150 146 178
150 146 182
150 146 186
150 146 190
150 150 6
150 150 10
150 150 18
150 150 22
150 150 50
150 150 54
150 150 82
150 150 86
150 150 114
150 150 118
150 150 146
150 150 150
150 150 178
150 150 182
150 150 186
150 150 190
150 178 6
150 178 10
150 178 18
150 178 22
150 178 50
150 178 54
150 178 82
150 178 86
150 178 114
150 178 118
150 178 146
150 178 150
150 178 178
150 178 182
150 178 186
150 178 190
150 182 6
150 182 10
150 182 18
150 182 22
150 182 50
150 182 54
150 182 82
150 182 86
150 182 114
150 182 118
150 182 146
150 182 150
150 182 178
150 182 182
150 182 186
150 182 190
150 186 6
150 186 10
150 186 18
150 186 22
150 186 50
150 186 54
150 186 82
150 186 86
150 186 114
150 186 118
150 186 146
150 186 150
150 186 178
150 186 182
150 186 186
150 186 190
150 190 6
150 190 10
150 190 18
150 190 22
150 190 50
150 190 54
150 190 82
150 190 86
150 190 114
150 190 118
150 190 146
150 190 150
150 190 178
150 190 182
150 190 186
150 190 190
178 6 6
178 6 10
178 6 18
178 6 22
178 6 50
178 6 54
178 6 82
178 6 86
178 6 114
178 6 118
178 6 146
178 6 150
178 6 178
178 6 182
178 6 186
178 6 190
178 10 6
178 10 10
178 10 18
178 10 22
178 10 50
178 10 54
178 10 82
178 10 86
178 10 114
178 10 118
178 10 146
178 10 150
178 10 178
178 10 182
178 10 186
178 10 190
178 18 6
178 18 10
178 18 18
178 18 22
178 18 50
178 18 54
178 18 82
178 18 86
178 18 114
178 18 118
178 18 146
178 18 150
178 18 178
178 18 182
178 18 186
178 18 190
178 22 6
178 22 10
178 22 18
178 22 22
178 22 50
178 22 54
178 22 82
178 22 86
178 22 114
178 22 118
178 22 146
178 22 150
178 22 178
178 22 182
178 22 186
178 22 190
178 50 6
178 50 10
178 50 18
178 50 22
178 50 50
178 50 54
178 50 82
178 50 86
178 50 114
178 50 118
178 50 146
178 50 150
178 50 178
178 50 182
178 50 186
178 50 190
178 54 6
178 54 10
178 54 18
178 54 22
178 54 50
178 54 54
178 54 82
178 54 86
178 54 114
178 54 118
178 54 146
178 54 150
178 54 178
178 54 182
178 54 186
178 54 190
178 82 6
178 82 10
178 82 18
178 82 22
178 82 50
178 82 54
178 82 82
178 82 86
178 82 114
178 82 118
178 82 146
178 82 150
178 82 178
178 82 182
178 82 186
178 82 190
178 86 6
178 86 10
178 86 18
178 86 22
178 86 50
178 86 54
178 86 82
178 86 86
178 86 114
178 86 118
178 86 146
178 86 150
178 86 178
178 86 182
178 86 186
178 86 190
178 114 6
178 114 10
178 114 18
178 114 22
178 114 50
178 114 54
178 114 82
178 114 86
178 114 114
178 114 118
178 114 146
178 114 150
178 114 178
178 114 182
178 114 186
178 114 190
178 118 6
178 118 10
178 118 18
178 118 22
178 118 50
178 118 54
178 118 82
178 118 86
178 118 114
178 118 118
178 118 146
178 118 150
178 118 178
178 118 182
178 118 186
178 118 190
178 146 6
178 146 10
178 146 18
178 146 22
178 146 50
178 146 54
178 146 82
178 146 86
178 146 114
178 146 118
178 146 146
178 146 150
178 146 178
178 146 182
178 146 186
178 146 190
178 150 6
178 150 10
178 150 18
178 150 22
178 150 50
178 150 54
178 150 82
178 150 86
178 150 114
178 150 118
178 150 146
178 150 150
178 150 178
178 150 182
178 150 186
178 150 190
178 178 6
178 178 10
178 178 18
178 178 22
178 178 50
178 178 54
178 178 82
178 178 86
178 178 114
178 178 118
178 178 146
178 178 150
178 178 178
178 178 182
178 178 186
178 178 190
178 182 6
178 182 10
178 182 18
178 182 22
178 182 50
178 182 54
178 182 82
178 182 86
178 182 114
178 182 118
178 182 146
178 182 150
178 182 178
178 182 182
178 182 186
178 182 190
178 186 6
178 186 10
178 186 18
178 186 22
178 186 50
178 186 54
178 186 82
178 186 86
178 186 114
178 186 118
178 186 146
178 186 150
178 186 178
178 186 182
178 186 186
178 186 190
178 190 6
178 190 10
178 190 18
178 190 22
178 190 50
178 190 54
178 190 82
178 190 86
178 190 114
178 190 118
178 190 146
178 190 150
178 190 178
178 190 182
178 190 186
178 190 190
182 6 6
182 6 10
182 6 18
182 6 22
182 6 50
182 6 54
182 6 82
182 6 86
182 6 114
182 6 118
182 6 146
182 6 150
182 6 178
182 6 182
182 6 186
182 6 190
182 10 6
182 10 10
182 10 18
182 10 22
182 10 50
182 10 54
182 10 82
182 10 86
182 10 114
182 10 118
182 10 146
182 10 150
182 10 178
182 10 182
182 10 186
182 10 190
182 18 6
182 18 10
182 18 18
182 18 22
182 18 50
182 18 54
182 18 82
182 18 86
182 18 114
182 18 118
182 18 146
182 18 150
182 18 178
182 18 182
182 18 186
182 18 190
182 22 6
182 22 10
182 22 18
182 22 22
182 22 50
182 22 54
182 22 82
182 22 86
182 22 114
182 22 118
182 22 146
182 22 150
182 22 178
182 22 182
182 22 186
182 22 190
182 50 6
182 50 10
182 50 18
182 50 22
182 50 50
182 50 54
182 50 82
182 50 86
182 50 114
182 50 118
182 50 146
182 50 150
182 50 178
182 50 182
182 50 186
182 50 190
182 54 6
182 54 10
182 54 18
182 54 22
182 54 50
182 54 54
182 54 82
182 54 86
182 54 114
182 54 118
182 54 146
182 54 150
182 54 178
182 54 182
182 54 186
182 54 190
182 82 6
182 82 10
182 82 18
182 82 22
182 82 50
182 82 54
182 82 82
182 82 86
182 82 114
182 82 118
182 82 146
182 82 150
182 82 178
182 82 182
182 82 186
182 82 190
182 86 6
182 86 10
182 86 18
182 86 22
182 86 50
182 86 54
182 86 82
182 86 86
182 86 114
182 86 118
182 86 146
182 86 150
182 86 178
182 86 182
182 86 186
182 86 190
182 114 6
182 114 10
182 114 18
182 114 22
182 114 50
182 114 54
182 114 82
182 114 86
182 114 114
182 114 118
182 114 146
182 114 150
182 114 178
182 114 182
182 114 186
182 114 190
182 118 6
182 118 10
182 118 18
182 118 22
182 118 50
182 118 54
182 118 82
182 118 86
182 118 114
182 118 118
182 118 146
182 118 150
182 118 178
182 118 182
182 118 186
182 118 190
182 146 6
182 146 10
182 146 18
182 146 22
182 146 50
182 146 54
182 146 82
182 146 86
182 146 114
182 146 118
182 146 146
182 146 150
182 146 178
182 146 182
182 146 186
182 146 190
182 150 6
182 150 10
182 150 18
182 150 22
182 150 50
182 150 54
182 150 82
182 150 86
182 150 114
182 150 118
182 150 146
182 150 150
182 150 178
182 150 182
182 150 186
182 150 190
182 178 6
182 178 10
182 178 18
182 178 22
182 178 50
182 178 54
182 178 82
182 178 86
182 178 114
182 178 118
182 178 146
182 178 150
182 178 178
182 178 182
182 178 186
182 178 190
182 182 6
182 182 10
182 182 18
182 182 22
182 182 50
182 182 54
182 182 82
182 182 86
182 182 114
182 182 118
182 182 146
182 182 150
182 182 178
182 182 182
182 182 186
182 182 190
182 186 6
182 186 10
182 186 18
182 186 22
182 186 50
182 186 54
182 186 82
182 186 86
182 186 114
182 186 118
182 186 146
182 186 150
182 186 178
182 186 182
182 186 186
182 186 190
182 190 6
182 190 10
182 190 18
182 190 22
182 190 50
182 190 54
182 190 82
182 190 86
182 190 114
182 190 118
182 190 146
182 190 150
182 190 178
182 190 182
182 190 186
182 190 190
186 6 6
186 6 10
186 6 18
186 6 22
186 6 50
186 6 54
186 6 82
186 6 86
186 6 114
186 6 118
186 6 146
186 6 150
186 6 178
186 6 182
186 6 186
186 6 190
186 10 6
186 10 10
186 10 18
186 10 22
186 10 50
186 10 54
186 10 82
186 10 86
186 10 114
186 10 118
186 10 146
186 10 150
186 10 178
186 10 182
186 10 186
186 10 190
186 18 6
186 18 10
186 18 18
186 18 22
186 18 50
186 18 54
186 18 82
186 18 86
186 18 114
186 18 118
186 18 146
186 18 150
186 18 178
186 18 182
186 18 186
186 18 190
186 22 6
186 22 10
186 22 18
186 22 22
186 22 50
186 22 54
186 22 82
186 22 86
186 22 114
186 22 118
186 22 146
186 22 150
186 22 178
186 22 182
186 22 186
186 22 190
186 50 6
186 50 10
186 50 18
186 50 22
186 50 50
186 50 54
186 50 82
186 50 86
186 50 114
186 50 118
186 50 146
186 50 150
186 50 178
186 50 182
186 50 186
186 50 190
186 54 6
186 54 10
186 54 18
186 54 22
186 54 50
186 54 54
186 54 82
186 54 86
186 54 114
186 54 118
186 54 146
186 54 150
186 54 178
186 54 182
186 54 186
186 54 190
186 82 6
186 82 10
186 82 18
186 82 22
186 82 50
186 82 54
186 82 82
186 82 86
186 82 114
186 82 118
186 82 146
186 82 150
186 82 178
186 82 182
186 82 186
186 82 190
186 86 6
186 86 10
186 86 18
186 86 22
186 86 50
186 86 54
186 86 82
186 86 86
186 86 114
186 86 118
186 86 146
186 86 150
186 86 178
186 86 182
186 86 186
186 86 190
186 114 6
186 114 10
186 114 18
186 114 22
186 114 50
186 114 54
186 114 82
186 114 86
186 114 114
186 114 118
186 114 146
186 114 150
186 114 178
186 114 182
186 114 186
186 114 190
186 118 6
186 118 10
186 118 18
186 118 22
186 118 50
186 118 54
186 118 82
186 118 86
186 118 114
186 118 118
186 118 146
186 118 150
186 118 178
186 118 182
186 118 186
186 118 190
186 146 6
186 146 10
186 146 18
186 146 22
186 146 50
186 146 54
186 146 82
186 146 86
186 146 114
186 146 118
186 146 146
186 146 150
186 146 178
186 146 182
186 146 186
186 146 190
186 150 6
186 150 10
186 150 18
186 150 22
186 150 50
186 150 54
186 150 82
186 150 86
186 150 114
186 150 118
186 150 146
186 150 150
186 150 178
186 150 182
186 150 186
186 150 190
186 178 6
186 178 10
186 178 18
186 178 22
186 178 50
186 178 54
186 178 82
186 178 86
186 178 114
186 178 118
186 178 146
186 178 150
186 178 178
186 178 182
186 178 186
186 178 190
186 182 6
186 182 10
186 182 18
186 182 22
186 182 50
186 182 54
186 182 82
186 182 86
186 182 114
186 182 118
186 182 146
186 182 150
186 182 178
186 182 182
186 182 186
186 182 190
186 186 6
186 186 10
186 186 18
186 186 22
186 186 50
186 186 54
186 186 82
186 186 86
186 186 114
186 186 118
186 186 146
186 186 150
186 186 178
186 186 182
186 186 186
186 186 190
186 190 6
186 190 10
186 190 18
186 190 22
186 190 50
186 190 54
186 190 82
186 190 86
186 190 114
186 190 118
186 190 146
186 190 150
186 190 178
186 190 182
186 190 186
186 190 190
190 6 6
190 6 10
190 6 18
190 6 22
190 6 50
190 6 54
190 6 82
190 6 86
190 6 114
190 6 118
190 6 146
190 6 150
190 6 178
190 6 182
190 6 186
190 6 190
190 10 6
190 10 10
190 10 18
190 10 22
190 10 50
190 10 54
190 10 82
190 10 86
190 10 114
190 10 118
190 10 146
190 10 150
190 10 178
190 10 182
190 10 186
190 10 190
190 18 6
190 18 10
190 18 18
190 18 22
190 18 50
190 18 54
190 18 82
190 18 86
190 18 114
190 18 118
190 18 146
190 18 150
190 18 178
190 18 182
190 18 186
190 18 190
190 22 6
190 22 10
190 22 18
190 22 22
190 22 50
190 22 54
190 22 82
190 22 86
190 22 114
190 22 118
190 22 146
190 22 150
190 22 178
190 22 182
190 22 186
190 22 190
190 50 6
190 50 10
190 50 18
190 50 22
190 50 50
190 50 54
190 50 82
190 50 86
190 50 114
190 50 118
190 50 146
190 50 150
190 50 178
190 50 182
190 50 186
190 50 190
190 54 6
190 54 10
190 54 18
190 54 22
190 54 50
190 54 54
190 54 82
190 54 86
190 54 114
190 54 118
190 54 146
190 54 150
190 54 178
190 54 182
190 54 186
190 54 190
190 82 6
190 82 10
190 82 18
190 82 22
190 82 50
190 82 54
190 82 82
190 82 86
190 82 114
190 82 118
190 82 146
190 82 150
190 82 178
190 82 182
190 82 186
190 82 190
190 86 6
190 86 10
190 86 18
190 86 22
190 86 50
190 86 54
190 86 82
190 86 86
190 86 114
190 86 118
190 86 146
190 86 150
190 86 178
190 86 182
190 86 186
190 86 190
190 114 6
190 114 10
190 114 18
190 114 22
190 114 50
190 114 54
190 114 82
190 114 86
190 114 114
190 114 118
190 114 146
190 114 150
190 114 178
190 114 182
190 114 186
190 114 190
190 118 6
190 118 10
190 118 18
190 118 22
190 118 50
190 118 54
190 118 82
190 118 86
190 118 114
190 118 118
190 118 146
190 118 150
190 118 178
190 118 182
190 118 186
190 118 190
190 146 6
190 146 10
190 146 18
190 146 22
190 146 50
190 146 54
190 146 82
190 146 86
190 146 114
190 146 118
190 146 146
190 146 150
190 146 178
190 146 182
190 146 186
190 146 190
190 150 6
190 150 10
190 150 18
190 150 22
190 150 50
190 150 54
190 150 82
190 150 86
190 150 114
190 150 118
190 150 146
190 150 150
190 150 178
190 150 182
190 150 186
190 150 190
190 178 6
190 178 10
190 178 18
190 178 22
190 178 50
190 178 54
190 178 82
190 178 86
190 178 114
190 178 118
190 178 146
190 178 150
190 178 178
190 178 182
190 178 186
190 178 190
190 182 6
190 182 10
190 182 18
190 182 22
190 182 50
190 182 54
190 182 82
190 182 86
190 182 114
190 182 118
190 182 146
190 182 150
190 182 178
190 182 182
190 182 186
190 182 190
190 186 6
190 186 10
190 186 18
190 186 22
190 186 50
190 186 54
190 186 82
190 186 86
190 186 114
190 186 118
190 186 146
190 186 150
190 186 178
190 186 182
190 186 186
190 186 190
190 190 6
190 190 10
190 190 18
190 190 22
190 190 50
190 190 54
190 190 82
190 190 86
190 190 114
190 190 118
190 190 146
190 190 150
190 190 178
190 190 182
190 190 186
190 190 190
