200
0 0 1
0 0 7
0 0 9
0 0 51
0 0 53
0 0 59
0 0 61
0 0 135
0 0 137
0 0 143
0 0 145
0 0 191
0 0 193
0 1 0
0 1 1
0 1 7
0 1 8
0 1 9
0 1 51
0 1 52
0 1 53
0 1 59
0 1 60
0 1 61
0 1 135
0 1 136
0 1 137
0 1 143
0 1 144
0 1 145
0 1 191
0 1 192
0 1 193
0 7 0
0 7 1
0 7 7
0 7 8
0 7 9
0 7 51
0 7 52
0 7 53
0 7 59
0 7 60
0 7 61
0 7 135
0 7 136
0 7 137
0 7 143
0 7 144
0 7 145
0 7 191
0 7 192
0 7 193
0 8 1
0 8 7
0 8 9
0 8 51
0 8 53
0 8 59
0 8 61
0 8 135
0 8 137
0 8 143
0 8 145
0 8 191
0 8 193
0 9 0
0 9 1
0 9 7
0 9 8
0 9 9
0 9 51
0 9 52
0 9 53
0 9 59
0 9 60
0 9 61
0 9 135
0 9 136
0 9 137
0 9 143
0 9 144
0 9 145
0 9 191
0 9 192
0 9 193
0 51 0
0 51 1
0 51 7
0 51 8
0 51 9
0 51 51
0 51 52
0 51 53
0 51 59
0 51 60
0 51 61
0 51 135
0 51 136
0 51 137
0 51 143
0 51 144
0 51 145
0 51 191
0 51 192
0 51 193
0 52 1
0 52 7
0 52 9
0 52 51
0 52 53
0 52 59
0 52 61
0 52 135
0 52 137
0 52 143
0 52 145
0 52 191
0 52 193
0 53 0
0 53 1
0 53 7
0 53 8
0 53 9
0 53 51
0 53 52
0 53 53
0 53 59
0 53 60
0 53 61
0 53 135
0 53 136
0 53 137
0 53 143
0 53 144
0 53 145
0 53 191
0 53 192
0 53 193
0 59 0
0 59 1
0 59 7
0 59 8
0 59 9
0 59 51
0 59 52
0 59 53
0 59 59
0 59 60
0 59 61
0 59 135
0 59 136
0 59 137
0 59 143
0 59 144
0 59 145
0 59 191
0 59 192
0 59 193
0 60 1
0 60 7
0 60 9
0 60 51
0 60 53
0 60 59
0 60 61
0 60 135
0 60 137
0 60 143
0 60 145
0 60 191
0 60 193
0 61 0
0 61 1
0 61 7
0 61 8
0 61 9
0 61 51
0 61 52
0 61 53
0 61 59
0 61 60
0 61 61
0 61 135
0 61 136
0 61 137
0 61 143
0 61 144
0 61 145
0 61 191
0 61 192
0 61 193
0 135 0
0 135 1
0 135 7
0 135 8
0 135 9
0 135 51
0 135 52
0 135 53
0 135 59
0 135 60
0 135 61
0 135 135
0 135 136
0 135 137
0 135 143
0 135 144
0 135 145
0 135 191
0 135 192
0 135 193
0 136 1
0 136 7
0 136 9
0 136 51
0 136 53
0 136 59
0 136 61
0 136 135
0 136 137
0 136 143
0 136 145
0 136 191
0 136 193
0 137 0
0 137 1
0 137 7
0 137 8
0 137 9
0 137 51
0 137 52
0 137 53
0 137 59
0 137 60
0 137 61
0 137 135
0 137 136
0 137 137
0 137 143
0 137 144
0 137 145
0 137 191
0 137 192
0 137 193
0 143 0
0 143 1
0 143 7
0 143 8
0 143 9
0 143 51
0 143 52
0 143 53
0 143 59
0 143 60
0 143 61
0 143 135
0 143 136
0 143 137
0 143 143
0 143 144
0 143 145
0 143 191
0 143 192
0 143 193
0 144 1
0 144 7
0 144 9
0 144 51
0 144 53
0 144 59
0 144 61
0 144 135
0 144 137
0 144 143
0 144 145
0 144 191
0 144 193
0 145 0
0 145 1
0 145 7
0 145 8
0 145 9
0 145 51
0 145 52
0 145 53
0 145 59
0 145 60
0 145 61
0 145 135
0 145 136
0 145 137
0 145 143
0 145 144
0 145 145
0 145 191
0 145 192
0 145 193
0 191 0
0 191 1
0 191 7
0 191 8
0 191 9
0 191 51
0 191 52
0 191 53
0 191 59
0 191 60
0 191 61
0 191 135
0 191 136
0 191 137
0 191 143
0 191 144
0 191 145
0 191 191
0 191 192
0 191 193
0 192 1
0 192 7
0 192 9
0 192 51
0 192 53
0 192 59
0 192 61
0 192 135
0 192 137
0 192 143
0 192 145
0 192 191
0 192 193
0 193 0
0 193 1
0 193 7
0 193 8
0 193 9
0 193 51
0 193 52
0 193 53
0 193 59
0 193 60
0 193 61
0 193 135
0 193 136
0 193 137
0 193 143
0 193 144
0 193 145
0 193 191
0 193 192
0 193 193
1 0 0
1 0 1
1 0 7
1 0 8
1 0 9
1 0 51
1 0 52
1 0 53
1 0 59
1 0 60
1 0 61
1 0 135
1 0 136
1 0 137
1 0 143
1 0 144
1 0 145
1 0 191
1 0 192
1 0 193
1 1 0
1 1 1
1 1 7
1 1 8
1 1 9
1 1 51
1 1 52
1 1 53
1 1 59
1 1 60
1 1 61
1 1 135
1 1 136
1 1 137
1 1 143
1 1 144
1 1 145
1 1 191
1 1 192
1 1 193
1 7 0
1 7 1
1 7 7
1 7 8
1 7 9
1 7 51
1 7 52
1 7 53
1 7 59
1 7 60
1 7 61
1 7 135
1 7 136
1 7 137
1 7 143
1 7 144
1 7 145
1 7 191
1 7 192
1 7 193
1 8 0
1 8 1
1 8 7
1 8 8
1 8 9
1 8 51
1 8 52
1 8 53
1 8 59
1 8 60
1 8 61
1 8 135
1 8 136
1 8 137
1 8 143
1 8 144
1 8 145
1 8 191
1 8 192
1 8 193
1 9 0
1 9 1
1 9 7
1 9 8
1 9 9
1 9 51
1 9 52
1 9 53
1 9 59
1 9 60
1 9 61
1 9 135
1 9 136
1 9 137
1 9 143
1 9 144
1 9 145
1 9 191
1 9 192
1 9 193
1 51 0
1 51 1
1 51 7
1 51 8
1 51 9
1 51 51
1 51 52
1 51 53
1 51 59
1 51 60
1 51 61
1 51 135
1 51 136
1 51 137
1 51 143
1 51 144
1 51 145
1 51 191
1 51 192
1 51 193
1 52 0
1 52 1
1 52 7
1 52 8
1 52 9
1 52 51
1 52 52
1 52 53
1 52 59
1 52 60
1 52 61
1 52 135
1 52 136
1 52 137
1 52 143
1 52 144
1 52 145
1 52 191
1 52 192
1 52 193
1 53 0
1 53 1
1 53 7
1 53 8
1 53 9
1 53 51
1 53 52
1 53 53
1 53 59
1 53 60
1 53 61
1 53 135
1 53 136
1 53 137
1 53 143
1 53 144
1 53 145
1 53 191
1 53 192
1 53 193
1 59 0
1 59 1
1 59 7
1 59 8
1 59 9
1 59 51
1 59 52
1 59 53
1 59 59
1 59 60
1 59 61
1 59 135
1 59 136
1 59 137
1 59 143
1 59 144
1 59 145
1 59 191
1 59 192
1 59 193
1 60 0
1 60 1
1 60 7
1 60 8
1 60 9
1 60 51
1 60 52
1 60 53
1 60 59
1 60 60
1 60 61
1 60 135
1 60 136
1 60 137
1 60 143
1 60 144
1 60 145
1 60 191
1 60 192
1 60 193
1 61 0
1 61 1
1 61 7
1 61 8
1 61 9
1 61 51
1 61 52
1 61 53
1 61 59
1 61 60
1 61 61
1 61 135
1 61 136
1 61 137
1 61 143
1 61 144
1 61 145
1 61 191
1 61 192
1 61 193
1 135 0
1 135 1
1 135 7
1 135 8
1 135 9
1 135 51
1 135 52
1 135 53
1 135 59
1 135 60
1 135 61
1 135 135
1 135 136
1 135 137
1 135 143
1 135 144
1 135 145
1 135 191
1 135 192
1 135 193
1 136 0
1 136 1
1 136 7
1 136 8
1 136 9
1 136 51
1 136 52
1 136 53
1 136 59
1 136 60
1 136 61
1 136 135
1 136 136
1 136 137
1 136 143
1 136 144
1 136 145
1 136 191
1 136 192
1 136 193
1 137 0
1 137 1
1 137 7
1 137 8
1 137 9
1 137 51
1 137 52
1 137 53
1 137 59
1 137 60
1 137 61
1 137 135
1 137 136
1 137 137
1 137 143
1 137 144
1 137 145
1 137 191
1 137 192
1 137 193
1 143 0
1 143 1
1 143 7
1 143 8
1 143 9
1 143 51
1 143 52
1 143 53
1 143 59
1 143 60
1 143 61
1 143 135
1 143 136
1 143 137
1 143 143
1 143 144
1 143 145
1 143 191
1 143 192
1 143 193
1 144 0
1 144 1
1 144 7
1 144 8
1 144 9
1 144 51
1 144 52
1 144 53
1 144 59
1 144 60
1 144 61
1 144 135
1 144 136
1 144 137
1 144 143
1 144 144
1 144 145
1 144 191
1 144 192
1 144 193
1 145 0
1 145 1
1 145 7
1 145 8
1 145 9
1 145 51
1 145 52
1 145 53
1 145 59
1 145 60
1 145 61
1 145 135
1 145 136
1 145 137
1 145 143
1 145 144
1 145 145
1 145 191
1 145 192
1 145 193
1 191 0
1 191 1
1 191 7
1 191 8
1 191 9
1 191 51
1 191 52
1 191 53
1 191 59
1 191 60
1 191 61
1 191 135
1 191 136
1 191 137
1 191 143
1 191 144
1 191 145
1 191 191
1 191 192
1 191 193
1 192 0
1 192 1
1 192 7
1 192 8
1 192 9
1 192 51
1 192 52
1 192 53
1 192 59
1 192 60
1 192 61
1 192 135
1 192 136
1 192 137
1 192 143
1 192 144
1 192 145
1 192 191
1 192 192
1 192 193
1 193 0
1 193 1
1 193 7
1 193 8
1 193 9
1 193 51
1 193 52
1 193 53
1 193 59
1 193 60
1 193 61
1 193 135
1 193 136
1 193 137
1 193 143
1 193 144
1 193 145
1 193 191
1 193 192
1 193 193
7 0 0
7 0 1
7 0 7
7 0 8
7 0 9
7 0 51
7 0 52
7 0 53
7 0 59
7 0 60
7 0 61
7 0 135
7 0 136
7 0 137
7 0 143
7 0 144
7 0 145
7 0 191
7 0 192
7 0 193
7 1 0
7 1 1
7 1 7
7 1 8
7 1 9
7 1 51
7 1 52
7 1 53
7 1 59
7 1 60
7 1 61
7 1 135
7 1 136
7 1 137
7 1 143
7 1 144
7 1 145
7 1 191
7 1 192
7 1 193
7 7 0
7 7 1
7 7 7
7 7 8
7 7 9
7 7 51
7 7 52
7 7 53
7 7 59
7 7 60
7 7 61
7 7 135
7 7 136
7 7 137
7 7 143
7 7 144
7 7 145
7 7 191
7 7 192
7 7 193
7 8 0
7 8 1
7 8 7
7 8 8
7 8 9
7 8 51
7 8 52
7 8 53
7 8 59
7 8 60
7 8 61
7 8 135
7 8 136
7 8 137
7 8 143
7 8 144
7 8 145
7 8 191
7 8 192
7 8 193
7 9 0
7 9 1
7 9 7
7 9 8
7 9 9
7 9 51
7 9 52
7 9 53
7 9 59
7 9 60
7 9 61
7 9 135
7 9 136
7 9 137
7 9 143
7 9 144
7 9 145
7 9 191
7 9 192
7 9 193
7 51 0
7 51 1
7 51 7
7 51 8
7 51 9
7 51 51
7 51 52
7 51 53
7 51 59
7 51 60
7 51 61
7 51 135
7 51 136
7 51 137
7 51 143
7 51 144
7 51 145
7 51 191
7 51 192
7 51 193
7 52 0
7 52 1
7 52 7
7 52 8
7 52 9
7 52 51
7 52 52
7 52 53
7 52 59
7 52 60
7 52 61
7 52 135
7 52 136
7 52 137
7 52 143
7 52 144
7 52 145
7 52 191
7 52 192
7 52 193
7 53 0
7 53 1
7 53 7
7 53 8
7 53 9
7 53 51
7 53 52
7 53 53
7 53 59
7 53 60
7 53 61
7 53 135
7 53 136
7 53 137
7 53 143
7 53 144
7 53 145
7 53 191
7 53 192
7 53 193
7 59 0
7 59 1
7 59 7
7 59 8
7 59 9
7 59 51
7 59 52
7 59 53
7 59 59
7 59 60
7 59 61
7 59 135
7 59 136
7 59 137
7 59 143
7 59 144
7 59 145
7 59 191
7 59 192
7 59 193
7 60 0
7 60 1
7 60 7
7 60 8
7 60 9
7 60 51
7 60 52
7 60 53
7 60 59
7 60 60
7 60 61
7 60 135
7 60 136
7 60 137
7 60 143
7 60 144
7 60 145
7 60 191
7 60 192
7 60 193
7 61 0
7 61 1
7 61 7
7 61 8
7 61 9
7 61 51
7 61 52
7 61 53
7 61 59
7 61 60
7 61 61
7 61 135
7 61 136
7 61 137
7 61 143
7 61 144
7 61 145
7 61 191
7 61 192
7 61 193
7 135 0
7 135 1
7 135 7
7 135 8
7 135 9
7 135 51
7 135 52
7 135 53
7 135 59
7 135 60
7 135 61
7 135 135
7 135 136
7 135 137
7 135 143
7 135 144
7 135 145
7 135 191
7 135 192
7 135 193
7 136 0
7 136 1
7 136 7
7 136 8
7 136 9
7 136 51
7 136 52
7 136 53
7 136 59
7 136 60
7 136 61
7 136 135
7 136 136
7 136 137
7 136 143
7 136 144
7 136 145
7 136 191
7 136 192
7 136 193
7 137 0
7 137 1
7 137 7
7 137 8
7 137 9
7 137 51
7 137 52
7 137 53
7 137 59
7 137 60
7 137 61
7 137 135
7 137 136
7 137 137
7 137 143
7 137 144
7 137 145
7 137 191
7 137 192
7 137 193
7 143 0
7 143 1
7 143 7
7 143 8
7 143 9
7 143 51
7 143 52
7 143 53
7 143 59
7 143 60
7 143 61
7 143 135
7 143 136
7 143 137
7 143 143
7 143 144
7 143 145
7 143 191
7 143 192
7 143 193
7 144 0
7 144 1
7 144 7
7 144 8
7 144 9
7 144 51
7 144 52
7 144 53
7 144 59
7 144 60
7 144 61
7 144 135
7 144 136
7 144 137
7 144 143
7 144 144
7 144 145
7 144 191
7 144 192
7 144 193
7 145 0
7 145 1
7 145 7
7 145 8
7 145 9
7 145 51
7 145 52
7 145 53
7 145 59
7 145 60
7 145 61
7 145 135
7 145 136
7 145 137
7 145 143
7 145 144
7 145 145
7 145 191
7 145 192
7 145 193
7 191 0
7 191 1
7 191 7
7 191 8
7 191 9
7 191 51
7 191 52
7 191 53
7 191 59
7 191 60
7 191 61
7 191 135
7 191 136
7 191 137
7 191 143
7 191 144
7 191 145
7 191 191
7 191 192
7 191 193
7 192 0
7 192 1
7 192 7
7 192 8
7 192 9
7 192 51
7 192 52
7 192 53
7 192 59
7 192 60
7 192 61
7 192 135
7 192 136
7 192 137
7 192 143
7 192 144
7 192 145
7 192 191
7 192 192
7 192 193
7 193 0
7 193 1
7 193 7
7 193 8
7 193 9
7 193 51
7 193 52
7 193 53
7 193 59
7 193 60
7 193 61
7 193 135
7 193 136
7 193 137
7 193 143
7 193 144
7 193 145
7 193 191
7 193 192
7 193 193
8 0 1
8 0 7
8 0 9
8 0 51
8 0 53
8 0 59
8 0 61
8 0 135
8 0 137
8 0 143
8 0 145
8 0 191
8 0 193
8 1 0
8 1 1
8 1 7
8 1 8
8 1 9
8 1 51
8 1 52
8 1 53
8 1 59
8 1 60
8 1 61
8 1 135
8 1 136
8 1 137
8 1 143
8 1 144
8 1 145
8 1 191
8 1 192
8 1 193
8 7 0
8 7 1
8 7 7
8 7 8
8 7 9
8 7 51
8 7 52
8 7 53
8 7 59
8 7 60
8 7 61
8 7 135
8 7 136
8 7 137
8 7 143
8 7 144
8 7 145
8 7 191
8 7 192
8 7 193
8 8 1
8 8 7
8 8 9
8 8 51
8 8 53
8 8 59
8 8 61
8 8 135
8 8 137
8 8 143
8 8 145
8 8 191
8 8 193
8 9 0
8 9 1
8 9 7
8 9 8
8 9 9
8 9 51
8 9 52
8 9 53
8 9 59
8 9 60
8 9 61
8 9 135
8 9 136
8 9 137
8 9 143
8 9 144
8 9 145
8 9 191
8 9 192
8 9 193
8 51 0
8 51 1
8 51 7
8 51 8
8 51 9
8 51 51
8 51 52
8 51 53
8 51 59
8 51 60
8 51 61
8 51 135
8 51 136
8 51 137
8 51 143
8 51 144
8 51 145
8 51 191
8 51 192
8 51 193
8 52 1
8 52 7
8 52 9
8 52 51
8 52 53
8 52 59
8 52 61
8 52 135
8 52 137
8 52 143
8 52 145
8 52 191
8 52 193
8 53 0
8 53 1
8 53 7
8 53 8
8 53 9
8 53 51
8 53 52
8 53 53
8 53 59
8 53 60
8 53 61
8 53 135
8 53 136
8 53 137
8 53 143
8 53 144
8 53 145
8 53 191
8 53 192
8 53 193
8 59 0
8 59 1
8 59 7
8 59 8
8 59 9
8 59 51
8 59 52
8 59 53
8 59 59
8 59 60
8 59 61
8 59 135
8 59 136
8 59 137
8 59 143
8 59 144
8 59 145
8 59 191
8 59 192
8 59 193
8 60 1
8 60 7
8 60 9
8 60 51
8 60 53
8 60 59
8 60 61
8 60 135
8 60 137
8 60 143
8 60 145
8 60 191
8 60 193
8 61 0
8 61 1
8 61 7
8 61 8
8 61 9
8 61 51
8 61 52
8 61 53
8 61 59
8 61 60
8 61 61
8 61 135
8 61 136
8 61 137
8 61 143
8 61 144
8 61 145
8 61 191
8 61 192
8 61 193
8 135 0
8 135 1
8 135 7
8 135 8
8 135 9
8 135 51
8 135 52
8 135 53
8 135 59
8 135 60
8 135 61
8 135 135
8 135 136
8 135 137
8 135 143
8 135 144
8 135 145
8 135 191
8 135 192
8 135 193
8 136 1
8 136 7
8 136 9
8 136 51
8 136 53
8 136 59
8 136 61
8 136 135
8 136 137
8 136 143
8 136 145
8 136 191
8 136 193
8 137 0
8 137 1
8 137 7
8 137 8
8 137 9
8 137 51
8 137 52
8 137 53
8 137 59
8 137 60
8 137 61
8 137 135
8 137 136
8 137 137
8 137 143
8 137 144
8 137 145
8 137 191
8 137 192
8 137 193
8 143 0
8 143 1
8 143 7
8 143 8
8 143 9
8 143 51
8 143 52
8 143 53
8 143 59
8 143 60
8 143 61
8 143 135
8 143 136
8 143 137
8 143 143
8 143 144
8 143 145
8 143 191
8 143 192
8 143 193
8 144 1
8 144 7
8 144 9
8 144 51
8 144 53
8 144 59
8 144 61
8 144 135
8 144 137
8 144 143
8 144 145
8 144 191
8 144 193
8 145 0
8 145 1
8 145 7
8 145 8
8 145 9
8 145 51
8 145 52
8 145 53
8 145 59
8 145 60
8 145 61
8 145 135
8 145 136
8 145 137
8 145 143
8 145 144
8 145 145
8 145 191
8 145 192
8 145 193
8 191 0
8 191 1
8 191 7
8 191 8
8 191 9
8 191 51
8 191 52
8 191 53
8 191 59
8 191 60
8 191 61
8 191 135
8 191 136
8 191 137
8 191 143
8 191 144
8 191 145
8 191 191
8 191 192
8 191 193
8 192 1
8 192 7
8 192 9
8 192 51
8 192 53
8 192 59
8 192 61
8 192 135
8 192 137
8 192 143
8 192 145
8 192 191
8 192 193
8 193 0
8 193 1
8 193 7
8 193 8
8 193 9
8 193 51
8 193 52
8 193 53
8 193 59
8 193 60
8 193 61
8 193 135
8 193 136
8 193 137
8 193 143
8 193 144
8 193 145
8 193 191
8 193 192
8 193 193
9 0 0
9 0 1
9 0 7
9 0 8
9 0 9
9 0 51
9 0 52
9 0 53
9 0 59
9 0 60
9 0 61
9 0 135
9 0 136
9 0 137
9 0 143
9 0 144
9 0 145
9 0 191
9 0 192
9 0 193
9 1 0
9 1 1
9 1 7
9 1 8
9 1 9
9 1 51
9 1 52
9 1 53
9 1 59
9 1 60
9 1 61
9 1 135
9 1 136
9 1 137
9 1 143
9 1 144
9 1 145
9 1 191
9 1 192
9 1 193
9 7 0
9 7 1
9 7 7
9 7 8
9 7 9
9 7 51
9 7 52
9 7 53
9 7 59
9 7 60
9 7 61
9 7 135
9 7 136
9 7 137
9 7 143
9 7 144
9 7 145
9 7 191
9 7 192
9 7 193
9 8 0
9 8 1
9 8 7
9 8 8
9 8 9
9 8 51
9 8 52
9 8 53
9 8 59
9 8 60
9 8 61
9 8 135
9 8 136
9 8 137
9 8 143
9 8 144
9 8 145
9 8 191
9 8 192
9 8 193
9 9 0
9 9 1
9 9 7
9 9 8
9 9 9
9 9 51
9 9 52
9 9 53
9 9 59
9 9 60
9 9 61
9 9 135
9 9 136
9 9 137
9 9 143
9 9 144
9 9 145
9 9 191
9 9 192
9 9 193
9 51 0
9 51 1
9 51 7
9 51 8
9 51 9
9 51 51
9 51 52
9 51 53
9 51 59
9 51 60
9 51 61
9 51 135
9 51 136
9 51 137
9 51 143
9 51 144
9 51 145
9 51 191
9 51 192
9 51 193
9 52 0
9 52 1
9 52 7
9 52 8
9 52 9
9 52 51
9 52 52
9 52 53
9 52 59
9 52 60
9 52 61
9 52 135
9 52 136
9 52 137
9 52 143
9 52 144
9 52 145
9 52 191
9 52 192
9 52 193
9 53 0
9 53 1
9 53 7
9 53 8
9 53 9
9 53 51
9 53 52
9 53 53
9 53 59
9 53 60
9 53 61
9 53 135
9 53 136
9 53 137
9 53 143
9 53 144
9 53 145
9 53 191
9 53 192
9 53 193
9 59 0
9 59 1
9 59 7
9 59 8
9 59 9
9 59 51
9 59 52
9 59 53
9 59 59
9 59 60
9 59 61
9 59 135
9 59 136
9 59 137
9 59 143
9 59 144
9 59 145
9 59 191
9 59 192
9 59 193
9 60 0
9 60 1
9 60 7
9 60 8
9 60 9
9 60 51
9 60 52
9 60 53
9 60 59
9 60 60
9 60 61
9 60 135
9 60 136
9 60 137
9 60 143
9 60 144
9 60 145
9 60 191
9 60 192
9 60 193
9 61 0
9 61 1
9 61 7
9 61 8
9 61 9
9 61 51
9 61 52
9 61 53
9 61 59
9 61 60
9 61 61
9 61 135
9 61 136
9 61 137
9 61 143
9 61 144
9 61 145
9 61 191
9 61 192
9 61 193
9 135 0
9 135 1
9 135 7
9 135 8
9 135 9
9 135 51
9 135 52
9 135 53
9 135 59
9 135 60
9 135 61
9 135 135
9 135 136
9 135 137
9 135 143
9 135 144
9 135 145
9 135 191
9 135 192
9 135 193
9 136 0
9 136 1
9 136 7
9 136 8
9 136 9
9 136 51
9 136 52
9 136 53
9 136 59
9 136 60
9 136 61
9 136 135
9 136 136
9 136 137
9 136 143
9 136 144
9 136 145
9 136 191
9 136 192
9 136 193
9 137 0
9 137 1
9 137 7
9 137 8
9 137 9
9 137 51
9 137 52
9 137 53
9 137 59
9 137 60
9 137 61
9 137 135
9 137 136
9 137 137
9 137 143
9 137 144
9 137 145
9 137 191
9 137 192
9 137 193
9 143 0
9 143 1
9 143 7
9 143 8
9 143 9
9 143 51
9 143 52
9 143 53
9 143 59
9 143 60
9 143 61
9 143 135
9 143 136
9 143 137
9 143 143
9 143 144
9 143 145
9 143 191
9 143 192
9 143 193
9 144 0
9 144 1
9 144 7
9 144 8
9 144 9
9 144 51
9 144 52
9 144 53
9 144 59
9 144 60
9 144 61
9 144 135
9 144 136
9 144 137
9 144 143
9 144 144
9 144 145
9 144 191
9 144 192
9 144 193
9 145 0
9 145 1
9 145 7
9 145 8
9 145 9
9 145 51
9 145 52
9 145 53
9 145 59
9 145 60
9 145 61
9 145 135
9 145 136
9 145 137
9 145 143
9 145 144
9 145 145
9 145 191
9 145 192
9 145 193
9 191 0
9 191 1
9 191 7
9 191 8
9 191 9
9 191 51
9 191 52
9 191 53
9 191 59
9 191 60
9 191 61
9 191 135
9 191 136
9 191 137
9 191 143
9 191 144
9 191 145
9 191 191
9 191 192
9 191 193
9 192 0
9 192 1
9 192 7
9 192 8
9 192 9
9 192 51
9 192 52
9 192 53
9 192 59
9 192 60
9 192 61
9 192 135
9 192 136
9 192 137
9 192 143
9 192 144
9 192 145
9 192 191
9 192 192
9 192 193
9 193 0
9 193 1
9 193 7
9 193 8
9 193 9
9 193 51
9 193 52
9 193 53
9 193 59
9 193 60
9 193 61
9 193 135
9 193 136
9 193 137
9 193 143
9 193 144
9 193 145
9 193 191
9 193 192
9 193 193
51 0 0
51 0 1
51 0 7
51 0 8
51 0 9
51 0 51
51 0 52
51 0 53
51 0 59
51 0 60
51 0 61
51 0 135
51 0 136
51 0 137
51 0 143
51 0 144
51 0 145
51 0 191
51 0 192
51 0 193
51 1 0
51 1 1
51 1 7
51 1 8
51 1 9
51 1 51
51 1 52
51 1 53
51 1 59
51 1 60
51 1 61
51 1 135
51 1 136
51 1 137
51 1 143
51 1 144
51 1 145
51 1 191
51 1 192
51 1 193
51 7 0
51 7 1
51 7 7
51 7 8
51 7 9
51 7 51
51 7 52
51 7 53
51 7 59
51 7 60
51 7 61
51 7 135
51 7 136
51 7 137
51 7 143
51 7 144
51 7 145
51 7 191
51 7 192
51 7 193
51 8 0
51 8 1
51 8 7
51 8 8
51 8 9
51 8 51
51 8 52
51 8 53
51 8 59
51 8 60
51 8 61
51 8 135
51 8 136
51 8 137
51 8 143
51 8 144
51 8 145
51 8 191
51 8 192
51 8 193
51 9 0
51 9 1
51 9 7
51 9 8
51 9 9
51 9 51
51 9 52
51 9 53
51 9 59
51 9 60
51 9 61
51 9 135
51 9 136
51 9 137
51 9 143
51 9 144
51 9 145
51 9 191
51 9 192
51 9 193
51 51 0
51 51 1
51 51 7
51 51 8
51 51 9
51 51 51
51 51 52
51 51 53
51 51 59
51 51 60
51 51 61
51 51 135
51 51 136
51 51 137
51 51 143
51 51 144
51 51 145
51 51 191
51 51 192
51 51 193
51 52 0
51 52 1
51 52 7
51 52 8
51 52 9
51 52 51
51 52 52
51 52 53
51 52 59
51 52 60
51 52 61
51 52 135
51 52 136
51 52 137
51 52 143
51 52 144
51 52 145
51 52 191
51 52 192
51 52 193
51 53 0
51 53 1
51 53 7
51 53 8
51 53 9
51 53 51
51 53 52
51 53 53
51 53 59
51 53 60
51 53 61
51 53 135
51 53 136
51 53 137
51 53 143
51 53 144
51 53 145
51 53 191
51 53 192
51 53 193
51 59 0
51 59 1
51 59 7
51 59 8
51 59 9
51 59 51
51 59 52
51 59 53
51 59 59
51 59 60
51 59 61
51 59 135
51 59 136
51 59 137
51 59 143
51 59 144
51 59 145
51 59 191
51 59 192
51 59 193
51 60 0
51 60 1
51 60 7
51 60 8
51 60 9
51 60 51
51 60 52
51 60 53
51 60 59
51 60 60
51 60 61
51 60 135
51 60 136
51 60 137
51 60 143
51 60 144
51 60 145
51 60 191
51 60 192
51 60 193
51 61 0
51 61 1
51 61 7
51 61 8
51 61 9
51 61 51
51 61 52
51 61 53
51 61 59
51 61 60
51 61 61
51 61 135
51 61 136
51 61 137
51 61 143
51 61 144
51 61 145
51 61 191
51 61 192
51 61 193
51 135 0
51 135 1
51 135 7
51 135 8
51 135 9
51 135 51
51 135 52
51 135 53
51 135 59
51 135 60
51 135 61
51 135 135
51 135 136
51 135 137
51 135 143
51 135 144
51 135 145
51 135 191
51 135 192
51 135 193
51 136 0
51 136 1
51 136 7
51 136 8
51 136 9
51 136 51
51 136 52
51 136 53
51 136 59
51 136 60
51 136 61
51 136 135
51 136 136
51 136 137
51 136 143
51 136 144
51 136 145
51 136 191
51 136 192
51 136 193
51 137 0
51 137 1
51 137 7
51 137 8
51 137 9
51 137 51
51 137 52
51 137 53
51 137 59
51 137 60
51 137 61
51 137 135
51 137 136
51 137 137
51 137 143
51 137 144
51 137 145
51 137 191
51 137 192
51 137 193
51 143 0
51 143 1
51 143 7
51 143 8
51 143 9
51 143 51
51 143 52
51 143 53
51 143 59
51 143 60
51 143 61
51 143 135
51 143 136
51 143 137
51 143 143
51 143 144
51 143 145
51 143 191
51 143 192
51 143 193
51 144 0
51 144 1
51 144 7
51 144 8
51 144 9
51 144 51
51 144 52
51 144 53
51 144 59
51 144 60
51 144 61
51 144 135
51 144 136
51 144 137
51 144 143
51 144 144
51 144 145
51 144 191
51 144 192
51 144 193
51 145 0
51 145 1
51 145 7
51 145 8
51 145 9
51 145 51
51 145 52
51 145 53
51 145 59
51 145 60
51 145 61
51 145 135
51 145 136
51 145 137
51 145 143
51 145 144
51 145 145
51 145 191
51 145 192
51 145 193
51 191 0
51 191 1
51 191 7
51 191 8
51 191 9
51 191 51
51 191 52
51 191 53
51 191 59
51 191 60
51 191 61
51 191 135
51 191 136
51 191 137
51 191 143
51 191 144
51 191 145
51 191 191
51 191 192
51 191 193
51 192 0
51 192 1
51 192 7
51 192 8
51 192 9
51 192 51
51 192 52
51 192 53
51 192 59
51 192 60
51 192 61
51 192 135
51 192 136
51 192 137
51 192 143
51 192 144
51 192 145
51 192 191
51 192 192
51 192 193
51 193 0
51 193 1
51 193 7
51 193 8
51 193 9
51 193 51
51 193 52
51 193 53
51 193 59
51 193 60
51 193 61
51 193 135
51 193 136
51 193 137
51 193 143
51 193 144
51 193 145
51 193 191
51 193 192
51 193 193
52 0 1
52 0 7
52 0 9
52 0 51
52 0 53
52 0 59
52 0 61
52 0 135
52 0 137
52 0 143
52 0 145
52 0 191
52 0 193
52 1 0
52 1 1
52 1 7
52 1 8
52 1 9
52 1 51
52 1 52
52 1 53
52 1 59
52 1 60
52 1 61
52 1 135
52 1 136
52 1 137
52 1 143
52 1 144
52 1 145
52 1 191
52 1 192
52 1 193
52 7 0
52 7 1
52 7 7
52 7 8
52 7 9
52 7 51
52 7 52
52 7 53
52 7 59
52 7 60
52 7 61
52 7 135
52 7 136
52 7 137
52 7 143
52 7 144
52 7 145
52 7 191
52 7 192
52 7 193
52 8 1
52 8 7
52 8 9
52 8 51
52 8 53
52 8 59
52 8 61
52 8 135
52 8 137
52 8 143
52 8 145
52 8 191
52 8 193
52 9 0
52 9 1
52 9 7
52 9 8
52 9 9
52 9 51
52 9 52
52 9 53
52 9 59
52 9 60
52 9 61
52 9 135
52 9 136
52 9 137
52 9 143
52 9 144
52 9 145
52 9 191
52 9 192
52 9 193
52 51 0
52 51 1
52 51 7
52 51 8
52 51 9
52 51 51
52 51 52
52 51 53
52 51 59
52 51 60
52 51 61
52 51 135
52 51 136
52 51 137
52 51 143
52 51 144
52 51 145
52 51 191
52 51 192
52 51 193
52 52 1
52 52 7
52 52 9
52 52 51
52 52 53
52 52 59
52 52 61
52 52 135
52 52 137
52 52 143
52 52 145
52 52 191
52 52 193
52 53 0
52 53 1
52 53 7
52 53 8
52 53 9
52 53 51
52 53 52
52 53 53
52 53 59
52 53 60
52 53 61
52 53 135
52 53 136
52 53 137
52 53 143
52 53 144
52 53 145
52 53 191
52 53 192
52 53 193
52 59 0
52 59 1
52 59 7
52 59 8
52 59 9
52 59 51
52 59 52
52 59 53
52 59 59
52 59 60
52 59 61
52 59 135
52 59 136
52 59 137
52 59 143
52 59 144
52 59 145
52 59 191
52 59 192
52 59 193
52 60 1
52 60 7
52 60 9
52 60 51
52 60 53
52 60 59
52 60 61
52 60 135
52 60 137
52 60 143
52 60 145
52 60 191
52 60 193
52 61 0
52 61 1
52 61 7
52 61 8
52 61 9
52 61 51
52 61 52
52 61 53
52 61 59
52 61 60
52 61 61
52 61 135
52 61 136
52 61 137
52 61 143
52 61 144
52 61 145
52 61 191
52 61 192
52 61 193
52 135 0
52 135 1
52 135 7
52 135 8
52 135 9
52 135 51
52 135 52
52 135 53
52 135 59
52 135 60
52 135 61
52 135 135
52 135 136
52 135 137
52 135 143
52 135 144
52 135 145
52 135 191
52 135 192
52 135 193
52 136 1
52 136 7
52 136 9
52 136 51
52 136 53
52 136 59
52 136 61
52 136 135
52 136 137
52 136 143
52 136 145
52 136 191
52 136 193
52 137 0
52 137 1
52 137 7
52 137 8
52 137 9
52 137 51
52 137 52
52 137 53
52 137 59
52 137 60
52 137 61
52 137 135
52 137 136
52 137 137
52 137 143
52 137 144
52 137 145
52 137 191
52 137 192
52 137 193
52 143 0
52 143 1
52 143 7
52 143 8
52 143 9
52 143 51
52 143 52
52 143 53
52 143 59
52 143 60
52 143 61
52 143 135
52 143 136
52 143 137
52 143 143
52 143 144
52 143 145
52 143 191
52 143 192
52 143 193
52 144 1
52 144 7
52 144 9
52 144 51
52 144 53
52 144 59
52 144 61
52 144 135
52 144 137
52 144 143
52 144 145
52 144 191
52 144 193
52 145 0
52 145 1
52 145 7
52 145 8
52 145 9
52 145 51
52 145 52
52 145 53
52 145 59
52 145 60
52 145 61
52 145 135
52 145 136
52 145 137
52 145 143
52 145 144
52 145 145
52 145 191
52 145 192
52 145 193
52 191 0
52 191 1
52 191 7
52 191 8
52 191 9
52 191 51
52 191 52
52 191 53
52 191 59
52 191 60
52 191 61
52 191 135
52 191 136
52 191 137
52 191 143
52 191 144
52 191 145
52 191 191
52 191 192
52 191 193
52 192 1
52 192 7
52 192 9
52 192 51
52 192 53
52 192 59
52 192 61
52 192 135
52 192 137
52 192 143
52 192 145
52 192 191
52 192 193
52 193 0
52 193 1
52 193 7
52 193 8
52 193 9
52 193 51
52 193 52
52 193 53
52 193 59
52 193 60
52 193 61
52 193 135
52 193 136
52 193 137
52 193 143
52 193 144
52 193 145
52 193 191
52 193 192
52 193 193
53 0 0
53 0 1
53 0 7
53 0 8
53 0 9
53 0 51
53 0 52
53 0 53
53 0 59
53 0 60
53 0 61
53 0 135
53 0 136
53 0 137
53 0 143
53 0 144
53 0 145
53 0 191
53 0 192
53 0 193
53 1 0
53 1 1
53 1 7
53 1 8
53 1 9
53 1 51
53 1 52
53 1 53
53 1 59
53 1 60
53 1 61
53 1 135
53 1 136
53 1 137
53 1 143
53 1 144
53 1 145
53 1 191
53 1 192
53 1 193
53 7 0
53 7 1
53 7 7
53 7 8
53 7 9
53 7 51
53 7 52
53 7 53
53 7 59
53 7 60
53 7 61
53 7 135
53 7 136
53 7 137
53 7 143
53 7 144
53 7 145
53 7 191
53 7 192
53 7 193
53 8 0
53 8 1
53 8 7
53 8 8
53 8 9
53 8 51
53 8 52
53 8 53
53 8 59
53 8 60
53 8 61
53 8 135
53 8 136
53 8 137
53 8 143
53 8 144
53 8 145
53 8 191
53 8 192
53 8 193
53 9 0
53 9 1
53 9 7
53 9 8
53 9 9
53 9 51
53 9 52
53 9 53
53 9 59
53 9 60
53 9 61
53 9 135
53 9 136
53 9 137
53 9 143
53 9 144
53 9 145
53 9 191
53 9 192
53 9 193
53 51 0
53 51 1
53 51 7
53 51 8
53 51 9
53 51 51
53 51 52
53 51 53
53 51 59
53 51 60
53 51 61
53 51 135
53 51 136
53 51 137
53 51 143
53 51 144
53 51 145
53 51 191
53 51 192
53 51 193
53 52 0
53 52 1
53 52 7
53 52 8
53 52 9
53 52 51
53 52 52
53 52 53
53 52 59
53 52 60
53 52 61
53 52 135
53 52 136
53 52 137
53 52 143
53 52 144
53 52 145
53 52 191
53 52 192
53 52 193
53 53 0
53 53 1
53 53 7
53 53 8
53 53 9
53 53 51
53 53 52
53 53 53
53 53 59
53 53 60
53 53 61
53 53 135
53 53 136
53 53 137
53 53 143
53 53 144
53 53 145
53 53 191
53 53 192
53 53 193
53 59 0
53 59 1
53 59 7
53 59 8
53 59 9
53 59 51
53 59 52
53 59 53
53 59 59
53 59 60
53 59 61
53 59 135
53 59 136
53 59 137
53 59 143
53 59 144
53 59 145
53 59 191
53 59 192
53 59 193
53 60 0
53 60 1
53 60 7
53 60 8
53 60 9
53 60 51
53 60 52
53 60 53
53 60 59
53 60 60
53 60 61
53 60 135
53 60 136
53 60 137
53 60 143
53 60 144
53 60 145
53 60 191
53 60 192
53 60 193
53 61 0
53 61 1
53 61 7
53 61 8
53 61 9
53 61 51
53 61 52
53 61 53
53 61 59
53 61 60
53 61 61
53 61 135
53 61 136
53 61 137
53 61 143
53 61 144
53 61 145
53 61 191
53 61 192
53 61 193
53 135 0
53 135 1
53 135 7
53 135 8
53 135 9
53 135 51
53 135 52
53 135 53
53 135 59
53 135 60
53 135 61
53 135 135
53 135 136
53 135 137
53 135 143
53 135 144
53 135 145
53 135 191
53 135 192
53 135 193
53 136 0
53 136 1
53 136 7
53 136 8
53 136 9
53 136 51
53 136 52
53 136 53
53 136 59
53 136 60
53 136 61
53 136 135
53 136 136
53 136 137
53 136 143
53 136 144
53 136 145
53 136 191
53 136 192
53 136 193
53 137 0
53 137 1
53 137 7
53 137 8
53 137 9
53 137 51
53 137 52
53 137 53
53 137 59
53 137 60
53 137 61
53 137 135
53 137 136
53 137 137
53 137 143
53 137 144
53 137 145
53 137 191
53 137 192
53 137 193
53 143 0
53 143 1
53 143 7
53 143 8
53 143 9
53 143 51
53 143 52
53 143 53
53 143 59
53 143 60
53 143 61
53 143 135
53 143 136
53 143 137
53 143 143
53 143 144
53 143 145
53 143 191
53 143 192
53 143 193
53 144 0
53 144 1
53 144 7
53 144 8
53 144 9
53 144 51
53 144 52
53 144 53
53 144 59
53 144 60
53 144 61
53 144 135
53 144 136
53 144 137
53 144 143
53 144 144
53 144 145
53 144 191
53 144 192
53 144 193
53 145 0
53 145 1
53 145 7
53 145 8
53 145 9
53 145 51
53 145 52
53 145 53
53 145 59
53 145 60
53 145 61
53 145 135
53 145 136
53 145 137
53 145 143
53 145 144
53 145 145
53 145 191
53 145 192
53 145 193
53 191 0
53 191 1
53 191 7
53 191 8
53 191 9
53 191 51
53 191 52
53 191 53
53 191 59
53 191 60
53 191 61
53 191 135
53 191 136
53 191 137
53 191 143
53 191 144
53 191 145
53 191 191
53 191 192
53 191 193
53 192 0
53 192 1
53 192 7
53 192 8
53 192 9
53 192 51
53 192 52
53 192 53
53 192 59
53 192 60
53 192 61
53 192 135
53 192 136
53 192 137
53 192 143
53 192 144
53 192 145
53 192 191
53 192 192
53 192 193
53 193 0
53 193 1
53 193 7
53 193 8
53 193 9
53 193 51
53 193 52
53 193 53
53 193 59
53 193 60
53 193 61
53 193 135
53 193 136
53 193 137
53 193 143
53 193 144
53 193 145
53 193 191
53 193 192
53 193 193
59 0 0
59 0 1
59 0 7
59 0 8
59 0 9
59 0 51
59 0 52
59 0 53
59 0 59
59 0 60
59 0 61
59 0 135
59 0 136
59 0 137
59 0 143
59 0 144
59 0 145
59 0 191
59 0 192
59 0 193
59 1 0
59 1 1
59 1 7
59 1 8
59 1 9
59 1 51
59 1 52
59 1 53
59 1 59
59 1 60
59 1 61
59 1 135
59 1 136
59 1 137
59 1 143
59 1 144
59 1 145
59 1 191
59 1 192
59 1 193
59 7 0
59 7 1
59 7 7
59 7 8
59 7 9
59 7 51
59 7 52
59 7 53
59 7 59
59 7 60
59 7 61
59 7 135
59 7 136
59 7 137
59 7 143
59 7 144
59 7 145
59 7 191
59 7 192
59 7 193
59 8 0
59 8 1
59 8 7
59 8 8
59 8 9
59 8 51
59 8 52
59 8 53
59 8 59
59 8 60
59 8 61
59 8 135
59 8 136
59 8 137
59 8 143
59 8 144
59 8 145
59 8 191
59 8 192
59 8 193
59 9 0
59 9 1
59 9 7
59 9 8
59 9 9
59 9 51
59 9 52
59 9 53
59 9 59
59 9 60
59 9 61
59 9 135
59 9 136
59 9 137
59 9 143
59 9 144
59 9 145
59 9 191
59 9 192
59 9 193
59 51 0
59 51 1
59 51 7
59 51 8
59 51 9
59 51 51
59 51 52
59 51 53
59 51 59
59 51 60
59 51 61
59 51 135
59 51 136
59 51 137
59 51 143
59 51 144
59 51 145
59 51 191
59 51 192
59 51 193
59 52 0
59 52 1
59 52 7
59 52 8
59 52 9
59 52 51
59 52 52
59 52 53
59 52 59
59 52 60
59 52 61
59 52 135
59 52 136
59 52 137
59 52 143
59 52 144
59 52 145
59 52 191
59 52 192
59 52 193
59 53 0
59 53 1
59 53 7
59 53 8
59 53 9
59 53 51
59 53 52
59 53 53
59 53 59
59 53 60
59 53 61
59 53 135
59 53 136
59 53 137
59 53 143
59 53 144
59 53 145
59 53 191
59 53 192
59 53 193
59 59 0
59 59 1
59 59 7
59 59 8
59 59 9
59 59 51
59 59 52
59 59 53
59 59 59
59 59 60
59 59 61
59 59 135
59 59 136
59 59 137
59 59 143
59 59 144
59 59 145
59 59 191
59 59 192
59 59 193
59 60 0
59 60 1
59 60 7
59 60 8
59 60 9
59 60 51
59 60 52
59 60 53
59 60 59
59 60 60
59 60 61
59 60 135
59 60 136
59 60 137
59 60 143
59 60 144
59 60 145
59 60 191
59 60 192
59 60 193
59 61 0
59 61 1
59 61 7
59 61 8
59 61 9
59 61 51
59 61 52
59 61 53
59 61 59
59 61 60
59 61 61
59 61 135
59 61 136
59 61 137
59 61 143
59 61 144
59 61 145
59 61 191
59 61 192
59 61 193
59 135 0
59 135 1
59 135 7
59 135 8
59 135 9
59 135 51
59 135 52
59 135 53
59 135 59
59 135 60
59 135 61
59 135 135
59 135 136
59 135 137
59 135 143
59 135 144
59 135 145
59 135 191
59 135 192
59 135 193
59 136 0
59 136 1
59 136 7
59 136 8
59 136 9
59 136 51
59 136 52
59 136 53
59 136 59
59 136 60
59 136 61
59 136 135
59 136 136
59 136 137
59 136 143
59 136 144
59 136 145
59 136 191
59 136 192
59 136 193
59 137 0
59 137 1
59 137 7
59 137 8
59 137 9
59 137 51
59 137 52
59 137 53
59 137 59
59 137 60
59 137 61
59 137 135
59 137 136
59 137 137
59 137 143
59 137 144
59 137 145
59 137 191
59 137 192
59 137 193
59 143 0
59 143 1
59 143 7
59 143 8
59 143 9
59 143 51
59 143 52
59 143 53
59 143 59
59 143 60
59 143 61
59 143 135
59 143 136
59 143 137
59 143 143
59 143 144
59 143 145
59 143 191
59 143 192
59 143 193
59 144 0
59 144 1
59 144 7
59 144 8
59 144 9
59 144 51
59 144 52
59 144 53
59 144 59
59 144 60
59 144 61
59 144 135
59 144 136
59 144 137
59 144 143
59 144 144
59 144 145
59 144 191
59 144 192
59 144 193
59 145 0
59 145 1
59 145 7
59 145 8
59 145 9
59 145 51
59 145 52
59 145 53
59 145 59
59 145 60
59 145 61
59 145 135
59 145 136
59 145 137
59 145 143
59 145 144
59 145 145
59 145 191
59 145 192
59 145 193
59 191 0
59 191 1
59 191 7
59 191 8
59 191 9
59 191 51
59 191 52
59 191 53
59 191 59
59 191 60
59 191 61
59 191 135
59 191 136
59 191 137
59 191 143
59 191 144
59 191 145
59 191 191
59 191 192
59 191 193
59 192 0
59 192 1
59 192 7
59 192 8
59 192 9
59 192 51
59 192 52
59 192 53
59 192 59
59 192 60
59 192 61
59 192 135
59 192 136
59 192 137
59 192 143
59 192 144
59 192 145
59 192 191
59 192 192
59 192 193
59 193 0
59 193 1
59 193 7
59 193 8
59 193 9
59 193 51
59 193 52
59 193 53
59 193 59
59 193 60
59 193 61
59 193 135
59 193 136
59 193 137
59 193 143
59 193 144
59 193 145
59 193 191
59 193 192
59 193 193
60 0 1
60 0 7
60 0 9
60 0 51
60 0 53
60 0 59
60 0 61
60 0 135
60 0 137
60 0 143
60 0 145
60 0 191
60 0 193
60 1 0
60 1 1
60 1 7
60 1 8
60 1 9
60 1 51
60 1 52
60 1 53
60 1 59
60 1 60
60 1 61
60 1 135
60 1 136
60 1 137
60 1 143
60 1 144
60 1 145
60 1 191
60 1 192
60 1 193
60 7 0
60 7 1
60 7 7
60 7 8
60 7 9
60 7 51
60 7 52
60 7 53
60 7 59
60 7 60
60 7 61
60 7 135
60 7 136
60 7 137
60 7 143
60 7 144
60 7 145
60 7 191
60 7 192
60 7 193
60 8 1
60 8 7
60 8 9
60 8 51
60 8 53
60 8 59
60 8 61
60 8 135
60 8 137
60 8 143
60 8 145
60 8 191
60 8 193
60 9 0
60 9 1
60 9 7
60 9 8
60 9 9
60 9 51
60 9 52
60 9 53
60 9 59
60 9 60
60 9 61
60 9 135
60 9 136
60 9 137
60 9 143
60 9 144
60 9 145
60 9 191
60 9 192
60 9 193
60 51 0
60 51 1
60 51 7
60 51 8
60 51 9
60 51 51
60 51 52
60 51 53
60 51 59
60 51 60
60 51 61
60 51 135
60 51 136
60 51 137
60 51 143
60 51 144
60 51 145
60 51 191
60 51 192
60 51 193
60 52 1
60 52 7
60 52 9
60 52 51
60 52 53
60 52 59
60 52 61
60 52 135
60 52 137
60 52 143
60 52 145
60 52 191
60 52 193
60 53 0
60 53 1
60 53 7
60 53 8
60 53 9
60 53 51
60 53 52
60 53 53
60 53 59
60 53 60
60 53 61
60 53 135
60 53 136
60 53 137
60 53 143
60 53 144
60 53 145
60 53 191
60 53 192
60 53 193
60 59 0
60 59 1
60 59 7
60 59 8
60 59 9
60 59 51
60 59 52
60 59 53
60 59 59
60 59 60
60 59 61
60 59 135
60 59 136
60 59 137
60 59 143
60 59 144
60 59 145
60 59 191
60 59 192
60 59 193
60 60 1
60 60 7
60 60 9
60 60 51
60 60 53
60 60 59
60 60 61
60 60 135
60 60 137
60 60 143
60 60 145
60 60 191
60 60 193
60 61 0
60 61 1
60 61 7
60 61 8
60 61 9
60 61 51
60 61 52
60 61 53
60 61 59
60 61 60
60 61 61
60 61 135
60 61 136
60 61 137
60 61 143
60 61 144
60 61 145
60 61 191
60 61 192
60 61 193
60 135 0
60 135 1
60 135 7
60 135 8
60 135 9
60 135 51
60 135 52
60 135 53
60 135 59
60 135 60
60 135 61
60 135 135
60 135 136
60 135 137
60 135 143
60 135 144
60 135 145
60 135 191
60 135 192
60 135 193
60 136 1
60 136 7
60 136 9
60 136 51
60 136 53
60 136 59
60 136 61
60 136 135
60 136 137
60 136 143
60 136 145
60 136 191
60 136 193
60 137 0
60 137 1
60 137 7
60 137 8
60 137 9
60 137 51
60 137 52
60 137 53
60 137 59
60 137 60
60 137 61
60 137 135
60 137 136
60 137 137
60 137 143
60 137 144
60 137 145
60 137 191
60 137 192
60 137 193
60 143 0
60 143 1
60 143 7
60 143 8
60 143 9
60 143 51
60 143 52
60 143 53
60 143 59
60 143 60
60 143 61
60 143 135
60 143 136
60 143 137
60 143 143
60 143 144
60 143 145
60 143 191
60 143 192
60 143 193
60 144 1
60 144 7
60 144 9
60 144 51
60 144 53
60 144 59
60 144 61
60 144 135
60 144 137
60 144 143
60 144 145
60 144 191
60 144 193
60 145 0
60 145 1
60 145 7
60 145 8
60 145 9
60 145 51
60 145 52
60 145 53
60 145 59
60 145 60
60 145 61
60 145 135
60 145 136
60 145 137
60 145 143
60 145 144
60 145 145
60 145 191
60 145 192
60 145 193
60 191 0
60 191 1
60 191 7
60 191 8
60 191 9
60 191 51
60 191 52
60 191 53
60 191 59
60 191 60
60 191 61
60 191 135
60 191 136
60 191 137
60 191 143
60 191 144
60 191 145
60 191 191
60 191 192
60 191 193
60 192 1
60 192 7
60 192 9
60 192 51
60 192 53
60 192 59
60 192 61
60 192 135
60 192 137
60 192 143
60 192 145
60 192 191
60 192 193
60 193 0
60 193 1
60 193 7
60 193 8
60 193 9
60 193 51
60 193 52
60 193 53
60 193 59
60 193 60
60 193 61
60 193 135
60 193 136
60 193 137
60 193 143
60 193 144
60 193 145
60 193 191
60 193 192
60 193 193
61 0 0
61 0 1
61 0 7
61 0 8
61 0 9
61 0 51
61 0 52
61 0 53
61 0 59
61 0 60
61 0 61
61 0 135
61 0 136
61 0 137
61 0 143
61 0 144
61 0 145
61 0 191
61 0 192
61 0 193
61 1 0
61 1 1
61 1 7
61 1 8
61 1 9
61 1 51
61 1 52
61 1 53
61 1 59
61 1 60
61 1 61
61 1 135
61 1 136
61 1 137
61 1 143
61 1 144
61 1 145
61 1 191
61 1 192
61 1 193
61 7 0
61 7 1
61 7 7
61 7 8
61 7 9
61 7 51
61 7 52
61 7 53
61 7 59
61 7 60
61 7 61
61 7 135
61 7 136
61 7 137
61 7 143
61 7 144
61 7 145
61 7 191
61 7 192
61 7 193
61 8 0
61 8 1
61 8 7
61 8 8
61 8 9
61 8 51
61 8 52
61 8 53
61 8 59
61 8 60
61 8 61
61 8 135
61 8 136
61 8 137
61 8 143
61 8 144
61 8 145
61 8 191
61 8 192
61 8 193
61 9 0
61 9 1
61 9 7
61 9 8
61 9 9
61 9 51
61 9 52
61 9 53
61 9 59
61 9 60
61 9 61
61 9 135
61 9 136
61 9 137
61 9 143
61 9 144
61 9 145
61 9 191
61 9 192
61 9 193
61 51 0
61 51 1
61 51 7
61 51 8
61 51 9
61 51 51
61 51 52
61 51 53
61 51 59
61 51 60
61 51 61
61 51 135
61 51 136
61 51 137
61 51 143
61 51 144
61 51 145
61 51 191
61 51 192
61 51 193
61 52 0
61 52 1
61 52 7
61 52 8
61 52 9
61 52 51
61 52 52
61 52 53
61 52 59
61 52 60
61 52 61
61 52 135
61 52 136
61 52 137
61 52 143
61 52 144
61 52 145
61 52 191
61 52 192
61 52 193
61 53 0
61 53 1
61 53 7
61 53 8
61 53 9
61 53 51
61 53 52
61 53 53
61 53 59
61 53 60
61 53 61
61 53 135
61 53 136
61 53 137
61 53 143
61 53 144
61 53 145
61 53 191
61 53 192
61 53 193
61 59 0
61 59 1
61 59 7
61 59 8
61 59 9
61 59 51
61 59 52
61 59 53
61 59 59
61 59 60
61 59 61
61 59 135
61 59 136
61 59 137
61 59 143
61 59 144
61 59 145
61 59 191
61 59 192
61 59 193
61 60 0
61 60 1
61 60 7
61 60 8
61 60 9
61 60 51
61 60 52
61 60 53
61 60 59
61 60 60
61 60 61
61 60 135
61 60 136
61 60 137
61 60 143
61 60 144
61 60 145
61 60 191
61 60 192
61 60 193
61 61 0
61 61 1
61 61 7
61 61 8
61 61 9
61 61 51
61 61 52
61 61 53
61 61 59
61 61 60
61 61 61
61 61 135
61 61 136
61 61 137
61 61 143
61 61 144
61 61 145
61 61 191
61 61 192
61 61 193
61 135 0
61 135 1
61 135 7
61 135 8
61 135 9
61 135 51
61 135 52
61 135 53
61 135 59
61 135 60
61 135 61
61 135 135
61 135 136
61 135 137
61 135 143
61 135 144
61 135 145
61 135 191
61 135 192
61 135 193
61 136 0
61 136 1
61 136 7
61 136 8
61 136 9
61 136 51
61 136 52
61 136 53
61 136 59
61 136 60
61 136 61
61 136 135
61 136 136
61 136 137
61 136 143
61 136 144
61 136 145
61 136 191
61 136 192
61 136 193
61 137 0
61 137 1
61 137 7
61 137 8
61 137 9
61 137 51
61 137 52
61 137 53
61 137 59
61 137 60
61 137 61
61 137 135
61 137 136
61 137 137
61 137 143
61 137 144
61 137 145
61 137 191
61 137 192
61 137 193
61 143 0
61 143 1
61 143 7
61 143 8
61 143 9
61 143 51
61 143 52
61 143 53
61 143 59
61 143 60
61 143 61
61 143 135
61 143 136
61 143 137
61 143 143
61 143 144
61 143 145
61 143 191
61 143 192
61 143 193
61 144 0
61 144 1
61 144 7
61 144 8
61 144 9
61 144 51
61 144 52
61 144 53
61 144 59
61 144 60
61 144 61
61 144 135
61 144 136
61 144 137
61 144 143
61 144 144
61 144 145
61 144 191
61 144 192
61 144 193
61 145 0
61 145 1
61 145 7
61 145 8
61 145 9
61 145 51
61 145 52
61 145 53
61 145 59
61 145 60
61 145 61
61 145 135
61 145 136
61 145 137
61 145 143
61 145 144
61 145 145
61 145 191
61 145 192
61 145 193
61 191 0
61 191 1
61 191 7
61 191 8
61 191 9
61 191 51
61 191 52
61 191 53
61 191 59
61 191 60
61 191 61
61 191 135
61 191 136
61 191 137
61 191 143
61 191 144
61 191 145
61 191 191
61 191 192
61 191 193
61 192 0
61 192 1
61 192 7
61 192 8
61 192 9
61 192 51
61 192 52
61 192 53
61 192 59
61 192 60
61 192 61
61 192 135
61 192 136
61 192 137
61 192 143
61 192 144
61 192 145
61 192 191
61 192 192
61 192 193
61 193 0
61 193 1
61 193 7
61 193 8
61 193 9
61 193 51
61 193 52
61 193 53
61 193 59
61 193 60
61 193 61
61 193 135
61 193 136
61 193 137
61 193 143
61 193 144
61 193 145
61 193 191
61 193 192
61 193 193
135 0 0
135 0 1
135 0 7
135 0 8
135 0 9
135 0 51
135 0 52
135 0 53
135 0 59
135 0 60
135 0 61
135 0 135
135 0 136
135 0 137
135 0 143
135 0 144
135 0 145
135 0 191
135 0 192
135 0 193
135 1 0
135 1 1
135 1 7
135 1 8
135 1 9
135 1 51
135 1 52
135 1 53
135 1 59
135 1 60
135 1 61
135 1 135
135 1 136
135 1 137
135 1 143
135 1 144
135 1 145
135 1 191
135 1 192
135 1 193
135 7 0
135 7 1
135 7 7
135 7 8
135 7 9
135 7 51
135 7 52
135 7 53
135 7 59
135 7 60
135 7 61
135 7 135
135 7 136
135 7 137
135 7 143
135 7 144
135 7 145
135 7 191
135 7 192
135 7 193
135 8 0
135 8 1
135 8 7
135 8 8
135 8 9
135 8 51
135 8 52
135 8 53
135 8 59
135 8 60
135 8 61
135 8 135
135 8 136
135 8 137
135 8 143
135 8 144
135 8 145
135 8 191
135 8 192
135 8 193
135 9 0
135 9 1
135 9 7
135 9 8
135 9 9
135 9 51
135 9 52
135 9 53
135 9 59
135 9 60
135 9 61
135 9 135
135 9 136
135 9 137
135 9 143
135 9 144
135 9 145
135 9 191
135 9 192
135 9 193
135 51 0
135 51 1
135 51 7
135 51 8
135 51 9
135 51 51
135 51 52
135 51 53
135 51 59
135 51 60
135 51 61
135 51 135
135 51 136
135 51 137
135 51 143
135 51 144
135 51 145
135 51 191
135 51 192
135 51 193
135 52 0
135 52 1
135 52 7
135 52 8
135 52 9
135 52 51
135 52 52
135 52 53
135 52 59
135 52 60
135 52 61
135 52 135
135 52 136
135 52 137
135 52 143
135 52 144
135 52 145
135 52 191
135 52 192
135 52 193
135 53 0
135 53 1
135 53 7
135 53 8
135 53 9
135 53 51
135 53 52
135 53 53
135 53 59
135 53 60
135 53 61
135 53 135
135 53 136
135 53 137
135 53 143
135 53 144
135 53 145
135 53 191
135 53 192
135 53 193
135 59 0
135 59 1
135 59 7
135 59 8
135 59 9
135 59 51
135 59 52
135 59 53
135 59 59
135 59 60
135 59 61
135 59 135
135 59 136
135 59 137
135 59 143
135 59 144
135 59 145
135 59 191
135 59 192
135 59 193
135 60 0
135 60 1
135 60 7
135 60 8
135 60 9
135 60 51
135 60 52
135 60 53
135 60 59
135 60 60
135 60 61
135 60 135
135 60 136
135 60 137
135 60 143
135 60 144
135 60 145
135 60 191
135 60 192
135 60 193
135 61 0
135 61 1
135 61 7
135 61 8
135 61 9
135 61 51
135 61 52
135 61 53
135 61 59
135 61 60
135 61 61
135 61 135
135 61 136
135 61 137
135 61 143
135 61 144
135 61 145
135 61 191
135 61 192
135 61 193
135 135 0
135 135 1
135 135 7
135 135 8
135 135 9
135 135 51
135 135 52
135 135 53
135 135 59
135 135 60
135 135 61
135 135 135
135 135 136
135 135 137
135 135 143
135 135 144
135 135 145
135 135 191
135 135 192
135 135 193
135 136 0
135 136 1
135 136 7
135 136 8
135 136 9
135 136 51
135 136 52
135 136 53
135 136 59
135 136 60
135 136 61
135 136 135
135 136 136
135 136 137
135 136 143
135 136 144
135 136 145
135 136 191
135 136 192
135 136 193
135 137 0
135 137 1
135 137 7
135 137 8
135 137 9
135 137 51
135 137 52
135 137 53
135 137 59
135 137 60
135 137 61
135 137 135
135 137 136
135 137 137
135 137 143
135 137 144
135 137 145
135 137 191
135 137 192
135 137 193
135 143 0
135 143 1
135 143 7
135 143 8
135 143 9
135 143 51
135 143 52
135 143 53
135 143 59
135 143 60
135 143 61
135 143 135
135 143 136
135 143 137
135 143 143
135 143 144
135 143 145
135 143 191
135 143 192
135 143 193
135 144 0
135 144 1
135 144 7
135 144 8
135 144 9
135 144 51
135 144 52
135 144 53
135 144 59
135 144 60
135 144 61
135 144 135
135 144 136
135 144 137
135 144 143
135 144 144
135 144 145
135 144 191
135 144 192
135 144 193
135 145 0
135 145 1
135 145 7
135 145 8
135 145 9
135 145 51
135 145 52
135 145 53
135 145 59
135 145 60
135 145 61
135 145 135
135 145 136
135 145 137
135 145 143
135 145 144
135 145 145
135 145 191
135 145 192
135 145 193
135 191 0
135 191 1
135 191 7
135 191 8
135 191 9
135 191 51
135 191 52
135 191 53
135 191 59
135 191 60
135 191 61
135 191 135
135 191 136
135 191 137
135 191 143
135 191 144
135 191 145
135 191 191
135 191 192
135 191 193
135 192 0
135 192 1
135 192 7
135 192 8
135 192 9
135 192 51
135 192 52
135 192 53
135 192 59
135 192 60
135 192 61
135 192 135
135 192 136
135 192 137
135 192 143
135 192 144
135 192 145
135 192 191
135 192 192
135 192 193
135 193 0
135 193 1
135 193 7
135 193 8
135 193 9
135 193 51
135 193 52
135 193 53
135 193 59
135 193 60
135 193 61
135 193 135
135 193 136
135 193 137
135 193 143
135 193 144
135 193 145
135 193 191
135 193 192
135 193 193
136 0 1
136 0 7
136 0 9
136 0 51
136 0 53
136 0 59
136 0 61
136 0 135
136 0 137
136 0 143
136 0 145
136 0 191
136 0 193
136 1 0
136 1 1
136 1 7
136 1 8
136 1 9
136 1 51
136 1 52
136 1 53
136 1 59
136 1 60
136 1 61
136 1 135
136 1 136
136 1 137
136 1 143
136 1 144
136 1 145
136 1 191
136 1 192
136 1 193
136 7 0
136 7 1
136 7 7
136 7 8
136 7 9
136 7 51
136 7 52
136 7 53
136 7 59
136 7 60
136 7 61
136 7 135
136 7 136
136 7 137
136 7 143
136 7 144
136 7 145
136 7 191
136 7 192
136 7 193
136 8 1
136 8 7
136 8 9
136 8 51
136 8 53
136 8 59
136 8 61
136 8 135
136 8 137
136 8 143
136 8 145
136 8 191
136 8 193
136 9 0
136 9 1
136 9 7
136 9 8
136 9 9
136 9 51
136 9 52
136 9 53
136 9 59
136 9 60
136 9 61
136 9 135
136 9 136
136 9 137
136 9 143
136 9 144
136 9 145
136 9 191
136 9 192
136 9 193
136 51 0
136 51 1
136 51 7
136 51 8
136 51 9
136 51 51
136 51 52
136 51 53
136 51 59
136 51 60
136 51 61
136 51 135
136 51 136
136 51 137
136 51 143
136 51 144
136 51 145
136 51 191
136 51 192
136 51 193
136 52 1
136 52 7
136 52 9
136 52 51
136 52 53
136 52 59
136 52 61
136 52 135
136 52 137
136 52 143
136 52 145
136 52 191
136 52 193
136 53 0
136 53 1
136 53 7
136 53 8
136 53 9
136 53 51
136 53 52
136 53 53
136 53 59
136 53 60
136 53 61
136 53 135
136 53 136
136 53 137
136 53 143
136 53 144
136 53 145
136 53 191
136 53 192
136 53 193
136 59 0
136 59 1
136 59 7
136 59 8
136 59 9
136 59 51
136 59 52
136 59 53
136 59 59
136 59 60
136 59 61
136 59 135
136 59 136
136 59 137
136 59 143
136 59 144
136 59 145
136 59 191
136 59 192
136 59 193
136 60 1
136 60 7
136 60 9
136 60 51
136 60 53
136 60 59
136 60 61
136 60 135
136 60 137
136 60 143
136 60 145
136 60 191
136 60 193
136 61 0
136 61 1
136 61 7
136 61 8
136 61 9
136 61 51
136 61 52
136 61 53
136 61 59
136 61 60
136 61 61
136 61 135
136 61 136
136 61 137
136 61 143
136 61 144
136 61 145
136 61 191
136 61 192
136 61 193
136 135 0
136 135 1
136 135 7
136 135 8
136 135 9
136 135 51
136 135 52
136 135 53
136 135 59
136 135 60
136 135 61
136 135 135
136 135 136
136 135 137
136 135 143
136 135 144
136 135 145
136 135 191
136 135 192
136 135 193
136 136 1
136 136 7
136 136 9
136 136 51
136 136 53
136 136 59
136 136 61
136 136 135
136 136 137
136 136 143
136 136 145
136 136 191
136 136 193
136 137 0
136 137 1
136 137 7
136 137 8
136 137 9
136 137 51
136 137 52
136 137 53
136 137 59
136 137 60
136 137 61
136 137 135
136 137 136
136 137 137
136 137 143
136 137 144
136 137 145
136 137 191
136 137 192
136 137 193
136 143 0
136 143 1
136 143 7
136 143 8
136 143 9
136 143 51
136 143 52
136 143 53
136 143 59
136 143 60
136 143 61
136 143 135
136 143 136
136 143 137
136 143 143
136 143 144
136 143 145
136 143 191
136 143 192
136 143 193
136 144 1
136 144 7
136 144 9
136 144 51
136 144 53
136 144 59
136 144 61
136 144 135
136 144 137
136 144 143
136 144 145
136 144 191
136 144 193
136 145 0
136 145 1
136 145 7
136 145 8
136 145 9
136 145 51
136 145 52
136 145 53
136 145 59
136 145 60
136 145 61
136 145 135
136 145 136
136 145 137
136 145 143
136 145 144
136 145 145
136 145 191
136 145 192
136 145 193
136 191 0
136 191 1
136 191 7
136 191 8
136 191 9
136 191 51
136 191 52
136 191 53
136 191 59
136 191 60
136 191 61
136 191 135
136 191 136
136 191 137
136 191 143
136 191 144
136 191 145
136 191 191
136 191 192
136 191 193
136 192 1
136 192 7
136 192 9
136 192 51
136 192 53
136 192 59
136 192 61
136 192 135
136 192 137
136 192 143
136 192 145
136 192 191
136 192 193
136 193 0
136 193 1
136 193 7
136 193 8
136 193 9
136 193 51
136 193 52
136 193 53
136 193 59
136 193 60
136 193 61
136 193 135
136 193 136
136 193 137
136 193 143
136 193 144
136 193 145
136 193 191
136 193 192
136 193 193
137 0 0
137 0 1
137 0 7
137 0 8
137 0 9
137 0 51
137 0 52
137 0 53
137 0 59
137 0 60
137 0 61
137 0 135
137 0 136
137 0 137
137 0 143
137 0 144
137 0 145
137 0 191
137 0 192
137 0 193
137 1 0
137 1 1
137 1 7
137 1 8
137 1 9
137 1 51
137 1 52
137 1 53
137 1 59
137 1 60
137 1 61
137 1 135
137 1 136
137 1 137
137 1 143
137 1 144
137 1 145
137 1 191
137 1 192
137 1 193
137 7 0
137 7 1
137 7 7
137 7 8
137 7 9
137 7 51
137 7 52
137 7 53
137 7 59
137 7 60
137 7 61
137 7 135
137 7 136
137 7 137
137 7 143
137 7 144
137 7 145
137 7 191
137 7 192
137 7 193
137 8 0
137 8 1
137 8 7
137 8 8
137 8 9
137 8 51
137 8 52
137 8 53
137 8 59
137 8 60
137 8 61
137 8 135
137 8 136
137 8 137
137 8 143
137 8 144
137 8 145
137 8 191
137 8 192
137 8 193
137 9 0
137 9 1
137 9 7
137 9 8
137 9 9
137 9 51
137 9 52
137 9 53
137 9 59
137 9 60
137 9 61
137 9 135
137 9 136
137 9 137
137 9 143
137 9 144
137 9 145
137 9 191
137 9 192
137 9 193
137 51 0
137 51 1
137 51 7
137 51 8
137 51 9
137 51 51
137 51 52
137 51 53
137 51 59
137 51 60
137 51 61
137 51 135
137 51 136
137 51 137
137 51 143
137 51 144
137 51 145
137 51 191
137 51 192
137 51 193
137 52 0
137 52 1
137 52 7
137 52 8
137 52 9
137 52 51
137 52 52
137 52 53
137 52 59
137 52 60
137 52 61
137 52 135
137 52 136
137 52 137
137 52 143
137 52 144
137 52 145
137 52 191
137 52 192
137 52 193
137 53 0
137 53 1
137 53 7
137 53 8
137 53 9
137 53 51
137 53 52
137 53 53
137 53 59
137 53 60
137 53 61
137 53 135
137 53 136
137 53 137
137 53 143
137 53 144
137 53 145
137 53 191
137 53 192
137 53 193
137 59 0
137 59 1
137 59 7
137 59 8
137 59 9
137 59 51
137 59 52
137 59 53
137 59 59
137 59 60
137 59 61
137 59 135
137 59 136
137 59 137
137 59 143
137 59 144
137 59 145
137 59 191
137 59 192
137 59 193
137 60 0
137 60 1
137 60 7
137 60 8
137 60 9
137 60 51
137 60 52
137 60 53
137 60 59
137 60 60
137 60 61
137 60 135
137 60 136
137 60 137
137 60 143
137 60 144
137 60 145
137 60 191
137 60 192
137 60 193
137 61 0
137 61 1
137 61 7
137 61 8
137 61 9
137 61 51
137 61 52
137 61 53
137 61 59
137 61 60
137 61 61
137 61 135
137 61 136
137 61 137
137 61 143
137 61 144
137 61 145
137 61 191
137 61 192
137 61 193
137 135 0
137 135 1
137 135 7
137 135 8
137 135 9
137 135 51
137 135 52
137 135 53
137 135 59
137 135 60
137 135 61
137 135 135
137 135 136
137 135 137
137 135 143
137 135 144
137 135 145
137 135 191
137 135 192
137 135 193
137 136 0
137 136 1
137 136 7
137 136 8
137 136 9
137 136 51
137 136 52
137 136 53
137 136 59
137 136 60
137 136 61
137 136 135
137 136 136
137 136 137
137 136 143
137 136 144
137 136 145
137 136 191
137 136 192
137 136 193
137 137 0
137 137 1
137 137 7
137 137 8
137 137 9
137 137 51
137 137 52
137 137 53
137 137 59
137 137 60
137 137 61
137 137 135
137 137 136
137 137 137
137 137 143
137 137 144
137 137 145
137 137 191
137 137 192
137 137 193
137 143 0
137 143 1
137 143 7
137 143 8
137 143 9
137 143 51
137 143 52
137 143 53
137 143 59
137 143 60
137 143 61
137 143 135
137 143 136
137 143 137
137 143 143
137 143 144
137 143 145
137 143 191
137 143 192
137 143 193
137 144 0
137 144 1
137 144 7
137 144 8
137 144 9
137 144 51
137 144 52
137 144 53
137 144 59
137 144 60
137 144 61
137 144 135
137 144 136
137 144 137
137 144 143
137 144 144
137 144 145
137 144 191
137 144 192
137 144 193
137 145 0
137 145 1
137 145 7
137 145 8
137 145 9
137 145 51
137 145 52
137 145 53
137 145 59
137 145 60
137 145 61
137 145 135
137 145 136
137 145 137
137 145 143
137 145 144
137 145 145
137 145 191
137 145 192
137 145 193
137 191 0
137 191 1
137 191 7
137 191 8
137 191 9
137 191 51
137 191 52
137 191 53
137 191 59
137 191 60
137 191 61
137 191 135
137 191 136
137 191 137
137 191 143
137 191 144
137 191 145
137 191 191
137 191 192
137 191 193
137 192 0
137 192 1
137 192 7
137 192 8
137 192 9
137 192 51
137 192 52
137 192 53
137 192 59
137 192 60
137 192 61
137 192 135
137 192 136
137 192 137
137 192 143
137 192 144
137 192 145
137 192 191
137 192 192
137 192 193
137 193 0
137 193 1
137 193 7
137 193 8
137 193 9
137 193 51
137 193 52
137 193 53
137 193 59
137 193 60
137 193 61
137 193 135
137 193 136
137 193 137
137 193 143
137 193 144
137 193 145
137 193 191
137 193 192
137 193 193
143 0 0
143 0 1
143 0 7
143 0 8
143 0 9
143 0 51
143 0 52
143 0 53
143 0 59
143 0 60
143 0 61
143 0 135
143 0 136
143 0 137
143 0 143
143 0 144
143 0 145
143 0 191
143 0 192
143 0 193
143 1 0
143 1 1
143 1 7
143 1 8
143 1 9
143 1 51
143 1 52
143 1 53
143 1 59
143 1 60
143 1 61
143 1 135
143 1 136
143 1 137
143 1 143
143 1 144
143 1 145
143 1 191
143 1 192
143 1 193
143 7 0
143 7 1
143 7 7
143 7 8
143 7 9
143 7 51
143 7 52
143 7 53
143 7 59
143 7 60
143 7 61
143 7 135
143 7 136
143 7 137
143 7 143
143 7 144
143 7 145
143 7 191
143 7 192
143 7 193
143 8 0
143 8 1
143 8 7
143 8 8
143 8 9
143 8 51
143 8 52
143 8 53
143 8 59
143 8 60
143 8 61
143 8 135
143 8 136
143 8 137
143 8 143
143 8 144
143 8 145
143 8 191
143 8 192
143 8 193
143 9 0
143 9 1
143 9 7
143 9 8
143 9 9
143 9 51
143 9 52
143 9 53
143 9 59
143 9 60
143 9 61
143 9 135
143 9 136
143 9 137
143 9 143
143 9 144
143 9 145
143 9 191
143 9 192
143 9 193
143 51 0
143 51 1
143 51 7
143 51 8
143 51 9
143 51 51
143 51 52
143 51 53
143 51 59
143 51 60
143 51 61
143 51 135
143 51 136
143 51 137
143 51 143
143 51 144
143 51 145
143 51 191
143 51 192
143 51 193
143 52 0
143 52 1
143 52 7
143 52 8
143 52 9
143 52 51
143 52 52
143 52 53
143 52 59
143 52 60
143 52 61
143 52 135
143 52 136
143 52 137
143 52 143
143 52 144
143 52 145
143 52 191
143 52 192
143 52 193
143 53 0
143 53 1
143 53 7
143 53 8
143 53 9
143 53 51
143 53 52
143 53 53
143 53 59
143 53 60
143 53 61
143 53 135
143 53 136
143 53 137
143 53 143
143 53 144
143 53 145
143 53 191
143 53 192
143 53 193
143 59 0
143 59 1
143 59 7
143 59 8
143 59 9
143 59 51
143 59 52
143 59 53
143 59 59
143 59 60
143 59 61
143 59 135
143 59 136
143 59 137
143 59 143
143 59 144
143 59 145
143 59 191
143 59 192
143 59 193
143 60 0
143 60 1
143 60 7
143 60 8
143 60 9
143 60 51
143 60 52
143 60 53
143 60 59
143 60 60
143 60 61
143 60 135
143 60 136
143 60 137
143 60 143
143 60 144
143 60 145
143 60 191
143 60 192
143 60 193
143 61 0
143 61 1
143 61 7
143 61 8
143 61 9
143 61 51
143 61 52
143 61 53
143 61 59
143 61 60
143 61 61
143 61 135
143 61 136
143 61 137
143 61 143
143 61 144
143 61 145
143 61 191
143 61 192
143 61 193
143 135 0
143 135 1
143 135 7
143 135 8
143 135 9
143 135 51
143 135 52
143 135 53
143 135 59
143 135 60
143 135 61
143 135 135
143 135 136
143 135 137
143 135 143
143 135 144
143 135 145
143 135 191
143 135 192
143 135 193
143 136 0
143 136 1
143 136 7
143 136 8
143 136 9
143 136 51
143 136 52
143 136 53
143 136 59
143 136 60
143 136 61
143 136 135
143 136 136
143 136 137
143 136 143
143 136 144
143 136 145
143 136 191
143 136 192
143 136 193
143 137 0
143 137 1
143 137 7
143 137 8
143 137 9
143 137 51
143 137 52
143 137 53
143 137 59
143 137 60
143 137 61
143 137 135
143 137 136
143 137 137
143 137 143
143 137 144
143 137 145
143 137 191
143 137 192
143 137 193
143 143 0
143 143 1
143 143 7
143 143 8
143 143 9
143 143 51
143 143 52
143 143 53
143 143 59
143 143 60
143 143 61
143 143 135
143 143 136
143 143 137
143 143 143
143 143 144
143 143 145
143 143 191
143 143 192
143 143 193
143 144 0
143 144 1
143 144 7
143 144 8
143 144 9
143 144 51
143 144 52
143 144 53
143 144 59
143 144 60
143 144 61
143 144 135
143 144 136
143 144 137
143 144 143
143 144 144
143 144 145
143 144 191
143 144 192
143 144 193
143 145 0
143 145 1
143 145 7
143 145 8
143 145 9
143 145 51
143 145 52
143 145 53
143 145 59
143 145 60
143 145 61
143 145 135
143 145 136
143 145 137
143 145 143
143 145 144
143 145 145
143 145 191
143 145 192
143 145 193
143 191 0
143 191 1
143 191 7
143 191 8
143 191 9
143 191 51
143 191 52
143 191 53
143 191 59
143 191 60
143 191 61
143 191 135
143 191 136
143 191 137
143 191 143
143 191 144
143 191 145
143 191 191
143 191 192
143 191 193
143 192 0
143 192 1
143 192 7
143 192 8
143 192 9
143 192 51
143 192 52
143 192 53
143 192 59
143 192 60
143 192 61
143 192 135
143 192 136
143 192 137
143 192 143
143 192 144
143 192 145
143 192 191
143 192 192
143 192 193
143 193 0
143 193 1
143 193 7
143 193 8
143 193 9
143 193 51
143 193 52
143 193 53
143 193 59
143 193 60
143 193 61
143 193 135
143 193 136
143 193 137
143 193 143
143 193 144
143 193 145
143 193 191
143 193 192
143 193 193
144 0 1
144 0 7
144 0 9
144 0 51
144 0 53
144 0 59
144 0 61
144 0 135
144 0 137
144 0 143
144 0 145
144 0 191
144 0 193
144 1 0
144 1 1
144 1 7
144 1 8
144 1 9
144 1 51
144 1 52
144 1 53
144 1 59
144 1 60
144 1 61
144 1 135
144 1 136
144 1 137
144 1 143
144 1 144
144 1 145
144 1 191
144 1 192
144 1 193
144 7 0
144 7 1
144 7 7
144 7 8
144 7 9
144 7 51
144 7 52
144 7 53
144 7 59
144 7 60
144 7 61
144 7 135
144 7 136
144 7 137
144 7 143
144 7 144
144 7 145
144 7 191
144 7 192
144 7 193
144 8 1
144 8 7
144 8 9
144 8 51
144 8 53
144 8 59
144 8 61
144 8 135
144 8 137
144 8 143
144 8 145
144 8 191
144 8 193
144 9 0
144 9 1
144 9 7
144 9 8
144 9 9
144 9 51
144 9 52
144 9 53
144 9 59
144 9 60
144 9 61
144 9 135
144 9 136
144 9 137
144 9 143
144 9 144
144 9 145
144 9 191
144 9 192
144 9 193
144 51 0
144 51 1
144 51 7
144 51 8
144 51 9
144 51 51
144 51 52
144 51 53
144 51 59
144 51 60
144 51 61
144 51 135
144 51 136
144 51 137
144 51 143
144 51 144
144 51 145
144 51 191
144 51 192
144 51 193
144 52 1
144 52 7
144 52 9
144 52 51
144 52 53
144 52 59
144 52 61
144 52 135
144 52 137
144 52 143
144 52 145
144 52 191
144 52 193
144 53 0
144 53 1
144 53 7
144 53 8
144 53 9
144 53 51
144 53 52
144 53 53
144 53 59
144 53 60
144 53 61
144 53 135
144 53 136
144 53 137
144 53 143
144 53 144
144 53 145
144 53 191
144 53 192
144 53 193
144 59 0
144 59 1
144 59 7
144 59 8
144 59 9
144 59 51
144 59 52
144 59 53
144 59 59
144 59 60
144 59 61
144 59 135
144 59 136
144 59 137
144 59 143
144 59 144
144 59 145
144 59 191
144 59 192
144 59 193
144 60 1
144 60 7
144 60 9
144 60 51
144 60 53
144 60 59
144 60 61
144 60 135
144 60 137
144 60 143
144 60 145
144 60 191
144 60 193
144 61 0
144 61 1
144 61 7
144 61 8
144 61 9
144 61 51
144 61 52
144 61 53
144 61 59
144 61 60
144 61 61
144 61 135
144 61 136
144 61 137
144 61 143
144 61 144
144 61 145
144 61 191
144 61 192
144 61 193
144 135 0
144 135 1
144 135 7
144 135 8
144 135 9
144 135 51
144 135 52
144 135 53
144 135 59
144 135 60
144 135 61
144 135 135
144 135 136
144 135 137
144 135 143
144 135 144
144 135 145
144 135 191
144 135 192
144 135 193
144 136 1
144 136 7
144 136 9
144 136 51
144 136 53
144 136 59
144 136 61
144 136 135
144 136 137
144 136 143
144 136 145
144 136 191
144 136 193
144 137 0
144 137 1
144 137 7
144 137 8
144 137 9
144 137 51
144 137 52
144 137 53
144 137 59
144 137 60
144 137 61
144 137 135
144 137 136
144 137 137
144 137 143
144 137 144
144 137 145
144 137 191
144 137 192
144 137 193
144 143 0
144 143 1
144 143 7
144 143 8
144 143 9
144 143 51
144 143 52
144 143 53
144 143 59
144 143 60
144 143 61
144 143 135
144 143 136
144 143 137
144 143 143
144 143 144
144 143 145
144 143 191
144 143 192
144 143 193
144 144 1
144 144 7
144 144 9
144 144 51
144 144 53
144 144 59
144 144 61
144 144 135
144 144 137
144 144 143
144 144 145
144 144 191
144 144 193
144 145 0
144 145 1
144 145 7
144 145 8
144 145 9
144 145 51
144 145 52
144 145 53
144 145 59
144 145 60
144 145 61
144 145 135
144 145 136
144 145 137
144 145 143
144 145 144
144 145 145
144 145 191
144 145 192
144 145 193
144 191 0
144 191 1
144 191 7
144 191 8
144 191 9
144 191 51
144 191 52
144 191 53
144 191 59
144 191 60
144 191 61
144 191 135
144 191 136
144 191 137
144 191 143
144 191 144
144 191 145
144 191 191
144 191 192
144 191 193
144 192 1
144 192 7
144 192 9
144 192 51
144 192 53
144 192 59
144 192 61
144 192 135
144 192 137
144 192 143
144 192 145
144 192 191
144 192 193
144 193 0
144 193 1
144 193 7
144 193 8
144 193 9
144 193 51
144 193 52
144 193 53
144 193 59
144 193 60
144 193 61
144 193 135
144 193 136
144 193 137
144 193 143
144 193 144
144 193 145
144 193 191
144 193 192
144 193 193
145 0 0
145 0 1
145 0 7
145 0 8
145 0 9
145 0 51
145 0 52
145 0 53
145 0 59
145 0 60
145 0 61
145 0 135
145 0 136
145 0 137
145 0 143
145 0 144
145 0 145
145 0 191
145 0 192
145 0 193
145 1 0
145 1 1
145 1 7
145 1 8
145 1 9
145 1 51
145 1 52
145 1 53
145 1 59
145 1 60
145 1 61
145 1 135
145 1 136
145 1 137
145 1 143
145 1 144
145 1 145
145 1 191
145 1 192
145 1 193
145 7 0
145 7 1
145 7 7
145 7 8
145 7 9
145 7 51
145 7 52
145 7 53
145 7 59
145 7 60
145 7 61
145 7 135
145 7 136
145 7 137
145 7 143
145 7 144
145 7 145
145 7 191
145 7 192
145 7 193
145 8 0
145 8 1
145 8 7
145 8 8
145 8 9
145 8 51
145 8 52
145 8 53
145 8 59
145 8 60
145 8 61
145 8 135
145 8 136
145 8 137
145 8 143
145 8 144
145 8 145
145 8 191
145 8 192
145 8 193
145 9 0
145 9 1
145 9 7
145 9 8
145 9 9
145 9 51
145 9 52
145 9 53
145 9 59
145 9 60
145 9 61
145 9 135
145 9 136
145 9 137
145 9 143
145 9 144
145 9 145
145 9 191
145 9 192
145 9 193
145 51 0
145 51 1
145 51 7
145 51 8
145 51 9
145 51 51
145 51 52
145 51 53
145 51 59
145 51 60
145 51 61
145 51 135
145 51 136
145 51 137
145 51 143
145 51 144
145 51 145
145 51 191
145 51 192
145 51 193
145 52 0
145 52 1
145 52 7
145 52 8
145 52 9
145 52 51
145 52 52
145 52 53
145 52 59
145 52 60
145 52 61
145 52 135
145 52 136
145 52 137
145 52 143
145 52 144
145 52 145
145 52 191
145 52 192
145 52 193
145 53 0
145 53 1
145 53 7
145 53 8
145 53 9
145 53 51
145 53 52
145 53 53
145 53 59
145 53 60
145 53 61
145 53 135
145 53 136
145 53 137
145 53 143
145 53 144
145 53 145
145 53 191
145 53 192
145 53 193
145 59 0
145 59 1
145 59 7
145 59 8
145 59 9
145 59 51
145 59 52
145 59 53
145 59 59
145 59 60
145 59 61
145 59 135
145 59 136
145 59 137
145 59 143
145 59 144
145 59 145
145 59 191
145 59 192
145 59 193
145 60 0
145 60 1
145 60 7
145 60 8
145 60 9
145 60 51
145 60 52
145 60 53
145 60 59
145 60 60
145 60 61
145 60 135
145 60 136
145 60 137
145 60 143
145 60 144
145 60 145
145 60 191
145 60 192
145 60 193
145 61 0
145 61 1
145 61 7
145 61 8
145 61 9
145 61 51
145 61 52
145 61 53
145 61 59
145 61 60
145 61 61
145 61 135
145 61 136
145 61 137
145 61 143
145 61 144
145 61 145
145 61 191
145 61 192
145 61 193
145 135 0
145 135 1
145 135 7
145 135 8
145 135 9
145 135 51
145 135 52
145 135 53
145 135 59
145 135 60
145 135 61
145 135 135
145 135 136
145 135 137
145 135 143
145 135 144
145 135 145
145 135 191
145 135 192
145 135 193
145 136 0
145 136 1
145 136 7
145 136 8
145 136 9
145 136 51
145 136 52
145 136 53
145 136 59
145 136 60
145 136 61
145 136 135
145 136 136
145 136 137
145 136 143
145 136 144
145 136 145
145 136 191
145 136 192
145 136 193
145 137 0
145 137 1
145 137 7
145 137 8
145 137 9
145 137 51
145 137 52
145 137 53
145 137 59
145 137 60
145 137 61
145 137 135
145 137 136
145 137 137
145 137 143
145 137 144
145 137 145
145 137 191
145 137 192
145 137 193
145 143 0
145 143 1
145 143 7
145 143 8
145 143 9
145 143 51
145 143 52
145 143 53
145 143 59
145 143 60
145 143 61
145 143 135
145 143 136
145 143 137
145 143 143
145 143 144
145 143 145
145 143 191
145 143 192
145 143 193
145 144 0
145 144 1
145 144 7
145 144 8
145 144 9
145 144 51
145 144 52
145 144 53
145 144 59
145 144 60
145 144 61
145 144 135
145 144 136
145 144 137
145 144 143
145 144 144
145 144 145
145 144 191
145 144 192
145 144 193
145 145 0
145 145 1
145 145 7
145 145 8
145 145 9
145 145 51
145 145 52
145 145 53
145 145 59
145 145 60
145 145 61
145 145 135
145 145 136
145 145 137
145 145 143
145 145 144
145 145 145
145 145 191
145 145 192
145 145 193
145 191 0
145 191 1
145 191 7
145 191 8
145 191 9
145 191 51
145 191 52
145 191 53
145 191 59
145 191 60
145 191 61
145 191 135
145 191 136
145 191 137
145 191 143
145 191 144
145 191 145
145 191 191
145 191 192
145 191 193
145 192 0
145 192 1
145 192 7
145 192 8
145 192 9
145 192 51
145 192 52
145 192 53
145 192 59
145 192 60
145 192 61
145 192 135
145 192 136
145 192 137
145 192 143
145 192 144
145 192 145
145 192 191
145 192 192
145 192 193
145 193 0
145 193 1
145 193 7
145 193 8
145 193 9
145 193 51
145 193 52
145 193 53
145 193 59
145 193 60
145 193 61
145 193 135
145 193 136
145 193 137
145 193 143
145 193 144
145 193 145
145 193 191
145 193 192
145 193 193
191 0 0
191 0 1
191 0 7
191 0 8
191 0 9
191 0 51
191 0 52
191 0 53
191 0 59
191 0 60
191 0 61
191 0 135
191 0 136
191 0 137
191 0 143
191 0 144
191 0 145
191 0 191
191 0 192
191 0 193
191 1 0
191 1 1
191 1 7
191 1 8
191 1 9
191 1 51
191 1 52
191 1 53
191 1 59
191 1 60
191 1 61
191 1 135
191 1 136
191 1 137
191 1 143
191 1 144
191 1 145
191 1 191
191 1 192
191 1 193
191 7 0
191 7 1
191 7 7
191 7 8
191 7 9
191 7 51
191 7 52
191 7 53
191 7 59
191 7 60
191 7 61
191 7 135
191 7 136
191 7 137
191 7 143
191 7 144
191 7 145
191 7 191
191 7 192
191 7 193
191 8 0
191 8 1
191 8 7
191 8 8
191 8 9
191 8 51
191 8 52
191 8 53
191 8 59
191 8 60
191 8 61
191 8 135
191 8 136
191 8 137
191 8 143
191 8 144
191 8 145
191 8 191
191 8 192
191 8 193
191 9 0
191 9 1
191 9 7
191 9 8
191 9 9
191 9 51
191 9 52
191 9 53
191 9 59
191 9 60
191 9 61
191 9 135
191 9 136
191 9 137
191 9 143
191 9 144
191 9 145
191 9 191
191 9 192
191 9 193
191 51 0
191 51 1
191 51 7
191 51 8
191 51 9
191 51 51
191 51 52
191 51 53
191 51 59
191 51 60
191 51 61
191 51 135
191 51 136
191 51 137
191 51 143
191 51 144
191 51 145
191 51 191
191 51 192
191 51 193
191 52 0
191 52 1
191 52 7
191 52 8
191 52 9
191 52 51
191 52 52
191 52 53
191 52 59
191 52 60
191 52 61
191 52 135
191 52 136
191 52 137
191 52 143
191 52 144
191 52 145
191 52 191
191 52 192
191 52 193
191 53 0
191 53 1
191 53 7
191 53 8
191 53 9
191 53 51
191 53 52
191 53 53
191 53 59
191 53 60
191 53 61
191 53 135
191 53 136
191 53 137
191 53 143
191 53 144
191 53 145
191 53 191
191 53 192
191 53 193
191 59 0
191 59 1
191 59 7
191 59 8
191 59 9
191 59 51
191 59 52
191 59 53
191 59 59
191 59 60
191 59 61
191 59 135
191 59 136
191 59 137
191 59 143
191 59 144
191 59 145
191 59 191
191 59 192
191 59 193
191 60 0
191 60 1
191 60 7
191 60 8
191 60 9
191 60 51
191 60 52
191 60 53
191 60 59
191 60 60
191 60 61
191 60 135
191 60 136
191 60 137
191 60 143
191 60 144
191 60 145
191 60 191
191 60 192
191 60 193
191 61 0
191 61 1
191 61 7
191 61 8
191 61 9
191 61 51
191 61 52
191 61 53
191 61 59
191 61 60
191 61 61
191 61 135
191 61 136
191 61 137
191 61 143
191 61 144
191 61 145
191 61 191
191 61 192
191 61 193
191 135 0
191 135 1
191 135 7
191 135 8
191 135 9
191 135 51
191 135 52
191 135 53
191 135 59
191 135 60
191 135 61
191 135 135
191 135 136
191 135 137
191 135 143
191 135 144
191 135 145
191 135 191
191 135 192
191 135 193
191 136 0
191 136 1
191 136 7
191 136 8
191 136 9
191 136 51
191 136 52
191 136 53
191 136 59
191 136 60
191 136 61
191 136 135
191 136 136
191 136 137
191 136 143
191 136 144
191 136 145
191 136 191
191 136 192
191 136 193
191 137 0
191 137 1
191 137 7
191 137 8
191 137 9
191 137 51
191 137 52
191 137 53
191 137 59
191 137 60
191 137 61
191 137 135
191 137 136
191 137 137
191 137 143
191 137 144
191 137 145
191 137 191
191 137 192
191 137 193
191 143 0
191 143 1
191 143 7
191 143 8
191 143 9
191 143 51
191 143 52
191 143 53
191 143 59
191 143 60
191 143 61
191 143 135
191 143 136
191 143 137
191 143 143
191 143 144
191 143 145
191 143 191
191 143 192
191 143 193
191 144 0
191 144 1
191 144 7
191 144 8
191 144 9
191 144 51
191 144 52
191 144 53
191 144 59
191 144 60
191 144 61
191 144 135
191 144 136
191 144 137
191 144 143
191 144 144
191 144 145
191 144 191
191 144 192
191 144 193
191 145 0
191 145 1
191 145 7
191 145 8
191 145 9
191 145 51
191 145 52
191 145 53
191 145 59
191 145 60
191 145 61
191 145 135
191 145 136
191 145 137
191 145 143
191 145 144
191 145 145
191 145 191
191 145 192
191 145 193
191 191 0
191 191 1
191 191 7
191 191 8
191 191 9
191 191 51
191 191 52
191 191 53
191 191 59
191 191 60
191 191 61
191 191 135
191 191 136
191 191 137
191 191 143
191 191 144
191 191 145
191 191 191
191 191 192
191 191 193
191 192 0
191 192 1
191 192 7
191 192 8
191 192 9
191 192 51
191 192 52
191 192 53
191 192 59
191 192 60
191 192 61
191 192 135
191 192 136
191 192 137
191 192 143
191 192 144
191 192 145
191 192 191
191 192 192
191 192 193
191 193 0
191 193 1
191 193 7
191 193 8
191 193 9
191 193 51
191 193 52
191 193 53
191 193 59
191 193 60
191 193 61
191 193 135
191 193 136
191 193 137
191 193 143
191 193 144
191 193 145
191 193 191
191 193 192
191 193 193
192 0 1
192 0 7
192 0 9
192 0 51
192 0 53
192 0 59
192 0 61
192 0 135
192 0 137
192 0 143
192 0 145
192 0 191
192 0 193
192 1 0
192 1 1
192 1 7
192 1 8
192 1 9
192 1 51
192 1 52
192 1 53
192 1 59
192 1 60
192 1 61
192 1 135
192 1 136
192 1 137
192 1 143
192 1 144
192 1 145
192 1 191
192 1 192
192 1 193
192 7 0
192 7 1
192 7 7
192 7 8
192 7 9
192 7 51
192 7 52
192 7 53
192 7 59
192 7 60
192 7 61
192 7 135
192 7 136
192 7 137
192 7 143
192 7 144
192 7 145
192 7 191
192 7 192
192 7 193
192 8 1
192 8 7
192 8 9
192 8 51
192 8 53
192 8 59
192 8 61
192 8 135
192 8 137
192 8 143
192 8 145
192 8 191
192 8 193
192 9 0
192 9 1
192 9 7
192 9 8
192 9 9
192 9 51
192 9 52
192 9 53
192 9 59
192 9 60
192 9 61
192 9 135
192 9 136
192 9 137
192 9 143
192 9 144
192 9 145
192 9 191
192 9 192
192 9 193
192 51 0
192 51 1
192 51 7
192 51 8
192 51 9
192 51 51
192 51 52
192 51 53
192 51 59
192 51 60
192 51 61
192 51 135
192 51 136
192 51 137
192 51 143
192 51 144
192 51 145
192 51 191
192 51 192
192 51 193
192 52 1
192 52 7
192 52 9
192 52 51
192 52 53
192 52 59
192 52 61
192 52 135
192 52 137
192 52 143
192 52 145
192 52 191
192 52 193
192 53 0
192 53 1
192 53 7
192 53 8
192 53 9
192 53 51
192 53 52
192 53 53
192 53 59
192 53 60
192 53 61
192 53 135
192 53 136
192 53 137
192 53 143
192 53 144
192 53 145
192 53 191
192 53 192
192 53 193
192 59 0
192 59 1
192 59 7
192 59 8
192 59 9
192 59 51
192 59 52
192 59 53
192 59 59
192 59 60
192 59 61
192 59 135
192 59 136
192 59 137
192 59 143
192 59 144
192 59 145
192 59 191
192 59 192
192 59 193
192 60 1
192 60 7
192 60 9
192 60 51
192 60 53
192 60 59
192 60 61
192 60 135
192 60 137
192 60 143
192 60 145
192 60 191
192 60 193
192 61 0
192 61 1
192 61 7
192 61 8
192 61 9
192 61 51
192 61 52
192 61 53
192 61 59
192 61 60
192 61 61
192 61 135
192 61 136
192 61 137
192 61 143
192 61 144
192 61 145
192 61 191
192 61 192
192 61 193
192 135 0
192 135 1
192 135 7
192 135 8
192 135 9
192 135 51
192 135 52
192 135 53
192 135 59
192 135 60
192 135 61
192 135 135
192 135 136
192 135 137
192 135 143
192 135 144
192 135 145
192 135 191
192 135 192
192 135 193
192 136 1
192 136 7
192 136 9
192 136 51
192 136 53
192 136 59
192 136 61
192 136 135
192 136 137
192 136 143
192 136 145
192 136 191
192 136 193
192 137 0
192 137 1
192 137 7
192 137 8
192 137 9
192 137 51
192 137 52
192 137 53
192 137 59
192 137 60
192 137 61
192 137 135
192 137 136
192 137 137
192 137 143
192 137 144
192 137 145
192 137 191
192 137 192
192 137 193
192 143 0
192 143 1
192 143 7
192 143 8
192 143 9
192 143 51
192 143 52
192 143 53
192 143 59
192 143 60
192 143 61
192 143 135
192 143 136
192 143 137
192 143 143
192 143 144
192 143 145
192 143 191
192 143 192
192 143 193
192 144 1
192 144 7
192 144 9
192 144 51
192 144 53
192 144 59
192 144 61
192 144 135
192 144 137
192 144 143
192 144 145
192 144 191
192 144 193
192 145 0
192 145 1
192 145 7
192 145 8
192 145 9
192 145 51
192 145 52
192 145 53
192 145 59
192 145 60
192 145 61
192 145 135
192 145 136
192 145 137
192 145 143
192 145 144
192 145 145
192 145 191
192 145 192
192 145 193
192 191 0
192 191 1
192 191 7
192 191 8
192 191 9
192 191 51
192 191 52
192 191 53
192 191 59
192 191 60
192 191 61
192 191 135
192 191 136
192 191 137
192 191 143
192 191 144
192 191 145
192 191 191
192 191 192
192 191 193
192 192 1
192 192 7
192 192 9
192 192 51
192 192 53
192 192 59
192 192 61
192 192 135
192 192 137
192 192 143
192 192 145
192 192 191
192 192 193
192 193 0
192 193 1
192 193 7
192 193 8
192 193 9
192 193 51
192 193 52
192 193 53
192 193 59
192 193 60
192 193 61
192 193 135
192 193 136
192 193 137
192 193 143
192 193 144
192 193 145
192 193 191
192 193 192
192 193 193
193 0 0
193 0 1
193 0 7
193 0 8
193 0 9
193 0 51
193 0 52
193 0 53
193 0 59
193 0 60
193 0 61
193 0 135
193 0 136
193 0 137
193 0 143
193 0 144
193 0 145
193 0 191
193 0 192
193 0 193
193 1 0
193 1 1
193 1 7
193 1 8
193 1 9
193 1 51
193 1 52
193 1 53
193 1 59
193 1 60
193 1 61
193 1 135
193 1 136
193 1 137
193 1 143
193 1 144
193 1 145
193 1 191
193 1 192
193 1 193
193 7 0
193 7 1
193 7 7
193 7 8
193 7 9
193 7 51
193 7 52
193 7 53
193 7 59
193 7 60
193 7 61
193 7 135
193 7 136
193 7 137
193 7 143
193 7 144
193 7 145
193 7 191
193 7 192
193 7 193
193 8 0
193 8 1
193 8 7
193 8 8
193 8 9
193 8 51
193 8 52
193 8 53
193 8 59
193 8 60
193 8 61
193 8 135
193 8 136
193 8 137
193 8 143
193 8 144
193 8 145
193 8 191
193 8 192
193 8 193
193 9 0
193 9 1
193 9 7
193 9 8
193 9 9
193 9 51
193 9 52
193 9 53
193 9 59
193 9 60
193 9 61
193 9 135
193 9 136
193 9 137
193 9 143
193 9 144
193 9 145
193 9 191
193 9 192
193 9 193
193 51 0
193 51 1
193 51 7
193 51 8
193 51 9
193 51 51
193 51 52
193 51 53
193 51 59
193 51 60
193 51 61
193 51 135
193 51 136
193 51 137
193 51 143
193 51 144
193 51 145
193 51 191
193 51 192
193 51 193
193 52 0
193 52 1
193 52 7
193 52 8
193 52 9
193 52 51
193 52 52
193 52 53
193 52 59
193 52 60
193 52 61
193 52 135
193 52 136
193 52 137
193 52 143
193 52 144
193 52 145
193 52 191
193 52 192
193 52 193
193 53 0
193 53 1
193 53 7
193 53 8
193 53 9
193 53 51
193 53 52
193 53 53
193 53 59
193 53 60
193 53 61
193 53 135
193 53 136
193 53 137
193 53 143
193 53 144
193 53 145
193 53 191
193 53 192
193 53 193
193 59 0
193 59 1
193 59 7
193 59 8
193 59 9
193 59 51
193 59 52
193 59 53
193 59 59
193 59 60
193 59 61
193 59 135
193 59 136
193 59 137
193 59 143
193 59 144
193 59 145
193 59 191
193 59 192
193 59 193
193 60 0
193 60 1
193 60 7
193 60 8
193 60 9
193 60 51
193 60 52
193 60 53
193 60 59
193 60 60
193 60 61
193 60 135
193 60 136
193 60 137
193 60 143
193 60 144
193 60 145
193 60 191
193 60 192
193 60 193
193 61 0
193 61 1
193 61 7
193 61 8
193 61 9
193 61 51
193 61 52
193 61 53
193 61 59
193 61 60
193 61 61
193 61 135
193 61 136
193 61 137
193 61 143
193 61 144
193 61 145
193 61 191
193 61 192
193 61 193
193 135 0
193 135 1
193 135 7
193 135 8
193 135 9
193 135 51
193 135 52
193 135 53
193 135 59
193 135 60
193 135 61
193 135 135
193 135 136
193 135 137
193 135 143
193 135 144
193 135 145
193 135 191
193 135 192
193 135 193
193 136 0
193 136 1
193 136 7
193 136 8
193 136 9
193 136 51
193 136 52
193 136 53
193 136 59
193 136 60
193 136 61
193 136 135
193 136 136
193 136 137
193 136 143
193 136 144
193 136 145
193 136 191
193 136 192
193 136 193
193 137 0
193 137 1
193 137 7
193 137 8
193 137 9
193 137 51
193 137 52
193 137 53
193 137 59
193 137 60
193 137 61
193 137 135
193 137 136
193 137 137
193 137 143
193 137 144
193 137 145
193 137 191
193 137 192
193 137 193
193 143 0
193 143 1
193 143 7
193 143 8
193 143 9
193 143 51
193 143 52
193 143 53
193 143 59
193 143 60
193 143 61
193 143 135
193 143 136
193 143 137
193 143 143
193 143 144
193 143 145
193 143 191
193 143 192
193 143 193
193 144 0
193 144 1
193 144 7
193 144 8
193 144 9
193 144 51
193 144 52
193 144 53
193 144 59
193 144 60
193 144 61
193 144 135
193 144 136
193 144 137
193 144 143
193 144 144
193 144 145
193 144 191
193 144 192
193 144 193
193 145 0
193 145 1
193 145 7
193 145 8
193 145 9
193 145 51
193 145 52
193 145 53
193 145 59
193 145 60
193 145 61
193 145 135
193 145 136
193 145 137
193 145 143
193 145 144
193 145 145
193 145 191
193 145 192
193 145 193
193 191 0
193 191 1
193 191 7
193 191 8
193 191 9
193 191 51
193 191 52
193 191 53
193 191 59
193 191 60
193 191 61
193 191 135
193 191 136
193 191 137
193 191 143
193 191 144
193 191 145
193 191 191
193 191 192
193 191 193
193 192 0
193 192 1
193 192 7
193 192 8
193 192 9
193 192 51
193 192 52
193 192 53
193 192 59
193 192 60
193 192 61
193 192 135
193 192 136
193 192 137
193 192 143
193 192 144
193 192 145
193 192 191
193 192 192
193 192 193
193 193 0
193 193 1
193 193 7
193 193 8
193 193 9
193 193 51
193 193 52
193 193 53
193 193 59
193 193 60
193 193 61
193 193 135
193 193 136
193 193 137
193 193 143
193 193 144
193 193 145
193 193 191
193 193 192
193 193 193
