200
28 28 28
28 28 44
28 28 80
28 28 96
28 28 100
28 28 116
28 28 156
28 28 172
28 44 28
28 44 44
28 44 80
28 44 96
28 44 100
28 44 116
28 44 156
28 44 172
28 80 28
28 80 44
28 80 80
28 80 96
28 80 100
28 80 116
28 80 156
28 80 172
28 96 28
28 96 44
28 96 80
28 96 96
28 96 100
28 96 116
28 96 156
28 96 172
28 100 28
28 100 44
28 100 80
28 100 96
28 100 100
28 100 116
28 100 156
28 100 172
28 116 28
28 116 44
28 116 80
28 116 96
28 116 100
28 116 116
28 116 156
28 116 172
28 156 28
28 156 44
28 156 80
28 156 96
28 156 100
28 156 116
28 156 156
28 156 172
28 172 28
28 172 44
28 172 80
28 172 96
28 172 100
28 172 116
28 172 156
28 172 172
44 28 28
44 28 44
44 28 80
44 28 96
44 28 100
44 28 116
44 28 156
44 28 172
44 44 28
44 44 44
44 44 80
44 44 96
44 44 100
44 44 116
44 44 156
44 44 172
44 80 28
44 80 44
44 80 80
44 80 96
44 80 100
44 80 116
44 80 156
44 80 172
44 96 28
44 96 44
44 96 80
44 96 96
44 96 100
44 96 116
44 96 156
44 96 172
44 100 28
44 100 44
44 100 80
44 100 96
44 100 100
44 100 116
44 100 156
44 100 172
44 116 28
44 116 44
44 116 80
44 116 96
44 116 100
44 116 116
44 116 156
44 116 172
44 156 28
44 156 44
44 156 80
44 156 96
44 156 100
44 156 116
44 156 156
44 156 172
44 172 28
44 172 44
44 172 80
44 172 96
44 172 100
44 172 116
44 172 156
44 172 172
80 28 28
80 28 44
80 28 80
80 28 96
80 28 100
80 28 116
80 28 156
80 28 172
80 44 28
80 44 44
80 44 80
80 44 96
80 44 100
80 44 116
80 44 156
80 44 172
80 80 28
80 80 44
80 80 80
80 80 96
80 80 100
80 80 116
80 80 156
80 80 172
80 96 28
80 96 44
80 96 80
80 96 96
80 96 100
80 96 116
80 96 156
80 96 172
80 100 28
80 100 44
80 100 80
80 100 96
80 100 100
80 100 116
80 100 156
80 100 172
80 116 28
80 116 44
80 116 80
80 116 96
80 116 100
80 116 116
80 116 156
80 116 172
80 156 28
80 156 44
80 156 80
80 156 96
80 156 100
80 156 116
80 156 156
80 156 172
80 172 28
80 172 44
80 172 80
80 172 96
80 172 100
80 172 116
80 172 156
80 172 172
96 28 28
96 28 44
96 28 80
96 28 96
96 28 100
96 28 116
96 28 156
96 28 172
96 44 28
96 44 44
96 44 80
96 44 96
96 44 100
96 44 116
96 44 156
96 44 172
96 80 28
96 80 44
96 80 80
96 80 96
96 80 100
96 80 116
96 80 156
96 80 172
96 96 28
96 96 44
96 96 80
96 96 96
96 96 100
96 96 116
96 96 156
96 96 172
96 100 28
96 100 44
96 100 80
96 100 96
96 100 100
96 100 116
96 100 156
96 100 172
96 116 28
96 116 44
96 116 80
96 116 96
96 116 100
96 116 116
96 116 156
96 116 172
96 156 28
96 156 44
96 156 80
96 156 96
96 156 100
96 156 116
96 156 156
96 156 172
96 172 28
96 172 44
96 172 80
96 172 96
96 172 100
96 172 116
96 172 156
96 172 172
100 28 28
100 28 44
100 28 80
100 28 96
100 28 100
100 28 116
100 28 156
100 28 172
100 44 28
100 44 44
100 44 80
100 44 96
100 44 100
100 44 116
100 44 156
100 44 172
100 80 28
100 80 44
100 80 80
100 80 96
100 80 100
100 80 116
100 80 156
100 80 172
100 96 28
100 96 44
100 96 80
100 96 96
100 96 100
100 96 116
100 96 156
100 96 172
100 100 28
100 100 44
100 100 80
100 100 96
100 100 100
100 100 116
100 100 156
100 100 172
100 116 28
100 116 44
100 116 80
100 116 96
100 116 100
100 116 116
100 116 156
100 116 172
100 156 28
100 156 44
100 156 80
100 156 96
100 156 100
100 156 116
100 156 156
100 156 172
100 172 28
100 172 44
100 172 80
100 172 96
100 172 100
100 172 116
100 172 156
100 172 172
116 28 28
116 28 44
116 28 80
116 28 96
116 28 100
116 28 116
116 28 156
116 28 172
116 44 28
116 44 44
116 44 80
116 44 96
116 44 100
116 44 116
116 44 156
116 44 172
116 80 28
116 80 44
116 80 80
116 80 96
116 80 100
116 80 116
116 80 156
116 80 172
116 96 28
116 96 44
116 96 80
116 96 96
116 96 100
116 96 116
116 96 156
116 96 172
116 100 28
116 100 44
116 100 80
116 100 96
116 100 100
116 100 116
116 100 156
116 100 172
116 116 28
116 116 44
116 116 80
116 116 96
116 116 100
116 116 116
116 116 156
116 116 172
116 156 28
116 156 44
116 156 80
116 156 96
116 156 100
116 156 116
116 156 156
116 156 172
116 172 28
116 172 44
116 172 80
116 172 96
116 172 100
116 172 116
116 172 156
116 172 172
156 28 28
156 28 44
156 28 80
156 28 96
156 28 100
156 28 116
156 28 156
156 28 172
156 44 28
156 44 44
156 44 80
156 44 96
156 44 100
156 44 116
156 44 156
156 44 172
156 80 28
156 80 44
156 80 80
156 80 96
156 80 100
156 80 116
156 80 156
156 80 172
156 96 28
156 96 44
156 96 80
156 96 96
156 96 100
156 96 116
156 96 156
156 96 172
156 100 28
156 100 44
156 100 80
156 100 96
156 100 100
156 100 116
156 100 156
156 100 172
156 116 28
156 116 44
156 116 80
156 116 96
156 116 100
156 116 116
156 116 156
156 116 172
156 156 28
156 156 44
156 156 80
156 156 96
156 156 100
156 156 116
156 156 156
156 156 172
156 172 28
156 172 44
156 172 80
156 172 96
156 172 100
156 172 116
156 172 156
156 172 172
172 28 28
172 28 44
172 28 80
172 28 96
172 28 100
172 28 116
172 28 156
172 28 172
172 44 28
172 44 44
172 44 80
172 44 96
172 44 100
172 44 116
172 44 156
172 44 172
172 80 28
172 80 44
172 80 80
172 80 96
172 80 100
172 80 116
172 80 156
172 80 172
172 96 28
172 96 44
172 96 80
172 96 96
172 96 100
172 96 116
172 96 156
172 96 172
172 100 28
172 100 44
172 100 80
172 100 96
172 100 100
172 100 116
172 100 156
172 100 172
172 116 28
172 116 44
172 116 80
172 116 96
172 116 100
172 116 116
172 116 156
172 116 172
172 156 28
172 156 44
172 156 80
172 156 96
172 156 100
172 156 116
172 156 156
172 156 172
172 172 28
172 172 44
172 172 80
172 172 96
172 172 100
172 172 116
172 172 156
172 172 172
