200
0 0 0
0 0 12
0 0 16
0 0 28
0 0 44
0 0 60
0 0 76
0 0 92
0 0 108
0 0 124
0 0 140
0 0 156
0 0 172
0 0 180
0 0 188
0 0 196
0 12 0
0 12 12
0 12 16
0 12 28
0 12 44
0 12 60
0 12 76
0 12 92
0 12 108
0 12 124
0 12 140
0 12 156
0 12 172
0 12 180
0 12 188
0 12 196
0 16 0
0 16 12
0 16 16
0 16 28
0 16 44
0 16 60
0 16 76
0 16 92
0 16 108
0 16 124
0 16 140
0 16 156
0 16 172
0 16 180
0 16 188
0 16 196
0 28 0
0 28 12
0 28 16
0 28 28
0 28 44
0 28 60
0 28 76
0 28 92
0 28 108
0 28 124
0 28 140
0 28 156
0 28 172
0 28 180
0 28 188
0 28 196
0 44 0
0 44 12
0 44 16
0 44 28
0 44 44
0 44 60
0 44 76
0 44 92
0 44 108
0 44 124
0 44 140
0 44 156
0 44 172
0 44 180
0 44 188
0 44 196
0 60 0
0 60 12
0 60 16
0 60 28
0 60 44
0 60 60
0 60 76
0 60 92
0 60 108
0 60 124
0 60 140
0 60 156
0 60 172
0 60 180
0 60 188
0 60 196
0 76 0
0 76 12
0 76 16
0 76 28
0 76 44
0 76 60
0 76 76
0 76 92
0 76 108
0 76 124
0 76 140
0 76 156
0 76 172
0 76 180
0 76 188
0 76 196
0 92 0
0 92 12
0 92 16
0 92 28
0 92 44
0 92 60
0 92 76
0 92 92
0 92 108
0 92 124
0 92 140
0 92 156
0 92 172
0 92 180
0 92 188
0 92 196
0 108 0
0 108 12
0 108 16
0 108 28
0 108 44
0 108 60
0 108 76
0 108 92
0 108 108
0 108 124
0 108 140
0 108 156
0 108 172
0 108 180
0 108 188
0 108 196
0 124 0
0 124 12
0 124 16
0 124 28
0 124 44
0 124 60
0 124 76
0 124 92
0 124 108
0 124 124
0 124 140
0 124 156
0 124 172
0 124 180
0 124 188
0 124 196
0 140 0
0 140 12
0 140 16
0 140 28
0 140 44
0 140 60
0 140 76
0 140 92
0 140 108
0 140 124
0 140 140
0 140 156
0 140 172
0 140 180
0 140 188
0 140 196
0 156 0
0 156 12
0 156 16
0 156 28
0 156 44
0 156 60
0 156 76
0 156 92
0 156 108
0 156 124
0 156 140
0 156 156
0 156 172
0 156 180
0 156 188
0 156 196
0 172 0
0 172 12
0 172 16
0 172 28
0 172 44
0 172 60
0 172 76
0 172 92
0 172 108
0 172 124
0 172 140
0 172 156
0 172 172
0 172 180
0 172 188
0 172 196
0 180 0
0 180 12
0 180 16
0 180 28
0 180 44
0 180 60
0 180 76
0 180 92
0 180 108
0 180 124
0 180 140
0 180 156
0 180 172
0 180 180
0 180 188
0 180 196
0 188 0
0 188 12
0 188 16
0 188 28
0 188 44
0 188 60
0 188 76
0 188 92
0 188 108
0 188 124
0 188 140
0 188 156
0 188 172
0 188 180
0 188 188
0 188 196
0 196 0
0 196 12
0 196 16
0 196 28
0 196 44
0 196 60
0 196 76
0 196 92
0 196 108
0 196 124
0 196 140
0 196 156
0 196 172
0 196 180
0 196 188
0 196 196
12 0 0
12 0 12
12 0 16
12 0 28
12 0 44
12 0 60
12 0 76
12 0 92
12 0 108
12 0 124
12 0 140
12 0 156
12 0 172
12 0 180
12 0 188
12 0 196
12 12 0
12 12 12
12 12 16
12 12 28
12 12 44
12 12 60
12 12 76
12 12 92
12 12 108
12 12 124
12 12 140
12 12 156
12 12 172
12 12 180
12 12 188
12 12 196
12 16 0
12 16 12
12 16 16
12 16 28
12 16 44
12 16 60
12 16 76
12 16 92
12 16 108
12 16 124
12 16 140
12 16 156
12 16 172
12 16 180
12 16 188
12 16 196
12 28 0
12 28 12
12 28 16
12 28 28
12 28 44
12 28 60
12 28 76
12 28 92
12 28 108
12 28 124
12 28 140
12 28 156
12 28 172
12 28 180
12 28 188
12 28 196
12 44 0
12 44 12
12 44 16
12 44 28
12 44 44
12 44 60
12 44 76
12 44 92
12 44 108
12 44 124
12 44 140
12 44 156
12 44 172
12 44 180
12 44 188
12 44 196
12 60 0
12 60 12
12 60 16
12 60 28
12 60 44
12 60 60
12 60 76
12 60 92
12 60 108
12 60 124
12 60 140
12 60 156
12 60 172
12 60 180
12 60 188
12 60 196
12 76 0
12 76 12
12 76 16
12 76 28
12 76 44
12 76 60
12 76 76
12 76 92
12 76 108
12 76 124
12 76 140
12 76 156
12 76 172
12 76 180
12 76 188
12 76 196
12 92 0
12 92 12
12 92 16
12 92 28
12 92 44
12 92 60
12 92 76
12 92 92
12 92 108
12 92 124
12 92 140
12 92 156
12 92 172
12 92 180
12 92 188
12 92 196
12 108 0
12 108 12
12 108 16
12 108 28
12 108 44
12 108 60
12 108 76
12 108 92
12 108 108
12 108 124
12 108 140
12 108 156
12 108 172
12 108 180
12 108 188
12 108 196
12 124 0
12 124 12
12 124 16
12 124 28
12 124 44
12 124 60
12 124 76
12 124 92
12 124 108
12 124 124
12 124 140
12 124 156
12 124 172
12 124 180
12 124 188
12 124 196
12 140 0
12 140 12
12 140 16
12 140 28
12 140 44
12 140 60
12 140 76
12 140 92
12 140 108
12 140 124
12 140 140
12 140 156
12 140 172
12 140 180
12 140 188
12 140 196
12 156 0
12 156 12
12 156 16
12 156 28
12 156 44
12 156 60
12 156 76
12 156 92
12 156 108
12 156 124
12 156 140
12 156 156
12 156 172
12 156 180
12 156 188
12 156 196
12 172 0
12 172 12
12 172 16
12 172 28
12 172 44
12 172 60
12 172 76
12 172 92
12 172 108
12 172 124
12 172 140
12 172 156
12 172 172
12 172 180
12 172 188
12 172 196
12 180 0
12 180 12
12 180 16
12 180 28
12 180 44
12 180 60
12 180 76
12 180 92
12 180 108
12 180 124
12 180 140
12 180 156
12 180 172
12 180 180
12 180 188
12 180 196
12 188 0
12 188 12
12 188 16
12 188 28
12 188 44
12 188 60
12 188 76
12 188 92
12 188 108
12 188 124
12 188 140
12 188 156
12 188 172
12 188 180
12 188 188
12 188 196
12 196 0
12 196 12
12 196 16
12 196 28
12 196 44
12 196 60
12 196 76
12 196 92
12 196 108
12 196 124
12 196 140
12 196 156
12 196 172
12 196 180
12 196 188
12 196 196
16 0 0
16 0 12
16 0 16
16 0 28
16 0 44
16 0 60
16 0 76
16 0 92
16 0 108
16 0 124
16 0 140
16 0 156
16 0 172
16 0 180
16 0 188
16 0 196
16 12 0
16 12 12
16 12 16
16 12 28
16 12 44
16 12 60
16 12 76
16 12 92
16 12 108
16 12 124
16 12 140
16 12 156
16 12 172
16 12 180
16 12 188
16 12 196
16 16 0
16 16 12
16 16 16
16 16 28
16 16 44
16 16 60
16 16 76
16 16 92
16 16 108
16 16 124
16 16 140
16 16 156
16 16 172
16 16 180
16 16 188
16 16 196
16 28 0
16 28 12
16 28 16
16 28 28
16 28 44
16 28 60
16 28 76
16 28 92
16 28 108
16 28 124
16 28 140
16 28 156
16 28 172
16 28 180
16 28 188
16 28 196
16 44 0
16 44 12
16 44 16
16 44 28
16 44 44
16 44 60
16 44 76
16 44 92
16 44 108
16 44 124
16 44 140
16 44 156
16 44 172
16 44 180
16 44 188
16 44 196
16 60 0
16 60 12
16 60 16
16 60 28
16 60 44
16 60 60
16 60 76
16 60 92
16 60 108
16 60 124
16 60 140
16 60 156
16 60 172
16 60 180
16 60 188
16 60 196
16 76 0
16 76 12
16 76 16
16 76 28
16 76 44
16 76 60
16 76 76
16 76 92
16 76 108
16 76 124
16 76 140
16 76 156
16 76 172
16 76 180
16 76 188
16 76 196
16 92 0
16 92 12
16 92 16
16 92 28
16 92 44
16 92 60
16 92 76
16 92 92
16 92 108
16 92 124
16 92 140
16 92 156
16 92 172
16 92 180
16 92 188
16 92 196
16 108 0
16 108 12
16 108 16
16 108 28
16 108 44
16 108 60
16 108 76
16 108 92
16 108 108
16 108 124
16 108 140
16 108 156
16 108 172
16 108 180
16 108 188
16 108 196
16 124 0
16 124 12
16 124 16
16 124 28
16 124 44
16 124 60
16 124 76
16 124 92
16 124 108
16 124 124
16 124 140
16 124 156
16 124 172
16 124 180
16 124 188
16 124 196
16 140 0
16 140 12
16 140 16
16 140 28
16 140 44
16 140 60
16 140 76
16 140 92
16 140 108
16 140 124
16 140 140
16 140 156
16 140 172
16 140 180
16 140 188
16 140 196
16 156 0
16 156 12
16 156 16
16 156 28
16 156 44
16 156 60
16 156 76
16 156 92
16 156 108
16 156 124
16 156 140
16 156 156
16 156 172
16 156 180
16 156 188
16 156 196
16 172 0
16 172 12
16 172 16
16 172 28
16 172 44
16 172 60
16 172 76
16 172 92
16 172 108
16 172 124
16 172 140
16 172 156
16 172 172
16 172 180
16 172 188
16 172 196
16 180 0
16 180 12
16 180 16
16 180 28
16 180 44
16 180 60
16 180 76
16 180 92
16 180 108
16 180 124
16 180 140
16 180 156
16 180 172
16 180 180
16 180 188
16 180 196
16 188 0
16 188 12
16 188 16
16 188 28
16 188 44
16 188 60
16 188 76
16 188 92
16 188 108
16 188 124
16 188 140
16 188 156
16 188 172
16 188 180
16 188 188
16 188 196
16 196 0
16 196 12
16 196 16
16 196 28
16 196 44
16 196 60
16 196 76
16 196 92
16 196 108
16 196 124
16 196 140
16 196 156
16 196 172
16 196 180
16 196 188
16 196 196
28 0 0
28 0 12
28 0 16
28 0 28
28 0 44
28 0 60
28 0 76
28 0 92
28 0 108
28 0 124
28 0 140
28 0 156
28 0 172
28 0 180
28 0 188
28 0 196
28 12 0
28 12 12
28 12 16
28 12 28
28 12 44
28 12 60
28 12 76
28 12 92
28 12 108
28 12 124
28 12 140
28 12 156
28 12 172
28 12 180
28 12 188
28 12 196
28 16 0
28 16 12
28 16 16
28 16 28
28 16 44
28 16 60
28 16 76
28 16 92
28 16 108
28 16 124
28 16 140
28 16 156
28 16 172
28 16 180
28 16 188
28 16 196
28 28 0
28 28 12
28 28 16
28 28 28
28 28 44
28 28 60
28 28 76
28 28 92
28 28 108
28 28 124
28 28 140
28 28 156
28 28 172
28 28 180
28 28 188
28 28 196
28 44 0
28 44 12
28 44 16
28 44 28
28 44 44
28 44 60
28 44 76
28 44 92
28 44 108
28 44 124
28 44 140
28 44 156
28 44 172
28 44 180
28 44 188
28 44 196
28 60 0
28 60 12
28 60 16
28 60 28
28 60 44
28 60 60
28 60 76
28 60 92
28 60 108
28 60 124
28 60 140
28 60 156
28 60 172
28 60 180
28 60 188
28 60 196
28 76 0
28 76 12
28 76 16
28 76 28
28 76 44
28 76 60
28 76 76
28 76 92
28 76 108
28 76 124
28 76 140
28 76 156
28 76 172
28 76 180
28 76 188
28 76 196
28 92 0
28 92 12
28 92 16
28 92 28
28 92 44
28 92 60
28 92 76
28 92 92
28 92 108
28 92 124
28 92 140
28 92 156
28 92 172
28 92 180
28 92 188
28 92 196
28 108 0
28 108 12
28 108 16
28 108 28
28 108 44
28 108 60
28 108 76
28 108 92
28 108 108
28 108 124
28 108 140
28 108 156
28 108 172
28 108 180
28 108 188
28 108 196
28 124 0
28 124 12
28 124 16
28 124 28
28 124 44
28 124 60
28 124 76
28 124 92
28 124 108
28 124 124
28 124 140
28 124 156
28 124 172
28 124 180
28 124 188
28 124 196
28 140 0
28 140 12
28 140 16
28 140 28
28 140 44
28 140 60
28 140 76
28 140 92
28 140 108
28 140 124
28 140 140
28 140 156
28 140 172
28 140 180
28 140 188
28 140 196
28 156 0
28 156 12
28 156 16
28 156 28
28 156 44
28 156 60
28 156 76
28 156 92
28 156 108
28 156 124
28 156 140
28 156 156
28 156 172
28 156 180
28 156 188
28 156 196
28 172 0
28 172 12
28 172 16
28 172 28
28 172 44
28 172 60
28 172 76
28 172 92
28 172 108
28 172 124
28 172 140
28 172 156
28 172 172
28 172 180
28 172 188
28 172 196
28 180 0
28 180 12
28 180 16
28 180 28
28 180 44
28 180 60
28 180 76
28 180 92
28 180 108
28 180 124
28 180 140
28 180 156
28 180 172
28 180 180
28 180 188
28 180 196
28 188 0
28 188 12
28 188 16
28 188 28
28 188 44
28 188 60
28 188 76
28 188 92
28 188 108
28 188 124
28 188 140
28 188 156
28 188 172
28 188 180
28 188 188
28 188 196
28 196 0
28 196 12
28 196 16
28 196 28
28 196 44
28 196 60
28 196 76
28 196 92
28 196 108
28 196 124
28 196 140
28 196 156
28 196 172
28 196 180
28 196 188
28 196 196
44 0 0
44 0 12
44 0 16
44 0 28
44 0 44
44 0 60
44 0 76
44 0 92
44 0 108
44 0 124
44 0 140
44 0 156
44 0 172
44 0 180
44 0 188
44 0 196
44 12 0
44 12 12
44 12 16
44 12 28
44 12 44
44 12 60
44 12 76
44 12 92
44 12 108
44 12 124
44 12 140
44 12 156
44 12 172
44 12 180
44 12 188
44 12 196
44 16 0
44 16 12
44 16 16
44 16 28
44 16 44
44 16 60
44 16 76
44 16 92
44 16 108
44 16 124
44 16 140
44 16 156
44 16 172
44 16 180
44 16 188
44 16 196
44 28 0
44 28 12
44 28 16
44 28 28
44 28 44
44 28 60
44 28 76
44 28 92
44 28 108
44 28 124
44 28 140
44 28 156
44 28 172
44 28 180
44 28 188
44 28 196
44 44 0
44 44 12
44 44 16
44 44 28
44 44 44
44 44 60
44 44 76
44 44 92
44 44 108
44 44 124
44 44 140
44 44 156
44 44 172
44 44 180
44 44 188
44 44 196
44 60 0
44 60 12
44 60 16
44 60 28
44 60 44
44 60 60
44 60 76
44 60 92
44 60 108
44 60 124
44 60 140
44 60 156
44 60 172
44 60 180
44 60 188
44 60 196
44 76 0
44 76 12
44 76 16
44 76 28
44 76 44
44 76 60
44 76 76
44 76 92
44 76 108
44 76 124
44 76 140
44 76 156
44 76 172
44 76 180
44 76 188
44 76 196
44 92 0
44 92 12
44 92 16
44 92 28
44 92 44
44 92 60
44 92 76
44 92 92
44 92 108
44 92 124
44 92 140
44 92 156
44 92 172
44 92 180
44 92 188
44 92 196
44 108 0
44 108 12
44 108 16
44 108 28
44 108 44
44 108 60
44 108 76
44 108 92
44 108 108
44 108 124
44 108 140
44 108 156
44 108 172
44 108 180
44 108 188
44 108 196
44 124 0
44 124 12
44 124 16
44 124 28
44 124 44
44 124 60
44 124 76
44 124 92
44 124 108
44 124 124
44 124 140
44 124 156
44 124 172
44 124 180
44 124 188
44 124 196
44 140 0
44 140 12
44 140 16
44 140 28
44 140 44
44 140 60
44 140 76
44 140 92
44 140 108
44 140 124
44 140 140
44 140 156
44 140 172
44 140 180
44 140 188
44 140 196
44 156 0
44 156 12
44 156 16
44 156 28
44 156 44
44 156 60
44 156 76
44 156 92
44 156 108
44 156 124
44 156 140
44 156 156
44 156 172
44 156 180
44 156 188
44 156 196
44 172 0
44 172 12
44 172 16
44 172 28
44 172 44
44 172 60
44 172 76
44 172 92
44 172 108
44 172 124
44 172 140
44 172 156
44 172 172
44 172 180
44 172 188
44 172 196
44 180 0
44 180 12
44 180 16
44 180 28
44 180 44
44 180 60
44 180 76
44 180 92
44 180 108
44 180 124
44 180 140
44 180 156
44 180 172
44 180 180
44 180 188
44 180 196
44 188 0
44 188 12
44 188 16
44 188 28
44 188 44
44 188 60
44 188 76
44 188 92
44 188 108
44 188 124
44 188 140
44 188 156
44 188 172
44 188 180
44 188 188
44 188 196
44 196 0
44 196 12
44 196 16
44 196 28
44 196 44
44 196 60
44 196 76
44 196 92
44 196 108
44 196 124
44 196 140
44 196 156
44 196 172
44 196 180
44 196 188
44 196 196
60 0 0
60 0 12
60 0 16
60 0 28
60 0 44
60 0 60
60 0 76
60 0 92
60 0 108
60 0 124
60 0 140
60 0 156
60 0 172
60 0 180
60 0 188
60 0 196
60 12 0
60 12 12
60 12 16
60 12 28
60 12 44
60 12 60
60 12 76
60 12 92
60 12 108
60 12 124
60 12 140
60 12 156
60 12 172
60 12 180
60 12 188
60 12 196
60 16 0
60 16 12
60 16 16
60 16 28
60 16 44
60 16 60
60 16 76
60 16 92
60 16 108
60 16 124
60 16 140
60 16 156
60 16 172
60 16 180
60 16 188
60 16 196
60 28 0
60 28 12
60 28 16
60 28 28
60 28 44
60 28 60
60 28 76
60 28 92
60 28 108
60 28 124
60 28 140
60 28 156
60 28 172
60 28 180
60 28 188
60 28 196
60 44 0
60 44 12
60 44 16
60 44 28
60 44 44
60 44 60
60 44 76
60 44 92
60 44 108
60 44 124
60 44 140
60 44 156
60 44 172
60 44 180
60 44 188
60 44 196
60 60 0
60 60 12
60 60 16
60 60 28
60 60 44
60 60 60
60 60 76
60 60 92
60 60 108
60 60 124
60 60 140
60 60 156
60 60 172
60 60 180
60 60 188
60 60 196
60 76 0
60 76 12
60 76 16
60 76 28
60 76 44
60 76 60
60 76 76
60 76 92
60 76 108
60 76 124
60 76 140
60 76 156
60 76 172
60 76 180
60 76 188
60 76 196
60 92 0
60 92 12
60 92 16
60 92 28
60 92 44
60 92 60
60 92 76
60 92 92
60 92 108
60 92 124
60 92 140
60 92 156
60 92 172
60 92 180
60 92 188
60 92 196
60 108 0
60 108 12
60 108 16
60 108 28
60 108 44
60 108 60
60 108 76
60 108 92
60 108 108
60 108 124
60 108 140
60 108 156
60 108 172
60 108 180
60 108 188
60 108 196
60 124 0
60 124 12
60 124 16
60 124 28
60 124 44
60 124 60
60 124 76
60 124 92
60 124 108
60 124 124
60 124 140
60 124 156
60 124 172
60 124 180
60 124 188
60 124 196
60 140 0
60 140 12
60 140 16
60 140 28
60 140 44
60 140 60
60 140 76
60 140 92
60 140 108
60 140 124
60 140 140
60 140 156
60 140 172
60 140 180
60 140 188
60 140 196
60 156 0
60 156 12
60 156 16
60 156 28
60 156 44
60 156 60
60 156 76
60 156 92
60 156 108
60 156 124
60 156 140
60 156 156
60 156 172
60 156 180
60 156 188
60 156 196
60 172 0
60 172 12
60 172 16
60 172 28
60 172 44
60 172 60
60 172 76
60 172 92
60 172 108
60 172 124
60 172 140
60 172 156
60 172 172
60 172 180
60 172 188
60 172 196
60 180 0
60 180 12
60 180 16
60 180 28
60 180 44
60 180 60
60 180 76
60 180 92
60 180 108
60 180 124
60 180 140
60 180 156
60 180 172
60 180 180
60 180 188
60 180 196
60 188 0
60 188 12
60 188 16
60 188 28
60 188 44
60 188 60
60 188 76
60 188 92
60 188 108
60 188 124
60 188 140
60 188 156
60 188 172
60 188 180
60 188 188
60 188 196
60 196 0
60 196 12
60 196 16
60 196 28
60 196 44
60 196 60
60 196 76
60 196 92
60 196 108
60 196 124
60 196 140
60 196 156
60 196 172
60 196 180
60 196 188
60 196 196
76 0 0
76 0 12
76 0 16
76 0 28
76 0 44
76 0 60
76 0 76
76 0 92
76 0 108
76 0 124
76 0 140
76 0 156
76 0 172
76 0 180
76 0 188
76 0 196
76 12 0
76 12 12
76 12 16
76 12 28
76 12 44
76 12 60
76 12 76
76 12 92
76 12 108
76 12 124
76 12 140
76 12 156
76 12 172
76 12 180
76 12 188
76 12 196
76 16 0
76 16 12
76 16 16
76 16 28
76 16 44
76 16 60
76 16 76
76 16 92
76 16 108
76 16 124
76 16 140
76 16 156
76 16 172
76 16 180
76 16 188
76 16 196
76 28 0
76 28 12
76 28 16
76 28 28
76 28 44
76 28 60
76 28 76
76 28 92
76 28 108
76 28 124
76 28 140
76 28 156
76 28 172
76 28 180
76 28 188
76 28 196
76 44 0
76 44 12
76 44 16
76 44 28
76 44 44
76 44 60
76 44 76
76 44 92
76 44 108
76 44 124
76 44 140
76 44 156
76 44 172
76 44 180
76 44 188
76 44 196
76 60 0
76 60 12
76 60 16
76 60 28
76 60 44
76 60 60
76 60 76
76 60 92
76 60 108
76 60 124
76 60 140
76 60 156
76 60 172
76 60 180
76 60 188
76 60 196
76 76 0
76 76 12
76 76 16
76 76 28
76 76 44
76 76 60
76 76 76
76 76 92
76 76 108
76 76 124
76 76 140
76 76 156
76 76 172
76 76 180
76 76 188
76 76 196
76 92 0
76 92 12
76 92 16
76 92 28
76 92 44
76 92 60
76 92 76
76 92 92
76 92 108
76 92 124
76 92 140
76 92 156
76 92 172
76 92 180
76 92 188
76 92 196
76 108 0
76 108 12
76 108 16
76 108 28
76 108 44
76 108 60
76 108 76
76 108 92
76 108 108
76 108 124
76 108 140
76 108 156
76 108 172
76 108 180
76 108 188
76 108 196
76 124 0
76 124 12
76 124 16
76 124 28
76 124 44
76 124 60
76 124 76
76 124 92
76 124 108
76 124 124
76 124 140
76 124 156
76 124 172
76 124 180
76 124 188
76 124 196
76 140 0
76 140 12
76 140 16
76 140 28
76 140 44
76 140 60
76 140 76
76 140 92
76 140 108
76 140 124
76 140 140
76 140 156
76 140 172
76 140 180
76 140 188
76 140 196
76 156 0
76 156 12
76 156 16
76 156 28
76 156 44
76 156 60
76 156 76
76 156 92
76 156 108
76 156 124
76 156 140
76 156 156
76 156 172
76 156 180
76 156 188
76 156 196
76 172 0
76 172 12
76 172 16
76 172 28
76 172 44
76 172 60
76 172 76
76 172 92
76 172 108
76 172 124
76 172 140
76 172 156
76 172 172
76 172 180
76 172 188
76 172 196
76 180 0
76 180 12
76 180 16
76 180 28
76 180 44
76 180 60
76 180 76
76 180 92
76 180 108
76 180 124
76 180 140
76 180 156
76 180 172
76 180 180
76 180 188
76 180 196
76 188 0
76 188 12
76 188 16
76 188 28
76 188 44
76 188 60
76 188 76
76 188 92
76 188 108
76 188 124
76 188 140
76 188 156
76 188 172
76 188 180
76 188 188
76 188 196
76 196 0
76 196 12
76 196 16
76 196 28
76 196 44
76 196 60
76 196 76
76 196 92
76 196 108
76 196 124
76 196 140
76 196 156
76 196 172
76 196 180
76 196 188
76 196 196
92 0 0
92 0 12
92 0 16
92 0 28
92 0 44
92 0 60
92 0 76
92 0 92
92 0 108
92 0 124
92 0 140
92 0 156
92 0 172
92 0 180
92 0 188
92 0 196
92 12 0
92 12 12
92 12 16
92 12 28
92 12 44
92 12 60
92 12 76
92 12 92
92 12 108
92 12 124
92 12 140
92 12 156
92 12 172
92 12 180
92 12 188
92 12 196
92 16 0
92 16 12
92 16 16
92 16 28
92 16 44
92 16 60
92 16 76
92 16 92
92 16 108
92 16 124
92 16 140
92 16 156
92 16 172
92 16 180
92 16 188
92 16 196
92 28 0
92 28 12
92 28 16
92 28 28
92 28 44
92 28 60
92 28 76
92 28 92
92 28 108
92 28 124
92 28 140
92 28 156
92 28 172
92 28 180
92 28 188
92 28 196
92 44 0
92 44 12
92 44 16
92 44 28
92 44 44
92 44 60
92 44 76
92 44 92
92 44 108
92 44 124
92 44 140
92 44 156
92 44 172
92 44 180
92 44 188
92 44 196
92 60 0
92 60 12
92 60 16
92 60 28
92 60 44
92 60 60
92 60 76
92 60 92
92 60 108
92 60 124
92 60 140
92 60 156
92 60 172
92 60 180
92 60 188
92 60 196
92 76 0
92 76 12
92 76 16
92 76 28
92 76 44
92 76 60
92 76 76
92 76 92
92 76 108
92 76 124
92 76 140
92 76 156
92 76 172
92 76 180
92 76 188
92 76 196
92 92 0
92 92 12
92 92 16
92 92 28
92 92 44
92 92 60
92 92 76
92 92 92
92 92 108
92 92 124
92 92 140
92 92 156
92 92 172
92 92 180
92 92 188
92 92 196
92 108 0
92 108 12
92 108 16
92 108 28
92 108 44
92 108 60
92 108 76
92 108 92
92 108 108
92 108 124
92 108 140
92 108 156
92 108 172
92 108 180
92 108 188
92 108 196
92 124 0
92 124 12
92 124 16
92 124 28
92 124 44
92 124 60
92 124 76
92 124 92
92 124 108
92 124 124
92 124 140
92 124 156
92 124 172
92 124 180
92 124 188
92 124 196
92 140 0
92 140 12
92 140 16
92 140 28
92 140 44
92 140 60
92 140 76
92 140 92
92 140 108
92 140 124
92 140 140
92 140 156
92 140 172
92 140 180
92 140 188
92 140 196
92 156 0
92 156 12
92 156 16
92 156 28
92 156 44
92 156 60
92 156 76
92 156 92
92 156 108
92 156 124
92 156 140
92 156 156
92 156 172
92 156 180
92 156 188
92 156 196
92 172 0
92 172 12
92 172 16
92 172 28
92 172 44
92 172 60
92 172 76
92 172 92
92 172 108
92 172 124
92 172 140
92 172 156
92 172 172
92 172 180
92 172 188
92 172 196
92 180 0
92 180 12
92 180 16
92 180 28
92 180 44
92 180 60
92 180 76
92 180 92
92 180 108
92 180 124
92 180 140
92 180 156
92 180 172
92 180 180
92 180 188
92 180 196
92 188 0
92 188 12
92 188 16
92 188 28
92 188 44
92 188 60
92 188 76
92 188 92
92 188 108
92 188 124
92 188 140
92 188 156
92 188 172
92 188 180
92 188 188
92 188 196
92 196 0
92 196 12
92 196 16
92 196 28
92 196 44
92 196 60
92 196 76
92 196 92
92 196 108
92 196 124
92 196 140
92 196 156
92 196 172
92 196 180
92 196 188
92 196 196
108 0 0
108 0 12
108 0 16
108 0 28
108 0 44
108 0 60
108 0 76
108 0 92
108 0 108
108 0 124
108 0 140
108 0 156
108 0 172
108 0 180
108 0 188
108 0 196
108 12 0
108 12 12
108 12 16
108 12 28
108 12 44
108 12 60
108 12 76
108 12 92
108 12 108
108 12 124
108 12 140
108 12 156
108 12 172
108 12 180
108 12 188
108 12 196
108 16 0
108 16 12
108 16 16
108 16 28
108 16 44
108 16 60
108 16 76
108 16 92
108 16 108
108 16 124
108 16 140
108 16 156
108 16 172
108 16 180
108 16 188
108 16 196
108 28 0
108 28 12
108 28 16
108 28 28
108 28 44
108 28 60
108 28 76
108 28 92
108 28 108
108 28 124
108 28 140
108 28 156
108 28 172
108 28 180
108 28 188
108 28 196
108 44 0
108 44 12
108 44 16
108 44 28
108 44 44
108 44 60
108 44 76
108 44 92
108 44 108
108 44 124
108 44 140
108 44 156
108 44 172
108 44 180
108 44 188
108 44 196
108 60 0
108 60 12
108 60 16
108 60 28
108 60 44
108 60 60
108 60 76
108 60 92
108 60 108
108 60 124
108 60 140
108 60 156
108 60 172
108 60 180
108 60 188
108 60 196
108 76 0
108 76 12
108 76 16
108 76 28
108 76 44
108 76 60
108 76 76
108 76 92
108 76 108
108 76 124
108 76 140
108 76 156
108 76 172
108 76 180
108 76 188
108 76 196
108 92 0
108 92 12
108 92 16
108 92 28
108 92 44
108 92 60
108 92 76
108 92 92
108 92 108
108 92 124
108 92 140
108 92 156
108 92 172
108 92 180
108 92 188
108 92 196
108 108 0
108 108 12
108 108 16
108 108 28
108 108 44
108 108 60
108 108 76
108 108 92
108 108 108
108 108 124
108 108 140
108 108 156
108 108 172
108 108 180
108 108 188
108 108 196
108 124 0
108 124 12
108 124 16
108 124 28
108 124 44
108 124 60
108 124 76
108 124 92
108 124 108
108 124 124
108 124 140
108 124 156
108 124 172
108 124 180
108 124 188
108 124 196
108 140 0
108 140 12
108 140 16
108 140 28
108 140 44
108 140 60
108 140 76
108 140 92
108 140 108
108 140 124
108 140 140
108 140 156
108 140 172
108 140 180
108 140 188
108 140 196
108 156 0
108 156 12
108 156 16
108 156 28
108 156 44
108 156 60
108 156 76
108 156 92
108 156 108
108 156 124
108 156 140
108 156 156
108 156 172
108 156 180
108 156 188
108 156 196
108 172 0
108 172 12
108 172 16
108 172 28
108 172 44
108 172 60
108 172 76
108 172 92
108 172 108
108 172 124
108 172 140
108 172 156
108 172 172
108 172 180
108 172 188
108 172 196
108 180 0
108 180 12
108 180 16
108 180 28
108 180 44
108 180 60
108 180 76
108 180 92
108 180 108
108 180 124
108 180 140
108 180 156
108 180 172
108 180 180
108 180 188
108 180 196
108 188 0
108 188 12
108 188 16
108 188 28
108 188 44
108 188 60
108 188 76
108 188 92
108 188 108
108 188 124
108 188 140
108 188 156
108 188 172
108 188 180
108 188 188
108 188 196
108 196 0
108 196 12
108 196 16
108 196 28
108 196 44
108 196 60
108 196 76
108 196 92
108 196 108
108 196 124
108 196 140
108 196 156
108 196 172
108 196 180
108 196 188
108 196 196
124 0 0
124 0 12
124 0 16
124 0 28
124 0 44
124 0 60
124 0 76
124 0 92
124 0 108
124 0 124
124 0 140
124 0 156
124 0 172
124 0 180
124 0 188
124 0 196
124 12 0
124 12 12
124 12 16
124 12 28
124 12 44
124 12 60
124 12 76
124 12 92
124 12 108
124 12 124
124 12 140
124 12 156
124 12 172
124 12 180
124 12 188
124 12 196
124 16 0
124 16 12
124 16 16
124 16 28
124 16 44
124 16 60
124 16 76
124 16 92
124 16 108
124 16 124
124 16 140
124 16 156
124 16 172
124 16 180
124 16 188
124 16 196
124 28 0
124 28 12
124 28 16
124 28 28
124 28 44
124 28 60
124 28 76
124 28 92
124 28 108
124 28 124
124 28 140
124 28 156
124 28 172
124 28 180
124 28 188
124 28 196
124 44 0
124 44 12
124 44 16
124 44 28
124 44 44
124 44 60
124 44 76
124 44 92
124 44 108
124 44 124
124 44 140
124 44 156
124 44 172
124 44 180
124 44 188
124 44 196
124 60 0
124 60 12
124 60 16
124 60 28
124 60 44
124 60 60
124 60 76
124 60 92
124 60 108
124 60 124
124 60 140
124 60 156
124 60 172
124 60 180
124 60 188
124 60 196
124 76 0
124 76 12
124 76 16
124 76 28
124 76 44
124 76 60
124 76 76
124 76 92
124 76 108
124 76 124
124 76 140
124 76 156
124 76 172
124 76 180
124 76 188
124 76 196
124 92 0
124 92 12
124 92 16
124 92 28
124 92 44
124 92 60
124 92 76
124 92 92
124 92 108
124 92 124
124 92 140
124 92 156
124 92 172
124 92 180
124 92 188
124 92 196
124 108 0
124 108 12
124 108 16
124 108 28
124 108 44
124 108 60
124 108 76
124 108 92
124 108 108
124 108 124
124 108 140
124 108 156
124 108 172
124 108 180
124 108 188
124 108 196
124 124 0
124 124 12
124 124 16
124 124 28
124 124 44
124 124 60
124 124 76
124 124 92
124 124 108
124 124 124
124 124 140
124 124 156
124 124 172
124 124 180
124 124 188
124 124 196
124 140 0
124 140 12
124 140 16
124 140 28
124 140 44
124 140 60
124 140 76
124 140 92
124 140 108
124 140 124
124 140 140
124 140 156
124 140 172
124 140 180
124 140 188
124 140 196
124 156 0
124 156 12
124 156 16
124 156 28
124 156 44
124 156 60
124 156 76
124 156 92
124 156 108
124 156 124
124 156 140
124 156 156
124 156 172
124 156 180
124 156 188
124 156 196
124 172 0
124 172 12
124 172 16
124 172 28
124 172 44
124 172 60
124 172 76
124 172 92
124 172 108
124 172 124
124 172 140
124 172 156
124 172 172
124 172 180
124 172 188
124 172 196
124 180 0
124 180 12
124 180 16
124 180 28
124 180 44
124 180 60
124 180 76
124 180 92
124 180 108
124 180 124
124 180 140
124 180 156
124 180 172
124 180 180
124 180 188
124 180 196
124 188 0
124 188 12
124 188 16
124 188 28
124 188 44
124 188 60
124 188 76
124 188 92
124 188 108
124 188 124
124 188 140
124 188 156
124 188 172
124 188 180
124 188 188
124 188 196
124 196 0
124 196 12
124 196 16
124 196 28
124 196 44
124 196 60
124 196 76
124 196 92
124 196 108
124 196 124
124 196 140
124 196 156
124 196 172
124 196 180
124 196 188
124 196 196
140 0 0
140 0 12
140 0 16
140 0 28
140 0 44
140 0 60
140 0 76
140 0 92
140 0 108
140 0 124
140 0 140
140 0 156
140 0 172
140 0 180
140 0 188
140 0 196
140 12 0
140 12 12
140 12 16
140 12 28
140 12 44
140 12 60
140 12 76
140 12 92
140 12 108
140 12 124
140 12 140
140 12 156
140 12 172
140 12 180
140 12 188
140 12 196
140 16 0
140 16 12
140 16 16
140 16 28
140 16 44
140 16 60
140 16 76
140 16 92
140 16 108
140 16 124
140 16 140
140 16 156
140 16 172
140 16 180
140 16 188
140 16 196
140 28 0
140 28 12
140 28 16
140 28 28
140 28 44
140 28 60
140 28 76
140 28 92
140 28 108
140 28 124
140 28 140
140 28 156
140 28 172
140 28 180
140 28 188
140 28 196
140 44 0
140 44 12
140 44 16
140 44 28
140 44 44
140 44 60
140 44 76
140 44 92
140 44 108
140 44 124
140 44 140
140 44 156
140 44 172
140 44 180
140 44 188
140 44 196
140 60 0
140 60 12
140 60 16
140 60 28
140 60 44
140 60 60
140 60 76
140 60 92
140 60 108
140 60 124
140 60 140
140 60 156
140 60 172
140 60 180
140 60 188
140 60 196
140 76 0
140 76 12
140 76 16
140 76 28
140 76 44
140 76 60
140 76 76
140 76 92
140 76 108
140 76 124
140 76 140
140 76 156
140 76 172
140 76 180
140 76 188
140 76 196
140 92 0
140 92 12
140 92 16
140 92 28
140 92 44
140 92 60
140 92 76
140 92 92
140 92 108
140 92 124
140 92 140
140 92 156
140 92 172
140 92 180
140 92 188
140 92 196
140 108 0
140 108 12
140 108 16
140 108 28
140 108 44
140 108 60
140 108 76
140 108 92
140 108 108
140 108 124
140 108 140
140 108 156
140 108 172
140 108 180
140 108 188
140 108 196
140 124 0
140 124 12
140 124 16
140 124 28
140 124 44
140 124 60
140 124 76
140 124 92
140 124 108
140 124 124
140 124 140
140 124 156
140 124 172
140 124 180
140 124 188
140 124 196
140 140 0
140 140 12
140 140 16
140 140 28
140 140 44
140 140 60
140 140 76
140 140 92
140 140 108
140 140 124
140 140 140
140 140 156
140 140 172
140 140 180
140 140 188
140 140 196
140 156 0
140 156 12
140 156 16
140 156 28
140 156 44
140 156 60
140 156 76
140 156 92
140 156 108
140 156 124
140 156 140
140 156 156
140 156 172
140 156 180
140 156 188
140 156 196
140 172 0
140 172 12
140 172 16
140 172 28
140 172 44
140 172 60
140 172 76
140 172 92
140 172 108
140 172 124
140 172 140
140 172 156
140 172 172
140 172 180
140 172 188
140 172 196
140 180 0
140 180 12
140 180 16
140 180 28
140 180 44
140 180 60
140 180 76
140 180 92
140 180 108
140 180 124
140 180 140
140 180 156
140 180 172
140 180 180
140 180 188
140 180 196
140 188 0
140 188 12
140 188 16
140 188 28
140 188 44
140 188 60
140 188 76
140 188 92
140 188 108
140 188 124
140 188 140
140 188 156
140 188 172
140 188 180
140 188 188
140 188 196
140 196 0
140 196 12
140 196 16
140 196 28
140 196 44
140 196 60
140 196 76
140 196 92
140 196 108
140 196 124
140 196 140
140 196 156
140 196 172
140 196 180
140 196 188
140 196 196
156 0 0
156 0 12
156 0 16
156 0 28
156 0 44
156 0 60
156 0 76
156 0 92
156 0 108
156 0 124
156 0 140
156 0 156
156 0 172
156 0 180
156 0 188
156 0 196
156 12 0
156 12 12
156 12 16
156 12 28
156 12 44
156 12 60
156 12 76
156 12 92
156 12 108
156 12 124
156 12 140
156 12 156
156 12 172
156 12 180
156 12 188
156 12 196
156 16 0
156 16 12
156 16 16
156 16 28
156 16 44
156 16 60
156 16 76
156 16 92
156 16 108
156 16 124
156 16 140
156 16 156
156 16 172
156 16 180
156 16 188
156 16 196
156 28 0
156 28 12
156 28 16
156 28 28
156 28 44
156 28 60
156 28 76
156 28 92
156 28 108
156 28 124
156 28 140
156 28 156
156 28 172
156 28 180
156 28 188
156 28 196
156 44 0
156 44 12
156 44 16
156 44 28
156 44 44
156 44 60
156 44 76
156 44 92
156 44 108
156 44 124
156 44 140
156 44 156
156 44 172
156 44 180
156 44 188
156 44 196
156 60 0
156 60 12
156 60 16
156 60 28
156 60 44
156 60 60
156 60 76
156 60 92
156 60 108
156 60 124
156 60 140
156 60 156
156 60 172
156 60 180
156 60 188
156 60 196
156 76 0
156 76 12
156 76 16
156 76 28
156 76 44
156 76 60
156 76 76
156 76 92
156 76 108
156 76 124
156 76 140
156 76 156
156 76 172
156 76 180
156 76 188
156 76 196
156 92 0
156 92 12
156 92 16
156 92 28
156 92 44
156 92 60
156 92 76
156 92 92
156 92 108
156 92 124
156 92 140
156 92 156
156 92 172
156 92 180
156 92 188
156 92 196
156 108 0
156 108 12
156 108 16
156 108 28
156 108 44
156 108 60
156 108 76
156 108 92
156 108 108
156 108 124
156 108 140
156 108 156
156 108 172
156 108 180
156 108 188
156 108 196
156 124 0
156 124 12
156 124 16
156 124 28
156 124 44
156 124 60
156 124 76
156 124 92
156 124 108
156 124 124
156 124 140
156 124 156
156 124 172
156 124 180
156 124 188
156 124 196
156 140 0
156 140 12
156 140 16
156 140 28
156 140 44
156 140 60
156 140 76
156 140 92
156 140 108
156 140 124
156 140 140
156 140 156
156 140 172
156 140 180
156 140 188
156 140 196
156 156 0
156 156 12
156 156 16
156 156 28
156 156 44
156 156 60
156 156 76
156 156 92
156 156 108
156 156 124
156 156 140
156 156 156
156 156 172
156 156 180
156 156 188
156 156 196
156 172 0
156 172 12
156 172 16
156 172 28
156 172 44
156 172 60
156 172 76
156 172 92
156 172 108
156 172 124
156 172 140
156 172 156
156 172 172
156 172 180
156 172 188
156 172 196
156 180 0
156 180 12
156 180 16
156 180 28
156 180 44
156 180 60
156 180 76
156 180 92
156 180 108
156 180 124
156 180 140
156 180 156
156 180 172
156 180 180
156 180 188
156 180 196
156 188 0
156 188 12
156 188 16
156 188 28
156 188 44
156 188 60
156 188 76
156 188 92
156 188 108
156 188 124
156 188 140
156 188 156
156 188 172
156 188 180
156 188 188
156 188 196
156 196 0
156 196 12
156 196 16
156 196 28
156 196 44
156 196 60
156 196 76
156 196 92
156 196 108
156 196 124
156 196 140
156 196 156
156 196 172
156 196 180
156 196 188
156 196 196
172 0 0
172 0 12
172 0 16
172 0 28
172 0 44
172 0 60
172 0 76
172 0 92
172 0 108
172 0 124
172 0 140
172 0 156
172 0 172
172 0 180
172 0 188
172 0 196
172 12 0
172 12 12
172 12 16
172 12 28
172 12 44
172 12 60
172 12 76
172 12 92
172 12 108
172 12 124
172 12 140
172 12 156
172 12 172
172 12 180
172 12 188
172 12 196
172 16 0
172 16 12
172 16 16
172 16 28
172 16 44
172 16 60
172 16 76
172 16 92
172 16 108
172 16 124
172 16 140
172 16 156
172 16 172
172 16 180
172 16 188
172 16 196
172 28 0
172 28 12
172 28 16
172 28 28
172 28 44
172 28 60
172 28 76
172 28 92
172 28 108
172 28 124
172 28 140
172 28 156
172 28 172
172 28 180
172 28 188
172 28 196
172 44 0
172 44 12
172 44 16
172 44 28
172 44 44
172 44 60
172 44 76
172 44 92
172 44 108
172 44 124
172 44 140
172 44 156
172 44 172
172 44 180
172 44 188
172 44 196
172 60 0
172 60 12
172 60 16
172 60 28
172 60 44
172 60 60
172 60 76
172 60 92
172 60 108
172 60 124
172 60 140
172 60 156
172 60 172
172 60 180
172 60 188
172 60 196
172 76 0
172 76 12
172 76 16
172 76 28
172 76 44
172 76 60
172 76 76
172 76 92
172 76 108
172 76 124
172 76 140
172 76 156
172 76 172
172 76 180
172 76 188
172 76 196
172 92 0
172 92 12
172 92 16
172 92 28
172 92 44
172 92 60
172 92 76
172 92 92
172 92 108
172 92 124
172 92 140
172 92 156
172 92 172
172 92 180
172 92 188
172 92 196
172 108 0
172 108 12
172 108 16
172 108 28
172 108 44
172 108 60
172 108 76
172 108 92
172 108 108
172 108 124
172 108 140
172 108 156
172 108 172
172 108 180
172 108 188
172 108 196
172 124 0
172 124 12
172 124 16
172 124 28
172 124 44
172 124 60
172 124 76
172 124 92
172 124 108
172 124 124
172 124 140
172 124 156
172 124 172
172 124 180
172 124 188
172 124 196
172 140 0
172 140 12
172 140 16
172 140 28
172 140 44
172 140 60
172 140 76
172 140 92
172 140 108
172 140 124
172 140 140
172 140 156
172 140 172
172 140 180
172 140 188
172 140 196
172 156 0
172 156 12
172 156 16
172 156 28
172 156 44
172 156 60
172 156 76
172 156 92
172 156 108
172 156 124
172 156 140
172 156 156
172 156 172
172 156 180
172 156 188
172 156 196
172 172 0
172 172 12
172 172 16
172 172 28
172 172 44
172 172 60
172 172 76
172 172 92
172 172 108
172 172 124
172 172 140
172 172 156
172 172 172
172 172 180
172 172 188
172 172 196
172 180 0
172 180 12
172 180 16
172 180 28
172 180 44
172 180 60
172 180 76
172 180 92
172 180 108
172 180 124
172 180 140
172 180 156
172 180 172
172 180 180
172 180 188
172 180 196
172 188 0
172 188 12
172 188 16
172 188 28
172 188 44
172 188 60
172 188 76
172 188 92
172 188 108
172 188 124
172 188 140
172 188 156
172 188 172
172 188 180
172 188 188
172 188 196
172 196 0
172 196 12
172 196 16
172 196 28
172 196 44
172 196 60
172 196 76
172 196 92
172 196 108
172 196 124
172 196 140
172 196 156
172 196 172
172 196 180
172 196 188
172 196 196
180 0 0
180 0 12
180 0 16
180 0 28
180 0 44
180 0 60
180 0 76
180 0 92
180 0 108
180 0 124
180 0 140
180 0 156
180 0 172
180 0 180
180 0 188
180 0 196
180 12 0
180 12 12
180 12 16
180 12 28
180 12 44
180 12 60
180 12 76
180 12 92
180 12 108
180 12 124
180 12 140
180 12 156
180 12 172
180 12 180
180 12 188
180 12 196
180 16 0
180 16 12
180 16 16
180 16 28
180 16 44
180 16 60
180 16 76
180 16 92
180 16 108
180 16 124
180 16 140
180 16 156
180 16 172
180 16 180
180 16 188
180 16 196
180 28 0
180 28 12
180 28 16
180 28 28
180 28 44
180 28 60
180 28 76
180 28 92
180 28 108
180 28 124
180 28 140
180 28 156
180 28 172
180 28 180
180 28 188
180 28 196
180 44 0
180 44 12
180 44 16
180 44 28
180 44 44
180 44 60
180 44 76
180 44 92
180 44 108
180 44 124
180 44 140
180 44 156
180 44 172
180 44 180
180 44 188
180 44 196
180 60 0
180 60 12
180 60 16
180 60 28
180 60 44
180 60 60
180 60 76
180 60 92
180 60 108
180 60 124
180 60 140
180 60 156
180 60 172
180 60 180
180 60 188
180 60 196
180 76 0
180 76 12
180 76 16
180 76 28
180 76 44
180 76 60
180 76 76
180 76 92
180 76 108
180 76 124
180 76 140
180 76 156
180 76 172
180 76 180
180 76 188
180 76 196
180 92 0
180 92 12
180 92 16
180 92 28
180 92 44
180 92 60
180 92 76
180 92 92
180 92 108
180 92 124
180 92 140
180 92 156
180 92 172
180 92 180
180 92 188
180 92 196
180 108 0
180 108 12
180 108 16
180 108 28
180 108 44
180 108 60
180 108 76
180 108 92
180 108 108
180 108 124
180 108 140
180 108 156
180 108 172
180 108 180
180 108 188
180 108 196
180 124 0
180 124 12
180 124 16
180 124 28
180 124 44
180 124 60
180 124 76
180 124 92
180 124 108
180 124 124
180 124 140
180 124 156
180 124 172
180 124 180
180 124 188
180 124 196
180 140 0
180 140 12
180 140 16
180 140 28
180 140 44
180 140 60
180 140 76
180 140 92
180 140 108
180 140 124
180 140 140
180 140 156
180 140 172
180 140 180
180 140 188
180 140 196
180 156 0
180 156 12
180 156 16
180 156 28
180 156 44
180 156 60
180 156 76
180 156 92
180 156 108
180 156 124
180 156 140
180 156 156
180 156 172
180 156 180
180 156 188
180 156 196
180 172 0
180 172 12
180 172 16
180 172 28
180 172 44
180 172 60
180 172 76
180 172 92
180 172 108
180 172 124
180 172 140
180 172 156
180 172 172
180 172 180
180 172 188
180 172 196
180 180 0
180 180 12
180 180 16
180 180 28
180 180 44
180 180 60
180 180 76
180 180 92
180 180 108
180 180 124
180 180 140
180 180 156
180 180 172
180 180 180
180 180 188
180 180 196
180 188 0
180 188 12
180 188 16
180 188 28
180 188 44
180 188 60
180 188 76
180 188 92
180 188 108
180 188 124
180 188 140
180 188 156
180 188 172
180 188 180
180 188 188
180 188 196
180 196 0
180 196 12
180 196 16
180 196 28
180 196 44
180 196 60
180 196 76
180 196 92
180 196 108
180 196 124
180 196 140
180 196 156
180 196 172
180 196 180
180 196 188
180 196 196
188 0 0
188 0 12
188 0 16
188 0 28
188 0 44
188 0 60
188 0 76
188 0 92
188 0 108
188 0 124
188 0 140
188 0 156
188 0 172
188 0 180
188 0 188
188 0 196
188 12 0
188 12 12
188 12 16
188 12 28
188 12 44
188 12 60
188 12 76
188 12 92
188 12 108
188 12 124
188 12 140
188 12 156
188 12 172
188 12 180
188 12 188
188 12 196
188 16 0
188 16 12
188 16 16
188 16 28
188 16 44
188 16 60
188 16 76
188 16 92
188 16 108
188 16 124
188 16 140
188 16 156
188 16 172
188 16 180
188 16 188
188 16 196
188 28 0
188 28 12
188 28 16
188 28 28
188 28 44
188 28 60
188 28 76
188 28 92
188 28 108
188 28 124
188 28 140
188 28 156
188 28 172
188 28 180
188 28 188
188 28 196
188 44 0
188 44 12
188 44 16
188 44 28
188 44 44
188 44 60
188 44 76
188 44 92
188 44 108
188 44 124
188 44 140
188 44 156
188 44 172
188 44 180
188 44 188
188 44 196
188 60 0
188 60 12
188 60 16
188 60 28
188 60 44
188 60 60
188 60 76
188 60 92
188 60 108
188 60 124
188 60 140
188 60 156
188 60 172
188 60 180
188 60 188
188 60 196
188 76 0
188 76 12
188 76 16
188 76 28
188 76 44
188 76 60
188 76 76
188 76 92
188 76 108
188 76 124
188 76 140
188 76 156
188 76 172
188 76 180
188 76 188
188 76 196
188 92 0
188 92 12
188 92 16
188 92 28
188 92 44
188 92 60
188 92 76
188 92 92
188 92 108
188 92 124
188 92 140
188 92 156
188 92 172
188 92 180
188 92 188
188 92 196
188 108 0
188 108 12
188 108 16
188 108 28
188 108 44
188 108 60
188 108 76
188 108 92
188 108 108
188 108 124
188 108 140
188 108 156
188 108 172
188 108 180
188 108 188
188 108 196
188 124 0
188 124 12
188 124 16
188 124 28
188 124 44
188 124 60
188 124 76
188 124 92
188 124 108
188 124 124
188 124 140
188 124 156
188 124 172
188 124 180
188 124 188
188 124 196
188 140 0
188 140 12
188 140 16
188 140 28
188 140 44
188 140 60
188 140 76
188 140 92
188 140 108
188 140 124
188 140 140
188 140 156
188 140 172
188 140 180
188 140 188
188 140 196
188 156 0
188 156 12
188 156 16
188 156 28
188 156 44
188 156 60
188 156 76
188 156 92
188 156 108
188 156 124
188 156 140
188 156 156
188 156 172
188 156 180
188 156 188
188 156 196
188 172 0
188 172 12
188 172 16
188 172 28
188 172 44
188 172 60
188 172 76
188 172 92
188 172 108
188 172 124
188 172 140
188 172 156
188 172 172
188 172 180
188 172 188
188 172 196
188 180 0
188 180 12
188 180 16
188 180 28
188 180 44
188 180 60
188 180 76
188 180 92
188 180 108
188 180 124
188 180 140
188 180 156
188 180 172
188 180 180
188 180 188
188 180 196
188 188 0
188 188 12
188 188 16
188 188 28
188 188 44
188 188 60
188 188 76
188 188 92
188 188 108
188 188 124
188 188 140
188 188 156
188 188 172
188 188 180
188 188 188
188 188 196
188 196 0
188 196 12
188 196 16
188 196 28
188 196 44
188 196 60
188 196 76
188 196 92
188 196 108
188 196 124
188 196 140
188 196 156
188 196 172
188 196 180
188 196 188
188 196 196
196 0 0
196 0 12
196 0 16
196 0 28
196 0 44
196 0 60
196 0 76
196 0 92
196 0 108
196 0 124
196 0 140
196 0 156
196 0 172
196 0 180
196 0 188
196 0 196
196 12 0
196 12 12
196 12 16
196 12 28
196 12 44
196 12 60
196 12 76
196 12 92
196 12 108
196 12 124
196 12 140
196 12 156
196 12 172
196 12 180
196 12 188
196 12 196
196 16 0
196 16 12
196 16 16
196 16 28
196 16 44
196 16 60
196 16 76
196 16 92
196 16 108
196 16 124
196 16 140
196 16 156
196 16 172
196 16 180
196 16 188
196 16 196
196 28 0
196 28 12
196 28 16
196 28 28
196 28 44
196 28 60
196 28 76
196 28 92
196 28 108
196 28 124
196 28 140
196 28 156
196 28 172
196 28 180
196 28 188
196 28 196
196 44 0
196 44 12
196 44 16
196 44 28
196 44 44
196 44 60
196 44 76
196 44 92
196 44 108
196 44 124
196 44 140
196 44 156
196 44 172
196 44 180
196 44 188
196 44 196
196 60 0
196 60 12
196 60 16
196 60 28
196 60 44
196 60 60
196 60 76
196 60 92
196 60 108
196 60 124
196 60 140
196 60 156
196 60 172
196 60 180
196 60 188
196 60 196
196 76 0
196 76 12
196 76 16
196 76 28
196 76 44
196 76 60
196 76 76
196 76 92
196 76 108
196 76 124
196 76 140
196 76 156
196 76 172
196 76 180
196 76 188
196 76 196
196 92 0
196 92 12
196 92 16
196 92 28
196 92 44
196 92 60
196 92 76
196 92 92
196 92 108
196 92 124
196 92 140
196 92 156
196 92 172
196 92 180
196 92 188
196 92 196
196 108 0
196 108 12
196 108 16
196 108 28
196 108 44
196 108 60
196 108 76
196 108 92
196 108 108
196 108 124
196 108 140
196 108 156
196 108 172
196 108 180
196 108 188
196 108 196
196 124 0
196 124 12
196 124 16
196 124 28
196 124 44
196 124 60
196 124 76
196 124 92
196 124 108
196 124 124
196 124 140
196 124 156
196 124 172
196 124 180
196 124 188
196 124 196
196 140 0
196 140 12
196 140 16
196 140 28
196 140 44
196 140 60
196 140 76
196 140 92
196 140 108
196 140 124
196 140 140
196 140 156
196 140 172
196 140 180
196 140 188
196 140 196
196 156 0
196 156 12
196 156 16
196 156 28
196 156 44
196 156 60
196 156 76
196 156 92
196 156 108
196 156 124
196 156 140
196 156 156
196 156 172
196 156 180
196 156 188
196 156 196
196 172 0
196 172 12
196 172 16
196 172 28
196 172 44
196 172 60
196 172 76
196 172 92
196 172 108
196 172 124
196 172 140
196 172 156
196 172 172
196 172 180
196 172 188
196 172 196
196 180 0
196 180 12
196 180 16
196 180 28
196 180 44
196 180 60
196 180 76
196 180 92
196 180 108
196 180 124
196 180 140
196 180 156
196 180 172
196 180 180
196 180 188
196 180 196
196 188 0
196 188 12
196 188 16
196 188 28
196 188 44
196 188 60
196 188 76
196 188 92
196 188 108
196 188 124
196 188 140
196 188 156
196 188 172
196 188 180
196 188 188
196 188 196
196 196 0
196 196 12
196 196 16
196 196 28
196 196 44
196 196 60
196 196 76
196 196 92
196 196 108
196 196 124
196 196 140
196 196 156
196 196 172
196 196 180
196 196 188
196 196 196
