200
86 86 86
86 86 90
86 86 94
86 86 98
86 86 102
86 86 106
86 86 110
86 86 114
86 90 86
86 90 90
86 90 94
86 90 98
86 90 102
86 90 106
86 90 110
86 90 114
86 94 86
86 94 90
86 94 94
86 94 98
86 94 102
86 94 106
86 94 110
86 94 114
86 98 86
86 98 90
86 98 94
86 98 98
86 98 102
86 98 106
86 98 110
86 98 114
86 102 86
86 102 90
86 102 94
86 102 98
86 102 102
86 102 106
86 102 110
86 102 114
86 106 86
86 106 90
86 106 94
86 106 98
86 106 102
86 106 106
86 106 110
86 106 114
86 110 86
86 110 90
86 110 94
86 110 98
86 110 102
86 110 106
86 110 110
86 110 114
86 114 86
86 114 90
86 114 94
86 114 98
86 114 102
86 114 106
86 114 110
86 114 114
90 86 86
90 86 90
90 86 94
90 86 98
90 86 102
90 86 106
90 86 110
90 86 114
90 90 86
90 90 90
90 90 94
90 90 98
90 90 102
90 90 106
90 90 110
90 90 114
90 94 86
90 94 90
90 94 94
90 94 98
90 94 102
90 94 106
90 94 110
90 94 114
90 98 86
90 98 90
90 98 94
90 98 98
90 98 102
90 98 106
90 98 110
90 98 114
90 102 86
90 102 90
90 102 94
90 102 98
90 102 102
90 102 106
90 102 110
90 102 114
90 106 86
90 106 90
90 106 94
90 106 98
90 106 102
90 106 106
90 106 110
90 106 114
90 110 86
90 110 90
90 110 94
90 110 98
90 110 102
90 110 106
90 110 110
90 110 114
90 114 86
90 114 90
90 114 94
90 114 98
90 114 102
90 114 106
90 114 110
90 114 114
94 86 86
94 86 90
94 86 94
94 86 98
94 86 102
94 86 106
94 86 110
94 86 114
94 90 86
94 90 90
94 90 94
94 90 98
94 90 102
94 90 106
94 90 110
94 90 114
94 94 86
94 94 90
94 94 94
94 94 98
94 94 102
94 94 106
94 94 110
94 94 114
94 98 86
94 98 90
94 98 94
94 98 98
94 98 102
94 98 106
94 98 110
94 98 114
94 102 86
94 102 90
94 102 94
94 102 98
94 102 102
94 102 106
94 102 110
94 102 114
94 106 86
94 106 90
94 106 94
94 106 98
94 106 102
94 106 106
94 106 110
94 106 114
94 110 86
94 110 90
94 110 94
94 110 98
94 110 102
94 110 106
94 110 110
94 110 114
94 114 86
94 114 90
94 114 94
94 114 98
94 114 102
94 114 106
94 114 110
94 114 114
98 86 86
98 86 90
98 86 94
98 86 98
98 86 102
98 86 106
98 86 110
98 86 114
98 90 86
98 90 90
98 90 94
98 90 98
98 90 102
98 90 106
98 90 110
98 90 114
98 94 86
98 94 90
98 94 94
98 94 98
98 94 102
98 94 106
98 94 110
98 94 114
98 98 86
98 98 90
98 98 94
98 98 98
98 98 102
98 98 106
98 98 110
98 98 114
98 102 86
98 102 90
98 102 94
98 102 98
98 102 102
98 102 106
98 102 110
98 102 114
98 106 86
98 106 90
98 106 94
98 106 98
98 106 102
98 106 106
98 106 110
98 106 114
98 110 86
98 110 90
98 110 94
98 110 98
98 110 102
98 110 106
98 110 110
98 110 114
98 114 86
98 114 90
98 114 94
98 114 98
98 114 102
98 114 106
98 114 110
98 114 114
102 86 86
102 86 90
102 86 94
102 86 98
102 86 102
102 86 106
102 86 110
102 86 114
102 90 86
102 90 90
102 90 94
102 90 98
102 90 102
102 90 106
102 90 110
102 90 114
102 94 86
102 94 90
102 94 94
102 94 98
102 94 102
102 94 106
102 94 110
102 94 114
102 98 86
102 98 90
102 98 94
102 98 98
102 98 102
102 98 106
102 98 110
102 98 114
102 102 86
102 102 90
102 102 94
102 102 98
102 102 102
102 102 106
102 102 110
102 102 114
102 106 86
102 106 90
102 106 94
102 106 98
102 106 102
102 106 106
102 106 110
102 106 114
102 110 86
102 110 90
102 110 94
102 110 98
102 110 102
102 110 106
102 110 110
102 110 114
102 114 86
102 114 90
102 114 94
102 114 98
102 114 102
102 114 106
102 114 110
102 114 114
106 86 86
106 86 90
106 86 94
106 86 98
106 86 102
106 86 106
106 86 110
106 86 114
106 90 86
106 90 90
106 90 94
106 90 98
106 90 102
106 90 106
106 90 110
106 90 114
106 94 86
106 94 90
106 94 94
106 94 98
106 94 102
106 94 106
106 94 110
106 94 114
106 98 86
106 98 90
106 98 94
106 98 98
106 98 102
106 98 106
106 98 110
106 98 114
106 102 86
106 102 90
106 102 94
106 102 98
106 102 102
106 102 106
106 102 110
106 102 114
106 106 86
106 106 90
106 106 94
106 106 98
106 106 102
106 106 106
106 106 110
106 106 114
106 110 86
106 110 90
106 110 94
106 110 98
106 110 102
106 110 106
106 110 110
106 110 114
106 114 86
106 114 90
106 114 94
106 114 98
106 114 102
106 114 106
106 114 110
106 114 114
110 86 86
110 86 90
110 86 94
110 86 98
110 86 102
110 86 106
110 86 110
110 86 114
110 90 86
110 90 90
110 90 94
110 90 98
110 90 102
110 90 106
110 90 110
110 90 114
110 94 86
110 94 90
110 94 94
110 94 98
110 94 102
110 94 106
110 94 110
110 94 114
110 98 86
110 98 90
110 98 94
110 98 98
110 98 102
110 98 106
110 98 110
110 98 114
110 102 86
110 102 90
110 102 94
110 102 98
110 102 102
110 102 106
110 102 110
110 102 114
110 106 86
110 106 90
110 106 94
110 106 98
110 106 102
110 106 106
110 106 110
110 106 114
110 110 86
110 110 90
110 110 94
110 110 98
110 110 102
110 110 106
110 110 110
110 110 114
110 114 86
110 114 90
110 114 94
110 114 98
110 114 102
110 114 106
110 114 110
110 114 114
114 86 86
114 86 90
114 86 94
114 86 98
114 86 102
114 86 106
114 86 110
114 86 114
114 90 86
114 90 90
114 90 94
114 90 98
114 90 102
114 90 106
114 90 110
114 90 114
114 94 86
114 94 90
114 94 94
114 94 98
114 94 102
114 94 106
114 94 110
114 94 114
114 98 86
114 98 90
114 98 94
114 98 98
114 98 102
114 98 106
114 98 110
114 98 114
114 102 86
114 102 90
114 102 94
114 102 98
114 102 102
114 102 106
114 102 110
114 102 114
114 106 86
114 106 90
114 106 94
114 106 98
114 106 102
114 106 106
114 106 110
114 106 114
114 110 86
114 110 90
114 110 94
114 110 98
114 110 102
114 110 106
114 110 110
114 110 114
114 114 86
114 114 90
114 114 94
114 114 98
114 114 102
114 114 106
114 114 110
114 114 114
