200
4 4 4
4 4 56
4 4 140
4 4 196
4 56 4
4 56 56
4 56 140
4 56 196
4 140 4
4 140 56
4 140 140
4 140 196
4 196 4
4 196 56
4 196 140
4 196 196
56 4 4
56 4 56
56 4 140
56 4 196
56 56 4
56 56 56
56 56 140
56 56 196
56 140 4
56 140 56
56 140 140
56 140 196
56 196 4
56 196 56
56 196 140
56 196 196
140 4 4
140 4 56
140 4 140
140 4 196
140 56 4
140 56 56
140 56 140
140 56 196
140 140 4
140 140 56
140 140 140
140 140 196
140 196 4
140 196 56
140 196 140
140 196 196
196 4 4
196 4 56
196 4 140
196 4 196
196 56 4
196 56 56
196 56 140
196 56 196
196 140 4
196 140 56
196 140 140
196 140 196
196 196 4
196 196 56
196 196 140
196 196 196
