200
0 0 0
0 0 16
0 0 32
0 0 48
0 0 148
0 0 164
0 0 180
0 0 196
0 16 0
0 16 16
0 16 32
0 16 48
0 16 148
0 16 164
0 16 180
0 16 196
0 32 0
0 32 16
0 32 32
0 32 48
0 32 148
0 32 164
0 32 180
0 32 196
0 48 0
0 48 16
0 48 32
0 48 48
0 48 148
0 48 164
0 48 180
0 48 196
0 148 0
0 148 16
0 148 32
0 148 48
0 148 148
0 148 164
0 148 180
0 148 196
0 164 0
0 164 16
0 164 32
0 164 48
0 164 148
0 164 164
0 164 180
0 164 196
0 180 0
0 180 16
0 180 32
0 180 48
0 180 148
0 180 164
0 180 180
0 180 196
0 196 0
0 196 16
0 196 32
0 196 48
0 196 148
0 196 164
0 196 180
0 196 196
16 0 0
16 0 16
16 0 32
16 0 48
16 0 148
16 0 164
16 0 180
16 0 196
16 16 0
16 16 16
16 16 32
16 16 48
16 16 148
16 16 164
16 16 180
16 16 196
16 32 0
16 32 16
16 32 32
16 32 48
16 32 148
16 32 164
16 32 180
16 32 196
16 48 0
16 48 16
16 48 32
16 48 48
16 48 148
16 48 164
16 48 180
16 48 196
16 148 0
16 148 16
16 148 32
16 148 48
16 148 148
16 148 164
16 148 180
16 148 196
16 164 0
16 164 16
16 164 32
16 164 48
16 164 148
16 164 164
16 164 180
16 164 196
16 180 0
16 180 16
16 180 32
16 180 48
16 180 148
16 180 164
16 180 180
16 180 196
16 196 0
16 196 16
16 196 32
16 196 48
16 196 148
16 196 164
16 196 180
16 196 196
32 0 0
32 0 16
32 0 32
32 0 48
32 0 148
32 0 164
32 0 180
32 0 196
32 16 0
32 16 16
32 16 32
32 16 48
32 16 148
32 16 164
32 16 180
32 16 196
32 32 0
32 32 16
32 32 32
32 32 48
32 32 148
32 32 164
32 32 180
32 32 196
32 48 0
32 48 16
32 48 32
32 48 48
32 48 148
32 48 164
32 48 180
32 48 196
32 148 0
32 148 16
32 148 32
32 148 48
32 148 148
32 148 164
32 148 180
32 148 196
32 164 0
32 164 16
32 164 32
32 164 48
32 164 148
32 164 164
32 164 180
32 164 196
32 180 0
32 180 16
32 180 32
32 180 48
32 180 148
32 180 164
32 180 180
32 180 196
32 196 0
32 196 16
32 196 32
32 196 48
32 196 148
32 196 164
32 196 180
32 196 196
48 0 0
48 0 16
48 0 32
48 0 48
48 0 148
48 0 164
48 0 180
48 0 196
48 16 0
48 16 16
48 16 32
48 16 48
48 16 148
48 16 164
48 16 180
48 16 196
48 32 0
48 32 16
48 32 32
48 32 48
48 32 148
48 32 164
48 32 180
48 32 196
48 48 0
48 48 16
48 48 32
48 48 48
48 48 148
48 48 164
48 48 180
48 48 196
48 148 0
48 148 16
48 148 32
48 148 48
48 148 148
48 148 164
48 148 180
48 148 196
48 164 0
48 164 16
48 164 32
48 164 48
48 164 148
48 164 164
48 164 180
48 164 196
48 180 0
48 180 16
48 180 32
48 180 48
48 180 148
48 180 164
48 180 180
48 180 196
48 196 0
48 196 16
48 196 32
48 196 48
48 196 148
48 196 164
48 196 180
48 196 196
148 0 0
148 0 16
148 0 32
148 0 48
148 0 148
148 0 164
148 0 180
148 0 196
148 16 0
148 16 16
148 16 32
148 16 48
148 16 148
148 16 164
148 16 180
148 16 196
148 32 0
148 32 16
148 32 32
148 32 48
148 32 148
148 32 164
148 32 180
148 32 196
148 48 0
148 48 16
148 48 32
148 48 48
148 48 148
148 48 164
148 48 180
148 48 196
148 148 0
148 148 16
148 148 32
148 148 48
148 148 148
148 148 164
148 148 180
148 148 196
148 164 0
148 164 16
148 164 32
148 164 48
148 164 148
148 164 164
148 164 180
148 164 196
148 180 0
148 180 16
148 180 32
148 180 48
148 180 148
148 180 164
148 180 180
148 180 196
148 196 0
148 196 16
148 196 32
148 196 48
148 196 148
148 196 164
148 196 180
148 196 196
164 0 0
164 0 16
164 0 32
164 0 48
164 0 148
164 0 164
164 0 180
164 0 196
164 16 0
164 16 16
164 16 32
164 16 48
164 16 148
164 16 164
164 16 180
164 16 196
164 32 0
164 32 16
164 32 32
164 32 48
164 32 148
164 32 164
164 32 180
164 32 196
164 48 0
164 48 16
164 48 32
164 48 48
164 48 148
164 48 164
164 48 180
164 48 196
164 148 0
164 148 16
164 148 32
164 148 48
164 148 148
164 148 164
164 148 180
164 148 196
164 164 0
164 164 16
164 164 32
164 164 48
164 164 148
164 164 164
164 164 180
164 164 196
164 180 0
164 180 16
164 180 32
164 180 48
164 180 148
164 180 164
164 180 180
164 180 196
164 196 0
164 196 16
164 196 32
164 196 48
164 196 148
164 196 164
164 196 180
164 196 196
180 0 0
180 0 16
180 0 32
180 0 48
180 0 148
180 0 164
180 0 180
180 0 196
180 16 0
180 16 16
180 16 32
180 16 48
180 16 148
180 16 164
180 16 180
180 16 196
180 32 0
180 32 16
180 32 32
180 32 48
180 32 148
180 32 164
180 32 180
180 32 196
180 48 0
180 48 16
180 48 32
180 48 48
180 48 148
180 48 164
180 48 180
180 48 196
180 148 0
180 148 16
180 148 32
180 148 48
180 148 148
180 148 164
180 148 180
180 148 196
180 164 0
180 164 16
180 164 32
180 164 48
180 164 148
180 164 164
180 164 180
180 164 196
180 180 0
180 180 16
180 180 32
180 180 48
180 180 148
180 180 164
180 180 180
180 180 196
180 196 0
180 196 16
180 196 32
180 196 48
180 196 148
180 196 164
180 196 180
180 196 196
196 0 0
196 0 16
196 0 32
196 0 48
196 0 148
196 0 164
196 0 180
196 0 196
196 16 0
196 16 16
196 16 32
196 16 48
196 16 148
196 16 164
196 16 180
196 16 196
196 32 0
196 32 16
196 32 32
196 32 48
196 32 148
196 32 164
196 32 180
196 32 196
196 48 0
196 48 16
196 48 32
196 48 48
196 48 148
196 48 164
196 48 180
196 48 196
196 148 0
196 148 16
196 148 32
196 148 48
196 148 148
196 148 164
196 148 180
196 148 196
196 164 0
196 164 16
196 164 32
196 164 48
196 164 148
196 164 164
196 164 180
196 164 196
196 180 0
196 180 16
196 180 32
196 180 48
196 180 148
196 180 164
196 180 180
196 180 196
196 196 0
196 196 16
196 196 32
196 196 48
196 196 148
196 196 164
196 196 180
196 196 196
