200
91 91 91
91 91 92
91 91 93
91 91 107
91 91 108
91 91 109
91 92 91
91 92 92
91 92 93
91 92 107
91 92 108
91 92 109
91 93 91
91 93 92
91 93 93
91 93 107
91 93 108
91 93 109
91 107 91
91 107 92
91 107 93
91 107 107
91 107 108
91 107 109
91 108 91
91 108 92
91 108 93
91 108 107
91 108 108
91 108 109
91 109 91
91 109 92
91 109 93
91 109 107
91 109 108
91 109 109
92 91 91
92 91 92
92 91 93
92 91 107
92 91 108
92 91 109
92 92 91
92 92 93
92 92 107
92 92 109
92 93 91
92 93 92
92 93 93
92 93 107
92 93 108
92 93 109
92 107 91
92 107 92
92 107 93
92 107 107
92 107 108
92 107 109
92 108 91
92 108 93
92 108 107
92 108 109
92 109 91
92 109 92
92 109 93
92 109 107
92 109 108
92 109 109
93 91 91
93 91 92
93 91 93
93 91 107
93 91 108
93 91 109
93 92 91
93 92 92
93 92 93
93 92 107
93 92 108
93 92 109
93 93 91
93 93 92
93 93 93
93 93 107
93 93 108
93 93 109
93 107 91
93 107 92
93 107 93
93 107 107
93 107 108
93 107 109
93 108 91
93 108 92
93 108 93
93 108 107
93 108 108
93 108 109
93 109 91
93 109 92
93 109 93
93 109 107
93 109 108
93 109 109
107 91 91
107 91 92
107 91 93
107 91 107
107 91 108
107 91 109
107 92 91
107 92 92
107 92 93
107 92 107
107 92 108
107 92 109
107 93 91
107 93 92
107 93 93
107 93 107
107 93 108
107 93 109
107 107 91
107 107 92
107 107 93
107 107 107
107 107 108
107 107 109
107 108 91
107 108 92
107 108 93
107 108 107
107 108 108
107 108 109
107 109 91
107 109 92
107 109 93
107 109 107
107 109 108
107 109 109
108 91 91
108 91 92
108 91 93
108 91 107
108 91 108
108 91 109
108 92 91
108 92 93
108 92 107
108 92 109
108 93 91
108 93 92
108 93 93
108 93 107
108 93 108
108 93 109
108 107 91
108 107 92
108 107 93
108 107 107
108 107 108
108 107 109
108 108 91
108 108 93
108 108 107
108 108 109
108 109 91
108 109 92
108 109 93
108 109 107
108 109 108
108 109 109
109 91 91
109 91 92
109 91 93
109 91 107
109 91 108
109 91 109
109 92 91
109 92 92
109 92 93
109 92 107
109 92 108
109 92 109
109 93 91
109 93 92
109 93 93
109 93 107
109 93 108
109 93 109
109 107 91
109 107 92
109 107 93
109 107 107
109 107 108
109 107 109
109 108 91
109 108 92
109 108 93
109 108 107
109 108 108
109 108 109
109 109 91
109 109 92
109 109 93
109 109 107
109 109 108
109 109 109
