200
40 40 40
40 40 48
40 40 56
40 40 64
40 40 72
40 40 80
40 40 88
40 40 96
40 40 104
40 40 112
40 40 120
40 40 128
40 40 136
40 40 144
40 40 152
40 40 160
40 48 40
40 48 48
40 48 56
40 48 64
40 48 72
40 48 80
40 48 88
40 48 96
40 48 104
40 48 112
40 48 120
40 48 128
40 48 136
40 48 144
40 48 152
40 48 160
40 56 40
40 56 48
40 56 56
40 56 64
40 56 72
40 56 80
40 56 88
40 56 96
40 56 104
40 56 112
40 56 120
40 56 128
40 56 136
40 56 144
40 56 152
40 56 160
40 64 40
40 64 48
40 64 56
40 64 64
40 64 72
40 64 80
40 64 88
40 64 96
40 64 104
40 64 112
40 64 120
40 64 128
40 64 136
40 64 144
40 64 152
40 64 160
40 72 40
40 72 48
40 72 56
40 72 64
40 72 72
40 72 80
40 72 88
40 72 96
40 72 104
40 72 112
40 72 120
40 72 128
40 72 136
40 72 144
40 72 152
40 72 160
40 80 40
40 80 48
40 80 56
40 80 64
40 80 72
40 80 80
40 80 88
40 80 96
40 80 104
40 80 112
40 80 120
40 80 128
40 80 136
40 80 144
40 80 152
40 80 160
40 88 40
40 88 48
40 88 56
40 88 64
40 88 72
40 88 80
40 88 88
40 88 96
40 88 104
40 88 112
40 88 120
40 88 128
40 88 136
40 88 144
40 88 152
40 88 160
40 96 40
40 96 48
40 96 56
40 96 64
40 96 72
40 96 80
40 96 88
40 96 96
40 96 104
40 96 112
40 96 120
40 96 128
40 96 136
40 96 144
40 96 152
40 96 160
40 104 40
40 104 48
40 104 56
40 104 64
40 104 72
40 104 80
40 104 88
40 104 96
40 104 104
40 104 112
40 104 120
40 104 128
40 104 136
40 104 144
40 104 152
40 104 160
40 112 40
40 112 48
40 112 56
40 112 64
40 112 72
40 112 80
40 112 88
40 112 96
40 112 104
40 112 112
40 112 120
40 112 128
40 112 136
40 112 144
40 112 152
40 112 160
40 120 40
40 120 48
40 120 56
40 120 64
40 120 72
40 120 80
40 120 88
40 120 96
40 120 104
40 120 112
40 120 120
40 120 128
40 120 136
40 120 144
40 120 152
40 120 160
40 128 40
40 128 48
40 128 56
40 128 64
40 128 72
40 128 80
40 128 88
40 128 96
40 128 104
40 128 112
40 128 120
40 128 128
40 128 136
40 128 144
40 128 152
40 128 160
40 136 40
40 136 48
40 136 56
40 136 64
40 136 72
40 136 80
40 136 88
40 136 96
40 136 104
40 136 112
40 136 120
40 136 128
40 136 136
40 136 144
40 136 152
40 136 160
40 144 40
40 144 48
40 144 56
40 144 64
40 144 72
40 144 80
40 144 88
40 144 96
40 144 104
40 144 112
40 144 120
40 144 128
40 144 136
40 144 144
40 144 152
40 144 160
40 152 40
40 152 48
40 152 56
40 152 64
40 152 72
40 152 80
40 152 88
40 152 96
40 152 104
40 152 112
40 152 120
40 152 128
40 152 136
40 152 144
40 152 152
40 152 160
40 160 40
40 160 48
40 160 56
40 160 64
40 160 72
40 160 80
40 160 88
40 160 96
40 160 104
40 160 112
40 160 120
40 160 128
40 160 136
40 160 144
40 160 152
40 160 160
48 40 40
48 40 48
48 40 56
48 40 64
48 40 72
48 40 80
48 40 88
48 40 96
48 40 104
48 40 112
48 40 120
48 40 128
48 40 136
48 40 144
48 40 152
48 40 160
48 48 40
48 48 48
48 48 56
48 48 64
48 48 72
48 48 80
48 48 88
48 48 96
48 48 104
48 48 112
48 48 120
48 48 128
48 48 136
48 48 144
48 48 152
48 48 160
48 56 40
48 56 48
48 56 56
48 56 64
48 56 72
48 56 80
48 56 88
48 56 96
48 56 104
48 56 112
48 56 120
48 56 128
48 56 136
48 56 144
48 56 152
48 56 160
48 64 40
48 64 48
48 64 56
48 64 64
48 64 72
48 64 80
48 64 88
48 64 96
48 64 104
48 64 112
48 64 120
48 64 128
48 64 136
48 64 144
48 64 152
48 64 160
48 72 40
48 72 48
48 72 56
48 72 64
48 72 72
48 72 80
48 72 88
48 72 96
48 72 104
48 72 112
48 72 120
48 72 128
48 72 136
48 72 144
48 72 152
48 72 160
48 80 40
48 80 48
48 80 56
48 80 64
48 80 72
48 80 80
48 80 88
48 80 96
48 80 104
48 80 112
48 80 120
48 80 128
48 80 136
48 80 144
48 80 152
48 80 160
48 88 40
48 88 48
48 88 56
48 88 64
48 88 72
48 88 80
48 88 88
48 88 96
48 88 104
48 88 112
48 88 120
48 88 128
48 88 136
48 88 144
48 88 152
48 88 160
48 96 40
48 96 48
48 96 56
48 96 64
48 96 72
48 96 80
48 96 88
48 96 96
48 96 104
48 96 112
48 96 120
48 96 128
48 96 136
48 96 144
48 96 152
48 96 160
48 104 40
48 104 48
48 104 56
48 104 64
48 104 72
48 104 80
48 104 88
48 104 96
48 104 104
48 104 112
48 104 120
48 104 128
48 104 136
48 104 144
48 104 152
48 104 160
48 112 40
48 112 48
48 112 56
48 112 64
48 112 72
48 112 80
48 112 88
48 112 96
48 112 104
48 112 112
48 112 120
48 112 128
48 112 136
48 112 144
48 112 152
48 112 160
48 120 40
48 120 48
48 120 56
48 120 64
48 120 72
48 120 80
48 120 88
48 120 96
48 120 104
48 120 112
48 120 120
48 120 128
48 120 136
48 120 144
48 120 152
48 120 160
48 128 40
48 128 48
48 128 56
48 128 64
48 128 72
48 128 80
48 128 88
48 128 96
48 128 104
48 128 112
48 128 120
48 128 128
48 128 136
48 128 144
48 128 152
48 128 160
48 136 40
48 136 48
48 136 56
48 136 64
48 136 72
48 136 80
48 136 88
48 136 96
48 136 104
48 136 112
48 136 120
48 136 128
48 136 136
48 136 144
48 136 152
48 136 160
48 144 40
48 144 48
48 144 56
48 144 64
48 144 72
48 144 80
48 144 88
48 144 96
48 144 104
48 144 112
48 144 120
48 144 128
48 144 136
48 144 144
48 144 152
48 144 160
48 152 40
48 152 48
48 152 56
48 152 64
48 152 72
48 152 80
48 152 88
48 152 96
48 152 104
48 152 112
48 152 120
48 152 128
48 152 136
48 152 144
48 152 152
48 152 160
48 160 40
48 160 48
48 160 56
48 160 64
48 160 72
48 160 80
48 160 88
48 160 96
48 160 104
48 160 112
48 160 120
48 160 128
48 160 136
48 160 144
48 160 152
48 160 160
56 40 40
56 40 48
56 40 56
56 40 64
56 40 72
56 40 80
56 40 88
56 40 96
56 40 104
56 40 112
56 40 120
56 40 128
56 40 136
56 40 144
56 40 152
56 40 160
56 48 40
56 48 48
56 48 56
56 48 64
56 48 72
56 48 80
56 48 88
56 48 96
56 48 104
56 48 112
56 48 120
56 48 128
56 48 136
56 48 144
56 48 152
56 48 160
56 56 40
56 56 48
56 56 56
56 56 64
56 56 72
56 56 80
56 56 88
56 56 96
56 56 104
56 56 112
56 56 120
56 56 128
56 56 136
56 56 144
56 56 152
56 56 160
56 64 40
56 64 48
56 64 56
56 64 64
56 64 72
56 64 80
56 64 88
56 64 96
56 64 104
56 64 112
56 64 120
56 64 128
56 64 136
56 64 144
56 64 152
56 64 160
56 72 40
56 72 48
56 72 56
56 72 64
56 72 72
56 72 80
56 72 88
56 72 96
56 72 104
56 72 112
56 72 120
56 72 128
56 72 136
56 72 144
56 72 152
56 72 160
56 80 40
56 80 48
56 80 56
56 80 64
56 80 72
56 80 80
56 80 88
56 80 96
56 80 104
56 80 112
56 80 120
56 80 128
56 80 136
56 80 144
56 80 152
56 80 160
56 88 40
56 88 48
56 88 56
56 88 64
56 88 72
56 88 80
56 88 88
56 88 96
56 88 104
56 88 112
56 88 120
56 88 128
56 88 136
56 88 144
56 88 152
56 88 160
56 96 40
56 96 48
56 96 56
56 96 64
56 96 72
56 96 80
56 96 88
56 96 96
56 96 104
56 96 112
56 96 120
56 96 128
56 96 136
56 96 144
56 96 152
56 96 160
56 104 40
56 104 48
56 104 56
56 104 64
56 104 72
56 104 80
56 104 88
56 104 96
56 104 104
56 104 112
56 104 120
56 104 128
56 104 136
56 104 144
56 104 152
56 104 160
56 112 40
56 112 48
56 112 56
56 112 64
56 112 72
56 112 80
56 112 88
56 112 96
56 112 104
56 112 112
56 112 120
56 112 128
56 112 136
56 112 144
56 112 152
56 112 160
56 120 40
56 120 48
56 120 56
56 120 64
56 120 72
56 120 80
56 120 88
56 120 96
56 120 104
56 120 112
56 120 120
56 120 128
56 120 136
56 120 144
56 120 152
56 120 160
56 128 40
56 128 48
56 128 56
56 128 64
56 128 72
56 128 80
56 128 88
56 128 96
56 128 104
56 128 112
56 128 120
56 128 128
56 128 136
56 128 144
56 128 152
56 128 160
56 136 40
56 136 48
56 136 56
56 136 64
56 136 72
56 136 80
56 136 88
56 136 96
56 136 104
56 136 112
56 136 120
56 136 128
56 136 136
56 136 144
56 136 152
56 136 160
56 144 40
56 144 48
56 144 56
56 144 64
56 144 72
56 144 80
56 144 88
56 144 96
56 144 104
56 144 112
56 144 120
56 144 128
56 144 136
56 144 144
56 144 152
56 144 160
56 152 40
56 152 48
56 152 56
56 152 64
56 152 72
56 152 80
56 152 88
56 152 96
56 152 104
56 152 112
56 152 120
56 152 128
56 152 136
56 152 144
56 152 152
56 152 160
56 160 40
56 160 48
56 160 56
56 160 64
56 160 72
56 160 80
56 160 88
56 160 96
56 160 104
56 160 112
56 160 120
56 160 128
56 160 136
56 160 144
56 160 152
56 160 160
64 40 40
64 40 48
64 40 56
64 40 64
64 40 72
64 40 80
64 40 88
64 40 96
64 40 104
64 40 112
64 40 120
64 40 128
64 40 136
64 40 144
64 40 152
64 40 160
64 48 40
64 48 48
64 48 56
64 48 64
64 48 72
64 48 80
64 48 88
64 48 96
64 48 104
64 48 112
64 48 120
64 48 128
64 48 136
64 48 144
64 48 152
64 48 160
64 56 40
64 56 48
64 56 56
64 56 64
64 56 72
64 56 80
64 56 88
64 56 96
64 56 104
64 56 112
64 56 120
64 56 128
64 56 136
64 56 144
64 56 152
64 56 160
64 64 40
64 64 48
64 64 56
64 64 64
64 64 72
64 64 80
64 64 88
64 64 96
64 64 104
64 64 112
64 64 120
64 64 128
64 64 136
64 64 144
64 64 152
64 64 160
64 72 40
64 72 48
64 72 56
64 72 64
64 72 72
64 72 80
64 72 88
64 72 96
64 72 104
64 72 112
64 72 120
64 72 128
64 72 136
64 72 144
64 72 152
64 72 160
64 80 40
64 80 48
64 80 56
64 80 64
64 80 72
64 80 80
64 80 88
64 80 96
64 80 104
64 80 112
64 80 120
64 80 128
64 80 136
64 80 144
64 80 152
64 80 160
64 88 40
64 88 48
64 88 56
64 88 64
64 88 72
64 88 80
64 88 88
64 88 96
64 88 104
64 88 112
64 88 120
64 88 128
64 88 136
64 88 144
64 88 152
64 88 160
64 96 40
64 96 48
64 96 56
64 96 64
64 96 72
64 96 80
64 96 88
64 96 96
64 96 104
64 96 112
64 96 120
64 96 128
64 96 136
64 96 144
64 96 152
64 96 160
64 104 40
64 104 48
64 104 56
64 104 64
64 104 72
64 104 80
64 104 88
64 104 96
64 104 104
64 104 112
64 104 120
64 104 128
64 104 136
64 104 144
64 104 152
64 104 160
64 112 40
64 112 48
64 112 56
64 112 64
64 112 72
64 112 80
64 112 88
64 112 96
64 112 104
64 112 112
64 112 120
64 112 128
64 112 136
64 112 144
64 112 152
64 112 160
64 120 40
64 120 48
64 120 56
64 120 64
64 120 72
64 120 80
64 120 88
64 120 96
64 120 104
64 120 112
64 120 120
64 120 128
64 120 136
64 120 144
64 120 152
64 120 160
64 128 40
64 128 48
64 128 56
64 128 64
64 128 72
64 128 80
64 128 88
64 128 96
64 128 104
64 128 112
64 128 120
64 128 128
64 128 136
64 128 144
64 128 152
64 128 160
64 136 40
64 136 48
64 136 56
64 136 64
64 136 72
64 136 80
64 136 88
64 136 96
64 136 104
64 136 112
64 136 120
64 136 128
64 136 136
64 136 144
64 136 152
64 136 160
64 144 40
64 144 48
64 144 56
64 144 64
64 144 72
64 144 80
64 144 88
64 144 96
64 144 104
64 144 112
64 144 120
64 144 128
64 144 136
64 144 144
64 144 152
64 144 160
64 152 40
64 152 48
64 152 56
64 152 64
64 152 72
64 152 80
64 152 88
64 152 96
64 152 104
64 152 112
64 152 120
64 152 128
64 152 136
64 152 144
64 152 152
64 152 160
64 160 40
64 160 48
64 160 56
64 160 64
64 160 72
64 160 80
64 160 88
64 160 96
64 160 104
64 160 112
64 160 120
64 160 128
64 160 136
64 160 144
64 160 152
64 160 160
72 40 40
72 40 48
72 40 56
72 40 64
72 40 72
72 40 80
72 40 88
72 40 96
72 40 104
72 40 112
72 40 120
72 40 128
72 40 136
72 40 144
72 40 152
72 40 160
72 48 40
72 48 48
72 48 56
72 48 64
72 48 72
72 48 80
72 48 88
72 48 96
72 48 104
72 48 112
72 48 120
72 48 128
72 48 136
72 48 144
72 48 152
72 48 160
72 56 40
72 56 48
72 56 56
72 56 64
72 56 72
72 56 80
72 56 88
72 56 96
72 56 104
72 56 112
72 56 120
72 56 128
72 56 136
72 56 144
72 56 152
72 56 160
72 64 40
72 64 48
72 64 56
72 64 64
72 64 72
72 64 80
72 64 88
72 64 96
72 64 104
72 64 112
72 64 120
72 64 128
72 64 136
72 64 144
72 64 152
72 64 160
72 72 40
72 72 48
72 72 56
72 72 64
72 72 72
72 72 80
72 72 88
72 72 96
72 72 104
72 72 112
72 72 120
72 72 128
72 72 136
72 72 144
72 72 152
72 72 160
72 80 40
72 80 48
72 80 56
72 80 64
72 80 72
72 80 80
72 80 88
72 80 96
72 80 104
72 80 112
72 80 120
72 80 128
72 80 136
72 80 144
72 80 152
72 80 160
72 88 40
72 88 48
72 88 56
72 88 64
72 88 72
72 88 80
72 88 88
72 88 96
72 88 104
72 88 112
72 88 120
72 88 128
72 88 136
72 88 144
72 88 152
72 88 160
72 96 40
72 96 48
72 96 56
72 96 64
72 96 72
72 96 80
72 96 88
72 96 96
72 96 104
72 96 112
72 96 120
72 96 128
72 96 136
72 96 144
72 96 152
72 96 160
72 104 40
72 104 48
72 104 56
72 104 64
72 104 72
72 104 80
72 104 88
72 104 96
72 104 104
72 104 112
72 104 120
72 104 128
72 104 136
72 104 144
72 104 152
72 104 160
72 112 40
72 112 48
72 112 56
72 112 64
72 112 72
72 112 80
72 112 88
72 112 96
72 112 104
72 112 112
72 112 120
72 112 128
72 112 136
72 112 144
72 112 152
72 112 160
72 120 40
72 120 48
72 120 56
72 120 64
72 120 72
72 120 80
72 120 88
72 120 96
72 120 104
72 120 112
72 120 120
72 120 128
72 120 136
72 120 144
72 120 152
72 120 160
72 128 40
72 128 48
72 128 56
72 128 64
72 128 72
72 128 80
72 128 88
72 128 96
72 128 104
72 128 112
72 128 120
72 128 128
72 128 136
72 128 144
72 128 152
72 128 160
72 136 40
72 136 48
72 136 56
72 136 64
72 136 72
72 136 80
72 136 88
72 136 96
72 136 104
72 136 112
72 136 120
72 136 128
72 136 136
72 136 144
72 136 152
72 136 160
72 144 40
72 144 48
72 144 56
72 144 64
72 144 72
72 144 80
72 144 88
72 144 96
72 144 104
72 144 112
72 144 120
72 144 128
72 144 136
72 144 144
72 144 152
72 144 160
72 152 40
72 152 48
72 152 56
72 152 64
72 152 72
72 152 80
72 152 88
72 152 96
72 152 104
72 152 112
72 152 120
72 152 128
72 152 136
72 152 144
72 152 152
72 152 160
72 160 40
72 160 48
72 160 56
72 160 64
72 160 72
72 160 80
72 160 88
72 160 96
72 160 104
72 160 112
72 160 120
72 160 128
72 160 136
72 160 144
72 160 152
72 160 160
80 40 40
80 40 48
80 40 56
80 40 64
80 40 72
80 40 80
80 40 88
80 40 96
80 40 104
80 40 112
80 40 120
80 40 128
80 40 136
80 40 144
80 40 152
80 40 160
80 48 40
80 48 48
80 48 56
80 48 64
80 48 72
80 48 80
80 48 88
80 48 96
80 48 104
80 48 112
80 48 120
80 48 128
80 48 136
80 48 144
80 48 152
80 48 160
80 56 40
80 56 48
80 56 56
80 56 64
80 56 72
80 56 80
80 56 88
80 56 96
80 56 104
80 56 112
80 56 120
80 56 128
80 56 136
80 56 144
80 56 152
80 56 160
80 64 40
80 64 48
80 64 56
80 64 64
80 64 72
80 64 80
80 64 88
80 64 96
80 64 104
80 64 112
80 64 120
80 64 128
80 64 136
80 64 144
80 64 152
80 64 160
80 72 40
80 72 48
80 72 56
80 72 64
80 72 72
80 72 80
80 72 88
80 72 96
80 72 104
80 72 112
80 72 120
80 72 128
80 72 136
80 72 144
80 72 152
80 72 160
80 80 40
80 80 48
80 80 56
80 80 64
80 80 72
80 80 80
80 80 88
80 80 96
80 80 104
80 80 112
80 80 120
80 80 128
80 80 136
80 80 144
80 80 152
80 80 160
80 88 40
80 88 48
80 88 56
80 88 64
80 88 72
80 88 80
80 88 88
80 88 96
80 88 104
80 88 112
80 88 120
80 88 128
80 88 136
80 88 144
80 88 152
80 88 160
80 96 40
80 96 48
80 96 56
80 96 64
80 96 72
80 96 80
80 96 88
80 96 96
80 96 104
80 96 112
80 96 120
80 96 128
80 96 136
80 96 144
80 96 152
80 96 160
80 104 40
80 104 48
80 104 56
80 104 64
80 104 72
80 104 80
80 104 88
80 104 96
80 104 104
80 104 112
80 104 120
80 104 128
80 104 136
80 104 144
80 104 152
80 104 160
80 112 40
80 112 48
80 112 56
80 112 64
80 112 72
80 112 80
80 112 88
80 112 96
80 112 104
80 112 112
80 112 120
80 112 128
80 112 136
80 112 144
80 112 152
80 112 160
80 120 40
80 120 48
80 120 56
80 120 64
80 120 72
80 120 80
80 120 88
80 120 96
80 120 104
80 120 112
80 120 120
80 120 128
80 120 136
80 120 144
80 120 152
80 120 160
80 128 40
80 128 48
80 128 56
80 128 64
80 128 72
80 128 80
80 128 88
80 128 96
80 128 104
80 128 112
80 128 120
80 128 128
80 128 136
80 128 144
80 128 152
80 128 160
80 136 40
80 136 48
80 136 56
80 136 64
80 136 72
80 136 80
80 136 88
80 136 96
80 136 104
80 136 112
80 136 120
80 136 128
80 136 136
80 136 144
80 136 152
80 136 160
80 144 40
80 144 48
80 144 56
80 144 64
80 144 72
80 144 80
80 144 88
80 144 96
80 144 104
80 144 112
80 144 120
80 144 128
80 144 136
80 144 144
80 144 152
80 144 160
80 152 40
80 152 48
80 152 56
80 152 64
80 152 72
80 152 80
80 152 88
80 152 96
80 152 104
80 152 112
80 152 120
80 152 128
80 152 136
80 152 144
80 152 152
80 152 160
80 160 40
80 160 48
80 160 56
80 160 64
80 160 72
80 160 80
80 160 88
80 160 96
80 160 104
80 160 112
80 160 120
80 160 128
80 160 136
80 160 144
80 160 152
80 160 160
88 40 40
88 40 48
88 40 56
88 40 64
88 40 72
88 40 80
88 40 88
88 40 96
88 40 104
88 40 112
88 40 120
88 40 128
88 40 136
88 40 144
88 40 152
88 40 160
88 48 40
88 48 48
88 48 56
88 48 64
88 48 72
88 48 80
88 48 88
88 48 96
88 48 104
88 48 112
88 48 120
88 48 128
88 48 136
88 48 144
88 48 152
88 48 160
88 56 40
88 56 48
88 56 56
88 56 64
88 56 72
88 56 80
88 56 88
88 56 96
88 56 104
88 56 112
88 56 120
88 56 128
88 56 136
88 56 144
88 56 152
88 56 160
88 64 40
88 64 48
88 64 56
88 64 64
88 64 72
88 64 80
88 64 88
88 64 96
88 64 104
88 64 112
88 64 120
88 64 128
88 64 136
88 64 144
88 64 152
88 64 160
88 72 40
88 72 48
88 72 56
88 72 64
88 72 72
88 72 80
88 72 88
88 72 96
88 72 104
88 72 112
88 72 120
88 72 128
88 72 136
88 72 144
88 72 152
88 72 160
88 80 40
88 80 48
88 80 56
88 80 64
88 80 72
88 80 80
88 80 88
88 80 96
88 80 104
88 80 112
88 80 120
88 80 128
88 80 136
88 80 144
88 80 152
88 80 160
88 88 40
88 88 48
88 88 56
88 88 64
88 88 72
88 88 80
88 88 88
88 88 96
88 88 104
88 88 112
88 88 120
88 88 128
88 88 136
88 88 144
88 88 152
88 88 160
88 96 40
88 96 48
88 96 56
88 96 64
88 96 72
88 96 80
88 96 88
88 96 96
88 96 104
88 96 112
88 96 120
88 96 128
88 96 136
88 96 144
88 96 152
88 96 160
88 104 40
88 104 48
88 104 56
88 104 64
88 104 72
88 104 80
88 104 88
88 104 96
88 104 104
88 104 112
88 104 120
88 104 128
88 104 136
88 104 144
88 104 152
88 104 160
88 112 40
88 112 48
88 112 56
88 112 64
88 112 72
88 112 80
88 112 88
88 112 96
88 112 104
88 112 112
88 112 120
88 112 128
88 112 136
88 112 144
88 112 152
88 112 160
88 120 40
88 120 48
88 120 56
88 120 64
88 120 72
88 120 80
88 120 88
88 120 96
88 120 104
88 120 112
88 120 120
88 120 128
88 120 136
88 120 144
88 120 152
88 120 160
88 128 40
88 128 48
88 128 56
88 128 64
88 128 72
88 128 80
88 128 88
88 128 96
88 128 104
88 128 112
88 128 120
88 128 128
88 128 136
88 128 144
88 128 152
88 128 160
88 136 40
88 136 48
88 136 56
88 136 64
88 136 72
88 136 80
88 136 88
88 136 96
88 136 104
88 136 112
88 136 120
88 136 128
88 136 136
88 136 144
88 136 152
88 136 160
88 144 40
88 144 48
88 144 56
88 144 64
88 144 72
88 144 80
88 144 88
88 144 96
88 144 104
88 144 112
88 144 120
88 144 128
88 144 136
88 144 144
88 144 152
88 144 160
88 152 40
88 152 48
88 152 56
88 152 64
88 152 72
88 152 80
88 152 88
88 152 96
88 152 104
88 152 112
88 152 120
88 152 128
88 152 136
88 152 144
88 152 152
88 152 160
88 160 40
88 160 48
88 160 56
88 160 64
88 160 72
88 160 80
88 160 88
88 160 96
88 160 104
88 160 112
88 160 120
88 160 128
88 160 136
88 160 144
88 160 152
88 160 160
96 40 40
96 40 48
96 40 56
96 40 64
96 40 72
96 40 80
96 40 88
96 40 96
96 40 104
96 40 112
96 40 120
96 40 128
96 40 136
96 40 144
96 40 152
96 40 160
96 48 40
96 48 48
96 48 56
96 48 64
96 48 72
96 48 80
96 48 88
96 48 96
96 48 104
96 48 112
96 48 120
96 48 128
96 48 136
96 48 144
96 48 152
96 48 160
96 56 40
96 56 48
96 56 56
96 56 64
96 56 72
96 56 80
96 56 88
96 56 96
96 56 104
96 56 112
96 56 120
96 56 128
96 56 136
96 56 144
96 56 152
96 56 160
96 64 40
96 64 48
96 64 56
96 64 64
96 64 72
96 64 80
96 64 88
96 64 96
96 64 104
96 64 112
96 64 120
96 64 128
96 64 136
96 64 144
96 64 152
96 64 160
96 72 40
96 72 48
96 72 56
96 72 64
96 72 72
96 72 80
96 72 88
96 72 96
96 72 104
96 72 112
96 72 120
96 72 128
96 72 136
96 72 144
96 72 152
96 72 160
96 80 40
96 80 48
96 80 56
96 80 64
96 80 72
96 80 80
96 80 88
96 80 96
96 80 104
96 80 112
96 80 120
96 80 128
96 80 136
96 80 144
96 80 152
96 80 160
96 88 40
96 88 48
96 88 56
96 88 64
96 88 72
96 88 80
96 88 88
96 88 96
96 88 104
96 88 112
96 88 120
96 88 128
96 88 136
96 88 144
96 88 152
96 88 160
96 96 40
96 96 48
96 96 56
96 96 64
96 96 72
96 96 80
96 96 88
96 96 96
96 96 104
96 96 112
96 96 120
96 96 128
96 96 136
96 96 144
96 96 152
96 96 160
96 104 40
96 104 48
96 104 56
96 104 64
96 104 72
96 104 80
96 104 88
96 104 96
96 104 104
96 104 112
96 104 120
96 104 128
96 104 136
96 104 144
96 104 152
96 104 160
96 112 40
96 112 48
96 112 56
96 112 64
96 112 72
96 112 80
96 112 88
96 112 96
96 112 104
96 112 112
96 112 120
96 112 128
96 112 136
96 112 144
96 112 152
96 112 160
96 120 40
96 120 48
96 120 56
96 120 64
96 120 72
96 120 80
96 120 88
96 120 96
96 120 104
96 120 112
96 120 120
96 120 128
96 120 136
96 120 144
96 120 152
96 120 160
96 128 40
96 128 48
96 128 56
96 128 64
96 128 72
96 128 80
96 128 88
96 128 96
96 128 104
96 128 112
96 128 120
96 128 128
96 128 136
96 128 144
96 128 152
96 128 160
96 136 40
96 136 48
96 136 56
96 136 64
96 136 72
96 136 80
96 136 88
96 136 96
96 136 104
96 136 112
96 136 120
96 136 128
96 136 136
96 136 144
96 136 152
96 136 160
96 144 40
96 144 48
96 144 56
96 144 64
96 144 72
96 144 80
96 144 88
96 144 96
96 144 104
96 144 112
96 144 120
96 144 128
96 144 136
96 144 144
96 144 152
96 144 160
96 152 40
96 152 48
96 152 56
96 152 64
96 152 72
96 152 80
96 152 88
96 152 96
96 152 104
96 152 112
96 152 120
96 152 128
96 152 136
96 152 144
96 152 152
96 152 160
96 160 40
96 160 48
96 160 56
96 160 64
96 160 72
96 160 80
96 160 88
96 160 96
96 160 104
96 160 112
96 160 120
96 160 128
96 160 136
96 160 144
96 160 152
96 160 160
104 40 40
104 40 48
104 40 56
104 40 64
104 40 72
104 40 80
104 40 88
104 40 96
104 40 104
104 40 112
104 40 120
104 40 128
104 40 136
104 40 144
104 40 152
104 40 160
104 48 40
104 48 48
104 48 56
104 48 64
104 48 72
104 48 80
104 48 88
104 48 96
104 48 104
104 48 112
104 48 120
104 48 128
104 48 136
104 48 144
104 48 152
104 48 160
104 56 40
104 56 48
104 56 56
104 56 64
104 56 72
104 56 80
104 56 88
104 56 96
104 56 104
104 56 112
104 56 120
104 56 128
104 56 136
104 56 144
104 56 152
104 56 160
104 64 40
104 64 48
104 64 56
104 64 64
104 64 72
104 64 80
104 64 88
104 64 96
104 64 104
104 64 112
104 64 120
104 64 128
104 64 136
104 64 144
104 64 152
104 64 160
104 72 40
104 72 48
104 72 56
104 72 64
104 72 72
104 72 80
104 72 88
104 72 96
104 72 104
104 72 112
104 72 120
104 72 128
104 72 136
104 72 144
104 72 152
104 72 160
104 80 40
104 80 48
104 80 56
104 80 64
104 80 72
104 80 80
104 80 88
104 80 96
104 80 104
104 80 112
104 80 120
104 80 128
104 80 136
104 80 144
104 80 152
104 80 160
104 88 40
104 88 48
104 88 56
104 88 64
104 88 72
104 88 80
104 88 88
104 88 96
104 88 104
104 88 112
104 88 120
104 88 128
104 88 136
104 88 144
104 88 152
104 88 160
104 96 40
104 96 48
104 96 56
104 96 64
104 96 72
104 96 80
104 96 88
104 96 96
104 96 104
104 96 112
104 96 120
104 96 128
104 96 136
104 96 144
104 96 152
104 96 160
104 104 40
104 104 48
104 104 56
104 104 64
104 104 72
104 104 80
104 104 88
104 104 96
104 104 104
104 104 112
104 104 120
104 104 128
104 104 136
104 104 144
104 104 152
104 104 160
104 112 40
104 112 48
104 112 56
104 112 64
104 112 72
104 112 80
104 112 88
104 112 96
104 112 104
104 112 112
104 112 120
104 112 128
104 112 136
104 112 144
104 112 152
104 112 160
104 120 40
104 120 48
104 120 56
104 120 64
104 120 72
104 120 80
104 120 88
104 120 96
104 120 104
104 120 112
104 120 120
104 120 128
104 120 136
104 120 144
104 120 152
104 120 160
104 128 40
104 128 48
104 128 56
104 128 64
104 128 72
104 128 80
104 128 88
104 128 96
104 128 104
104 128 112
104 128 120
104 128 128
104 128 136
104 128 144
104 128 152
104 128 160
104 136 40
104 136 48
104 136 56
104 136 64
104 136 72
104 136 80
104 136 88
104 136 96
104 136 104
104 136 112
104 136 120
104 136 128
104 136 136
104 136 144
104 136 152
104 136 160
104 144 40
104 144 48
104 144 56
104 144 64
104 144 72
104 144 80
104 144 88
104 144 96
104 144 104
104 144 112
104 144 120
104 144 128
104 144 136
104 144 144
104 144 152
104 144 160
104 152 40
104 152 48
104 152 56
104 152 64
104 152 72
104 152 80
104 152 88
104 152 96
104 152 104
104 152 112
104 152 120
104 152 128
104 152 136
104 152 144
104 152 152
104 152 160
104 160 40
104 160 48
104 160 56
104 160 64
104 160 72
104 160 80
104 160 88
104 160 96
104 160 104
104 160 112
104 160 120
104 160 128
104 160 136
104 160 144
104 160 152
104 160 160
112 40 40
112 40 48
112 40 56
112 40 64
112 40 72
112 40 80
112 40 88
112 40 96
112 40 104
112 40 112
112 40 120
112 40 128
112 40 136
112 40 144
112 40 152
112 40 160
112 48 40
112 48 48
112 48 56
112 48 64
112 48 72
112 48 80
112 48 88
112 48 96
112 48 104
112 48 112
112 48 120
112 48 128
112 48 136
112 48 144
112 48 152
112 48 160
112 56 40
112 56 48
112 56 56
112 56 64
112 56 72
112 56 80
112 56 88
112 56 96
112 56 104
112 56 112
112 56 120
112 56 128
112 56 136
112 56 144
112 56 152
112 56 160
112 64 40
112 64 48
112 64 56
112 64 64
112 64 72
112 64 80
112 64 88
112 64 96
112 64 104
112 64 112
112 64 120
112 64 128
112 64 136
112 64 144
112 64 152
112 64 160
112 72 40
112 72 48
112 72 56
112 72 64
112 72 72
112 72 80
112 72 88
112 72 96
112 72 104
112 72 112
112 72 120
112 72 128
112 72 136
112 72 144
112 72 152
112 72 160
112 80 40
112 80 48
112 80 56
112 80 64
112 80 72
112 80 80
112 80 88
112 80 96
112 80 104
112 80 112
112 80 120
112 80 128
112 80 136
112 80 144
112 80 152
112 80 160
112 88 40
112 88 48
112 88 56
112 88 64
112 88 72
112 88 80
112 88 88
112 88 96
112 88 104
112 88 112
112 88 120
112 88 128
112 88 136
112 88 144
112 88 152
112 88 160
112 96 40
112 96 48
112 96 56
112 96 64
112 96 72
112 96 80
112 96 88
112 96 96
112 96 104
112 96 112
112 96 120
112 96 128
112 96 136
112 96 144
112 96 152
112 96 160
112 104 40
112 104 48
112 104 56
112 104 64
112 104 72
112 104 80
112 104 88
112 104 96
112 104 104
112 104 112
112 104 120
112 104 128
112 104 136
112 104 144
112 104 152
112 104 160
112 112 40
112 112 48
112 112 56
112 112 64
112 112 72
112 112 80
112 112 88
112 112 96
112 112 104
112 112 112
112 112 120
112 112 128
112 112 136
112 112 144
112 112 152
112 112 160
112 120 40
112 120 48
112 120 56
112 120 64
112 120 72
112 120 80
112 120 88
112 120 96
112 120 104
112 120 112
112 120 120
112 120 128
112 120 136
112 120 144
112 120 152
112 120 160
112 128 40
112 128 48
112 128 56
112 128 64
112 128 72
112 128 80
112 128 88
112 128 96
112 128 104
112 128 112
112 128 120
112 128 128
112 128 136
112 128 144
112 128 152
112 128 160
112 136 40
112 136 48
112 136 56
112 136 64
112 136 72
112 136 80
112 136 88
112 136 96
112 136 104
112 136 112
112 136 120
112 136 128
112 136 136
112 136 144
112 136 152
112 136 160
112 144 40
112 144 48
112 144 56
112 144 64
112 144 72
112 144 80
112 144 88
112 144 96
112 144 104
112 144 112
112 144 120
112 144 128
112 144 136
112 144 144
112 144 152
112 144 160
112 152 40
112 152 48
112 152 56
112 152 64
112 152 72
112 152 80
112 152 88
112 152 96
112 152 104
112 152 112
112 152 120
112 152 128
112 152 136
112 152 144
112 152 152
112 152 160
112 160 40
112 160 48
112 160 56
112 160 64
112 160 72
112 160 80
112 160 88
112 160 96
112 160 104
112 160 112
112 160 120
112 160 128
112 160 136
112 160 144
112 160 152
112 160 160
120 40 40
120 40 48
120 40 56
120 40 64
120 40 72
120 40 80
120 40 88
120 40 96
120 40 104
120 40 112
120 40 120
120 40 128
120 40 136
120 40 144
120 40 152
120 40 160
120 48 40
120 48 48
120 48 56
120 48 64
120 48 72
120 48 80
120 48 88
120 48 96
120 48 104
120 48 112
120 48 120
120 48 128
120 48 136
120 48 144
120 48 152
120 48 160
120 56 40
120 56 48
120 56 56
120 56 64
120 56 72
120 56 80
120 56 88
120 56 96
120 56 104
120 56 112
120 56 120
120 56 128
120 56 136
120 56 144
120 56 152
120 56 160
120 64 40
120 64 48
120 64 56
120 64 64
120 64 72
120 64 80
120 64 88
120 64 96
120 64 104
120 64 112
120 64 120
120 64 128
120 64 136
120 64 144
120 64 152
120 64 160
120 72 40
120 72 48
120 72 56
120 72 64
120 72 72
120 72 80
120 72 88
120 72 96
120 72 104
120 72 112
120 72 120
120 72 128
120 72 136
120 72 144
120 72 152
120 72 160
120 80 40
120 80 48
120 80 56
120 80 64
120 80 72
120 80 80
120 80 88
120 80 96
120 80 104
120 80 112
120 80 120
120 80 128
120 80 136
120 80 144
120 80 152
120 80 160
120 88 40
120 88 48
120 88 56
120 88 64
120 88 72
120 88 80
120 88 88
120 88 96
120 88 104
120 88 112
120 88 120
120 88 128
120 88 136
120 88 144
120 88 152
120 88 160
120 96 40
120 96 48
120 96 56
120 96 64
120 96 72
120 96 80
120 96 88
120 96 96
120 96 104
120 96 112
120 96 120
120 96 128
120 96 136
120 96 144
120 96 152
120 96 160
120 104 40
120 104 48
120 104 56
120 104 64
120 104 72
120 104 80
120 104 88
120 104 96
120 104 104
120 104 112
120 104 120
120 104 128
120 104 136
120 104 144
120 104 152
120 104 160
120 112 40
120 112 48
120 112 56
120 112 64
120 112 72
120 112 80
120 112 88
120 112 96
120 112 104
120 112 112
120 112 120
120 112 128
120 112 136
120 112 144
120 112 152
120 112 160
120 120 40
120 120 48
120 120 56
120 120 64
120 120 72
120 120 80
120 120 88
120 120 96
120 120 104
120 120 112
120 120 120
120 120 128
120 120 136
120 120 144
120 120 152
120 120 160
120 128 40
120 128 48
120 128 56
120 128 64
120 128 72
120 128 80
120 128 88
120 128 96
120 128 104
120 128 112
120 128 120
120 128 128
120 128 136
120 128 144
120 128 152
120 128 160
120 136 40
120 136 48
120 136 56
120 136 64
120 136 72
120 136 80
120 136 88
120 136 96
120 136 104
120 136 112
120 136 120
120 136 128
120 136 136
120 136 144
120 136 152
120 136 160
120 144 40
120 144 48
120 144 56
120 144 64
120 144 72
120 144 80
120 144 88
120 144 96
120 144 104
120 144 112
120 144 120
120 144 128
120 144 136
120 144 144
120 144 152
120 144 160
120 152 40
120 152 48
120 152 56
120 152 64
120 152 72
120 152 80
120 152 88
120 152 96
120 152 104
120 152 112
120 152 120
120 152 128
120 152 136
120 152 144
120 152 152
120 152 160
120 160 40
120 160 48
120 160 56
120 160 64
120 160 72
120 160 80
120 160 88
120 160 96
120 160 104
120 160 112
120 160 120
120 160 128
120 160 136
120 160 144
120 160 152
120 160 160
128 40 40
128 40 48
128 40 56
128 40 64
128 40 72
128 40 80
128 40 88
128 40 96
128 40 104
128 40 112
128 40 120
128 40 128
128 40 136
128 40 144
128 40 152
128 40 160
128 48 40
128 48 48
128 48 56
128 48 64
128 48 72
128 48 80
128 48 88
128 48 96
128 48 104
128 48 112
128 48 120
128 48 128
128 48 136
128 48 144
128 48 152
128 48 160
128 56 40
128 56 48
128 56 56
128 56 64
128 56 72
128 56 80
128 56 88
128 56 96
128 56 104
128 56 112
128 56 120
128 56 128
128 56 136
128 56 144
128 56 152
128 56 160
128 64 40
128 64 48
128 64 56
128 64 64
128 64 72
128 64 80
128 64 88
128 64 96
128 64 104
128 64 112
128 64 120
128 64 128
128 64 136
128 64 144
128 64 152
128 64 160
128 72 40
128 72 48
128 72 56
128 72 64
128 72 72
128 72 80
128 72 88
128 72 96
128 72 104
128 72 112
128 72 120
128 72 128
128 72 136
128 72 144
128 72 152
128 72 160
128 80 40
128 80 48
128 80 56
128 80 64
128 80 72
128 80 80
128 80 88
128 80 96
128 80 104
128 80 112
128 80 120
128 80 128
128 80 136
128 80 144
128 80 152
128 80 160
128 88 40
128 88 48
128 88 56
128 88 64
128 88 72
128 88 80
128 88 88
128 88 96
128 88 104
128 88 112
128 88 120
128 88 128
128 88 136
128 88 144
128 88 152
128 88 160
128 96 40
128 96 48
128 96 56
128 96 64
128 96 72
128 96 80
128 96 88
128 96 96
128 96 104
128 96 112
128 96 120
128 96 128
128 96 136
128 96 144
128 96 152
128 96 160
128 104 40
128 104 48
128 104 56
128 104 64
128 104 72
128 104 80
128 104 88
128 104 96
128 104 104
128 104 112
128 104 120
128 104 128
128 104 136
128 104 144
128 104 152
128 104 160
128 112 40
128 112 48
128 112 56
128 112 64
128 112 72
128 112 80
128 112 88
128 112 96
128 112 104
128 112 112
128 112 120
128 112 128
128 112 136
128 112 144
128 112 152
128 112 160
128 120 40
128 120 48
128 120 56
128 120 64
128 120 72
128 120 80
128 120 88
128 120 96
128 120 104
128 120 112
128 120 120
128 120 128
128 120 136
128 120 144
128 120 152
128 120 160
128 128 40
128 128 48
128 128 56
128 128 64
128 128 72
128 128 80
128 128 88
128 128 96
128 128 104
128 128 112
128 128 120
128 128 128
128 128 136
128 128 144
128 128 152
128 128 160
128 136 40
128 136 48
128 136 56
128 136 64
128 136 72
128 136 80
128 136 88
128 136 96
128 136 104
128 136 112
128 136 120
128 136 128
128 136 136
128 136 144
128 136 152
128 136 160
128 144 40
128 144 48
128 144 56
128 144 64
128 144 72
128 144 80
128 144 88
128 144 96
128 144 104
128 144 112
128 144 120
128 144 128
128 144 136
128 144 144
128 144 152
128 144 160
128 152 40
128 152 48
128 152 56
128 152 64
128 152 72
128 152 80
128 152 88
128 152 96
128 152 104
128 152 112
128 152 120
128 152 128
128 152 136
128 152 144
128 152 152
128 152 160
128 160 40
128 160 48
128 160 56
128 160 64
128 160 72
128 160 80
128 160 88
128 160 96
128 160 104
128 160 112
128 160 120
128 160 128
128 160 136
128 160 144
128 160 152
128 160 160
136 40 40
136 40 48
136 40 56
136 40 64
136 40 72
136 40 80
136 40 88
136 40 96
136 40 104
136 40 112
136 40 120
136 40 128
136 40 136
136 40 144
136 40 152
136 40 160
136 48 40
136 48 48
136 48 56
136 48 64
136 48 72
136 48 80
136 48 88
136 48 96
136 48 104
136 48 112
136 48 120
136 48 128
136 48 136
136 48 144
136 48 152
136 48 160
136 56 40
136 56 48
136 56 56
136 56 64
136 56 72
136 56 80
136 56 88
136 56 96
136 56 104
136 56 112
136 56 120
136 56 128
136 56 136
136 56 144
136 56 152
136 56 160
136 64 40
136 64 48
136 64 56
136 64 64
136 64 72
136 64 80
136 64 88
136 64 96
136 64 104
136 64 112
136 64 120
136 64 128
136 64 136
136 64 144
136 64 152
136 64 160
136 72 40
136 72 48
136 72 56
136 72 64
136 72 72
136 72 80
136 72 88
136 72 96
136 72 104
136 72 112
136 72 120
136 72 128
136 72 136
136 72 144
136 72 152
136 72 160
136 80 40
136 80 48
136 80 56
136 80 64
136 80 72
136 80 80
136 80 88
136 80 96
136 80 104
136 80 112
136 80 120
136 80 128
136 80 136
136 80 144
136 80 152
136 80 160
136 88 40
136 88 48
136 88 56
136 88 64
136 88 72
136 88 80
136 88 88
136 88 96
136 88 104
136 88 112
136 88 120
136 88 128
136 88 136
136 88 144
136 88 152
136 88 160
136 96 40
136 96 48
136 96 56
136 96 64
136 96 72
136 96 80
136 96 88
136 96 96
136 96 104
136 96 112
136 96 120
136 96 128
136 96 136
136 96 144
136 96 152
136 96 160
136 104 40
136 104 48
136 104 56
136 104 64
136 104 72
136 104 80
136 104 88
136 104 96
136 104 104
136 104 112
136 104 120
136 104 128
136 104 136
136 104 144
136 104 152
136 104 160
136 112 40
136 112 48
136 112 56
136 112 64
136 112 72
136 112 80
136 112 88
136 112 96
136 112 104
136 112 112
136 112 120
136 112 128
136 112 136
136 112 144
136 112 152
136 112 160
136 120 40
136 120 48
136 120 56
136 120 64
136 120 72
136 120 80
136 120 88
136 120 96
136 120 104
136 120 112
136 120 120
136 120 128
136 120 136
136 120 144
136 120 152
136 120 160
136 128 40
136 128 48
136 128 56
136 128 64
136 128 72
136 128 80
136 128 88
136 128 96
136 128 104
136 128 112
136 128 120
136 128 128
136 128 136
136 128 144
136 128 152
136 128 160
136 136 40
136 136 48
136 136 56
136 136 64
136 136 72
136 136 80
136 136 88
136 136 96
136 136 104
136 136 112
136 136 120
136 136 128
136 136 136
136 136 144
136 136 152
136 136 160
136 144 40
136 144 48
136 144 56
136 144 64
136 144 72
136 144 80
136 144 88
136 144 96
136 144 104
136 144 112
136 144 120
136 144 128
136 144 136
136 144 144
136 144 152
136 144 160
136 152 40
136 152 48
136 152 56
136 152 64
136 152 72
136 152 80
136 152 88
136 152 96
136 152 104
136 152 112
136 152 120
136 152 128
136 152 136
136 152 144
136 152 152
136 152 160
136 160 40
136 160 48
136 160 56
136 160 64
136 160 72
136 160 80
136 160 88
136 160 96
136 160 104
136 160 112
136 160 120
136 160 128
136 160 136
136 160 144
136 160 152
136 160 160
144 40 40
144 40 48
144 40 56
144 40 64
144 40 72
144 40 80
144 40 88
144 40 96
144 40 104
144 40 112
144 40 120
144 40 128
144 40 136
144 40 144
144 40 152
144 40 160
144 48 40
144 48 48
144 48 56
144 48 64
144 48 72
144 48 80
144 48 88
144 48 96
144 48 104
144 48 112
144 48 120
144 48 128
144 48 136
144 48 144
144 48 152
144 48 160
144 56 40
144 56 48
144 56 56
144 56 64
144 56 72
144 56 80
144 56 88
144 56 96
144 56 104
144 56 112
144 56 120
144 56 128
144 56 136
144 56 144
144 56 152
144 56 160
144 64 40
144 64 48
144 64 56
144 64 64
144 64 72
144 64 80
144 64 88
144 64 96
144 64 104
144 64 112
144 64 120
144 64 128
144 64 136
144 64 144
144 64 152
144 64 160
144 72 40
144 72 48
144 72 56
144 72 64
144 72 72
144 72 80
144 72 88
144 72 96
144 72 104
144 72 112
144 72 120
144 72 128
144 72 136
144 72 144
144 72 152
144 72 160
144 80 40
144 80 48
144 80 56
144 80 64
144 80 72
144 80 80
144 80 88
144 80 96
144 80 104
144 80 112
144 80 120
144 80 128
144 80 136
144 80 144
144 80 152
144 80 160
144 88 40
144 88 48
144 88 56
144 88 64
144 88 72
144 88 80
144 88 88
144 88 96
144 88 104
144 88 112
144 88 120
144 88 128
144 88 136
144 88 144
144 88 152
144 88 160
144 96 40
144 96 48
144 96 56
144 96 64
144 96 72
144 96 80
144 96 88
144 96 96
144 96 104
144 96 112
144 96 120
144 96 128
144 96 136
144 96 144
144 96 152
144 96 160
144 104 40
144 104 48
144 104 56
144 104 64
144 104 72
144 104 80
144 104 88
144 104 96
144 104 104
144 104 112
144 104 120
144 104 128
144 104 136
144 104 144
144 104 152
144 104 160
144 112 40
144 112 48
144 112 56
144 112 64
144 112 72
144 112 80
144 112 88
144 112 96
144 112 104
144 112 112
144 112 120
144 112 128
144 112 136
144 112 144
144 112 152
144 112 160
144 120 40
144 120 48
144 120 56
144 120 64
144 120 72
144 120 80
144 120 88
144 120 96
144 120 104
144 120 112
144 120 120
144 120 128
144 120 136
144 120 144
144 120 152
144 120 160
144 128 40
144 128 48
144 128 56
144 128 64
144 128 72
144 128 80
144 128 88
144 128 96
144 128 104
144 128 112
144 128 120
144 128 128
144 128 136
144 128 144
144 128 152
144 128 160
144 136 40
144 136 48
144 136 56
144 136 64
144 136 72
144 136 80
144 136 88
144 136 96
144 136 104
144 136 112
144 136 120
144 136 128
144 136 136
144 136 144
144 136 152
144 136 160
144 144 40
144 144 48
144 144 56
144 144 64
144 144 72
144 144 80
144 144 88
144 144 96
144 144 104
144 144 112
144 144 120
144 144 128
144 144 136
144 144 144
144 144 152
144 144 160
144 152 40
144 152 48
144 152 56
144 152 64
144 152 72
144 152 80
144 152 88
144 152 96
144 152 104
144 152 112
144 152 120
144 152 128
144 152 136
144 152 144
144 152 152
144 152 160
144 160 40
144 160 48
144 160 56
144 160 64
144 160 72
144 160 80
144 160 88
144 160 96
144 160 104
144 160 112
144 160 120
144 160 128
144 160 136
144 160 144
144 160 152
144 160 160
152 40 40
152 40 48
152 40 56
152 40 64
152 40 72
152 40 80
152 40 88
152 40 96
152 40 104
152 40 112
152 40 120
152 40 128
152 40 136
152 40 144
152 40 152
152 40 160
152 48 40
152 48 48
152 48 56
152 48 64
152 48 72
152 48 80
152 48 88
152 48 96
152 48 104
152 48 112
152 48 120
152 48 128
152 48 136
152 48 144
152 48 152
152 48 160
152 56 40
152 56 48
152 56 56
152 56 64
152 56 72
152 56 80
152 56 88
152 56 96
152 56 104
152 56 112
152 56 120
152 56 128
152 56 136
152 56 144
152 56 152
152 56 160
152 64 40
152 64 48
152 64 56
152 64 64
152 64 72
152 64 80
152 64 88
152 64 96
152 64 104
152 64 112
152 64 120
152 64 128
152 64 136
152 64 144
152 64 152
152 64 160
152 72 40
152 72 48
152 72 56
152 72 64
152 72 72
152 72 80
152 72 88
152 72 96
152 72 104
152 72 112
152 72 120
152 72 128
152 72 136
152 72 144
152 72 152
152 72 160
152 80 40
152 80 48
152 80 56
152 80 64
152 80 72
152 80 80
152 80 88
152 80 96
152 80 104
152 80 112
152 80 120
152 80 128
152 80 136
152 80 144
152 80 152
152 80 160
152 88 40
152 88 48
152 88 56
152 88 64
152 88 72
152 88 80
152 88 88
152 88 96
152 88 104
152 88 112
152 88 120
152 88 128
152 88 136
152 88 144
152 88 152
152 88 160
152 96 40
152 96 48
152 96 56
152 96 64
152 96 72
152 96 80
152 96 88
152 96 96
152 96 104
152 96 112
152 96 120
152 96 128
152 96 136
152 96 144
152 96 152
152 96 160
152 104 40
152 104 48
152 104 56
152 104 64
152 104 72
152 104 80
152 104 88
152 104 96
152 104 104
152 104 112
152 104 120
152 104 128
152 104 136
152 104 144
152 104 152
152 104 160
152 112 40
152 112 48
152 112 56
152 112 64
152 112 72
152 112 80
152 112 88
152 112 96
152 112 104
152 112 112
152 112 120
152 112 128
152 112 136
152 112 144
152 112 152
152 112 160
152 120 40
152 120 48
152 120 56
152 120 64
152 120 72
152 120 80
152 120 88
152 120 96
152 120 104
152 120 112
152 120 120
152 120 128
152 120 136
152 120 144
152 120 152
152 120 160
152 128 40
152 128 48
152 128 56
152 128 64
152 128 72
152 128 80
152 128 88
152 128 96
152 128 104
152 128 112
152 128 120
152 128 128
152 128 136
152 128 144
152 128 152
152 128 160
152 136 40
152 136 48
152 136 56
152 136 64
152 136 72
152 136 80
152 136 88
152 136 96
152 136 104
152 136 112
152 136 120
152 136 128
152 136 136
152 136 144
152 136 152
152 136 160
152 144 40
152 144 48
152 144 56
152 144 64
152 144 72
152 144 80
152 144 88
152 144 96
152 144 104
152 144 112
152 144 120
152 144 128
152 144 136
152 144 144
152 144 152
152 144 160
152 152 40
152 152 48
152 152 56
152 152 64
152 152 72
152 152 80
152 152 88
152 152 96
152 152 104
152 152 112
152 152 120
152 152 128
152 152 136
152 152 144
152 152 152
152 152 160
152 160 40
152 160 48
152 160 56
152 160 64
152 160 72
152 160 80
152 160 88
152 160 96
152 160 104
152 160 112
152 160 120
152 160 128
152 160 136
152 160 144
152 160 152
152 160 160
160 40 40
160 40 48
160 40 56
160 40 64
160 40 72
160 40 80
160 40 88
160 40 96
160 40 104
160 40 112
160 40 120
160 40 128
160 40 136
160 40 144
160 40 152
160 40 160
160 48 40
160 48 48
160 48 56
160 48 64
160 48 72
160 48 80
160 48 88
160 48 96
160 48 104
160 48 112
160 48 120
160 48 128
160 48 136
160 48 144
160 48 152
160 48 160
160 56 40
160 56 48
160 56 56
160 56 64
160 56 72
160 56 80
160 56 88
160 56 96
160 56 104
160 56 112
160 56 120
160 56 128
160 56 136
160 56 144
160 56 152
160 56 160
160 64 40
160 64 48
160 64 56
160 64 64
160 64 72
160 64 80
160 64 88
160 64 96
160 64 104
160 64 112
160 64 120
160 64 128
160 64 136
160 64 144
160 64 152
160 64 160
160 72 40
160 72 48
160 72 56
160 72 64
160 72 72
160 72 80
160 72 88
160 72 96
160 72 104
160 72 112
160 72 120
160 72 128
160 72 136
160 72 144
160 72 152
160 72 160
160 80 40
160 80 48
160 80 56
160 80 64
160 80 72
160 80 80
160 80 88
160 80 96
160 80 104
160 80 112
160 80 120
160 80 128
160 80 136
160 80 144
160 80 152
160 80 160
160 88 40
160 88 48
160 88 56
160 88 64
160 88 72
160 88 80
160 88 88
160 88 96
160 88 104
160 88 112
160 88 120
160 88 128
160 88 136
160 88 144
160 88 152
160 88 160
160 96 40
160 96 48
160 96 56
160 96 64
160 96 72
160 96 80
160 96 88
160 96 96
160 96 104
160 96 112
160 96 120
160 96 128
160 96 136
160 96 144
160 96 152
160 96 160
160 104 40
160 104 48
160 104 56
160 104 64
160 104 72
160 104 80
160 104 88
160 104 96
160 104 104
160 104 112
160 104 120
160 104 128
160 104 136
160 104 144
160 104 152
160 104 160
160 112 40
160 112 48
160 112 56
160 112 64
160 112 72
160 112 80
160 112 88
160 112 96
160 112 104
160 112 112
160 112 120
160 112 128
160 112 136
160 112 144
160 112 152
160 112 160
160 120 40
160 120 48
160 120 56
160 120 64
160 120 72
160 120 80
160 120 88
160 120 96
160 120 104
160 120 112
160 120 120
160 120 128
160 120 136
160 120 144
160 120 152
160 120 160
160 128 40
160 128 48
160 128 56
160 128 64
160 128 72
160 128 80
160 128 88
160 128 96
160 128 104
160 128 112
160 128 120
160 128 128
160 128 136
160 128 144
160 128 152
160 128 160
160 136 40
160 136 48
160 136 56
160 136 64
160 136 72
160 136 80
160 136 88
160 136 96
160 136 104
160 136 112
160 136 120
160 136 128
160 136 136
160 136 144
160 136 152
160 136 160
160 144 40
160 144 48
160 144 56
160 144 64
160 144 72
160 144 80
160 144 88
160 144 96
160 144 104
160 144 112
160 144 120
160 144 128
160 144 136
160 144 144
160 144 152
160 144 160
160 152 40
160 152 48
160 152 56
160 152 64
160 152 72
160 152 80
160 152 88
160 152 96
160 152 104
160 152 112
160 152 120
160 152 128
160 152 136
160 152 144
160 152 152
160 152 160
160 160 40
160 160 48
160 160 56
160 160 64
160 160 72
160 160 80
160 160 88
160 160 96
160 160 104
160 160 112
160 160 120
160 160 128
160 160 136
160 160 144
160 160 152
160 160 160
