200
2 2 2
2 2 6
2 2 66
2 2 70
2 2 130
2 2 134
2 2 194
2 2 198
2 6 2
2 6 6
2 6 66
2 6 70
2 6 130
2 6 134
2 6 194
2 6 198
2 66 2
2 66 6
2 66 66
2 66 70
2 66 130
2 66 134
2 66 194
2 66 198
2 70 2
2 70 6
2 70 66
2 70 70
2 70 130
2 70 134
2 70 194
2 70 198
2 130 2
2 130 6
2 130 66
2 130 70
2 130 130
2 130 134
2 130 194
2 130 198
2 134 2
2 134 6
2 134 66
2 134 70
2 134 130
2 134 134
2 134 194
2 134 198
2 194 2
2 194 6
2 194 66
2 194 70
2 194 130
2 194 134
2 194 194
2 194 198
2 198 2
2 198 6
2 198 66
2 198 70
2 198 130
2 198 134
2 198 194
2 198 198
6 2 2
6 2 6
6 2 66
6 2 70
6 2 130
6 2 134
6 2 194
6 2 198
6 6 2
6 6 6
6 6 66
6 6 70
6 6 130
6 6 134
6 6 194
6 6 198
6 66 2
6 66 6
6 66 66
6 66 70
6 66 130
6 66 134
6 66 194
6 66 198
6 70 2
6 70 6
6 70 66
6 70 70
6 70 130
6 70 134
6 70 194
6 70 198
6 130 2
6 130 6
6 130 66
6 130 70
6 130 130
6 130 134
6 130 194
6 130 198
6 134 2
6 134 6
6 134 66
6 134 70
6 134 130
6 134 134
6 134 194
6 134 198
6 194 2
6 194 6
6 194 66
6 194 70
6 194 130
6 194 134
6 194 194
6 194 198
6 198 2
6 198 6
6 198 66
6 198 70
6 198 130
6 198 134
6 198 194
6 198 198
66 2 2
66 2 6
66 2 66
66 2 70
66 2 130
66 2 134
66 2 194
66 2 198
66 6 2
66 6 6
66 6 66
66 6 70
66 6 130
66 6 134
66 6 194
66 6 198
66 66 2
66 66 6
66 66 66
66 66 70
66 66 130
66 66 134
66 66 194
66 66 198
66 70 2
66 70 6
66 70 66
66 70 70
66 70 130
66 70 134
66 70 194
66 70 198
66 130 2
66 130 6
66 130 66
66 130 70
66 130 130
66 130 134
66 130 194
66 130 198
66 134 2
66 134 6
66 134 66
66 134 70
66 134 130
66 134 134
66 134 194
66 134 198
66 194 2
66 194 6
66 194 66
66 194 70
66 194 130
66 194 134
66 194 194
66 194 198
66 198 2
66 198 6
66 198 66
66 198 70
66 198 130
66 198 134
66 198 194
66 198 198
70 2 2
70 2 6
70 2 66
70 2 70
70 2 130
70 2 134
70 2 194
70 2 198
70 6 2
70 6 6
70 6 66
70 6 70
70 6 130
70 6 134
70 6 194
70 6 198
70 66 2
70 66 6
70 66 66
70 66 70
70 66 130
70 66 134
70 66 194
70 66 198
70 70 2
70 70 6
70 70 66
70 70 70
70 70 130
70 70 134
70 70 194
70 70 198
70 130 2
70 130 6
70 130 66
70 130 70
70 130 130
70 130 134
70 130 194
70 130 198
70 134 2
70 134 6
70 134 66
70 134 70
70 134 130
70 134 134
70 134 194
70 134 198
70 194 2
70 194 6
70 194 66
70 194 70
70 194 130
70 194 134
70 194 194
70 194 198
70 198 2
70 198 6
70 198 66
70 198 70
70 198 130
70 198 134
70 198 194
70 198 198
130 2 2
130 2 6
130 2 66
130 2 70
130 2 130
130 2 134
130 2 194
130 2 198
130 6 2
130 6 6
130 6 66
130 6 70
130 6 130
130 6 134
130 6 194
130 6 198
130 66 2
130 66 6
130 66 66
130 66 70
130 66 130
130 66 134
130 66 194
130 66 198
130 70 2
130 70 6
130 70 66
130 70 70
130 70 130
130 70 134
130 70 194
130 70 198
130 130 2
130 130 6
130 130 66
130 130 70
130 130 130
130 130 134
130 130 194
130 130 198
130 134 2
130 134 6
130 134 66
130 134 70
130 134 130
130 134 134
130 134 194
130 134 198
130 194 2
130 194 6
130 194 66
130 194 70
130 194 130
130 194 134
130 194 194
130 194 198
130 198 2
130 198 6
130 198 66
130 198 70
130 198 130
130 198 134
130 198 194
130 198 198
134 2 2
134 2 6
134 2 66
134 2 70
134 2 130
134 2 134
134 2 194
134 2 198
134 6 2
134 6 6
134 6 66
134 6 70
134 6 130
134 6 134
134 6 194
134 6 198
134 66 2
134 66 6
134 66 66
134 66 70
134 66 130
134 66 134
134 66 194
134 66 198
134 70 2
134 70 6
134 70 66
134 70 70
134 70 130
134 70 134
134 70 194
134 70 198
134 130 2
134 130 6
134 130 66
134 130 70
134 130 130
134 130 134
134 130 194
134 130 198
134 134 2
134 134 6
134 134 66
134 134 70
134 134 130
134 134 134
134 134 194
134 134 198
134 194 2
134 194 6
134 194 66
134 194 70
134 194 130
134 194 134
134 194 194
134 194 198
134 198 2
134 198 6
134 198 66
134 198 70
134 198 130
134 198 134
134 198 194
134 198 198
194 2 2
194 2 6
194 2 66
194 2 70
194 2 130
194 2 134
194 2 194
194 2 198
194 6 2
194 6 6
194 6 66
194 6 70
194 6 130
194 6 134
194 6 194
194 6 198
194 66 2
194 66 6
194 66 66
194 66 70
194 66 130
194 66 134
194 66 194
194 66 198
194 70 2
194 70 6
194 70 66
194 70 70
194 70 130
194 70 134
194 70 194
194 70 198
194 130 2
194 130 6
194 130 66
194 130 70
194 130 130
194 130 134
194 130 194
194 130 198
194 134 2
194 134 6
194 134 66
194 134 70
194 134 130
194 134 134
194 134 194
194 134 198
194 194 2
194 194 6
194 194 66
194 194 70
194 194 130
194 194 134
194 194 194
194 194 198
194 198 2
194 198 6
194 198 66
194 198 70
194 198 130
194 198 134
194 198 194
194 198 198
198 2 2
198 2 6
198 2 66
198 2 70
198 2 130
198 2 134
198 2 194
198 2 198
198 6 2
198 6 6
198 6 66
198 6 70
198 6 130
198 6 134
198 6 194
198 6 198
198 66 2
198 66 6
198 66 66
198 66 70
198 66 130
198 66 134
198 66 194
198 66 198
198 70 2
198 70 6
198 70 66
198 70 70
198 70 130
198 70 134
198 70 194
198 70 198
198 130 2
198 130 6
198 130 66
198 130 70
198 130 130
198 130 134
198 130 194
198 130 198
198 134 2
198 134 6
198 134 66
198 134 70
198 134 130
198 134 134
198 134 194
198 134 198
198 194 2
198 194 6
198 194 66
198 194 70
198 194 130
198 194 134
198 194 194
198 194 198
198 198 2
198 198 6
198 198 66
198 198 70
198 198 130
198 198 134
198 198 194
198 198 198
