150
67 75 75
68 75 75
69 74 75
69 75 74
69 75 75
69 75 76
69 76 75
70 73 75
70 75 73
70 75 75
70 75 77
70 77 75
71 72 75
71 73 74
71 73 75
71 73 76
71 74 73
71 74 75
71 74 77
71 75 72
71 75 73
71 75 74
71 75 75
71 75 76
71 75 77
71 75 78
71 76 73
71 76 75
71 76 77
71 77 74
71 77 75
71 77 76
71 78 75
72 71 75
72 73 74
72 73 76
72 74 73
72 74 75
72 74 77
72 75 71
72 75 74
72 75 75
72 75 76
72 75 79
72 76 73
72 76 75
72 76 77
72 77 74
72 77 76
72 79 75
73 70 75
73 71 74
73 71 75
73 71 76
73 72 74
73 72 76
73 74 71
73 74 72
73 74 75
73 74 78
73 74 79
73 75 70
73 75 71
73 75 74
73 75 75
73 75 76
73 75 79
73 75 80
73 76 71
73 76 72
73 76 75
73 76 78
73 76 79
73 78 74
73 78 76
73 79 74
73 79 75
73 79 76
73 80 75
74 69 75
74 71 73
74 71 75
74 71 77
74 72 73
74 72 75
74 72 77
74 73 71
74 73 72
74 73 75
74 73 78
74 73 79
74 75 69
74 75 71
74 75 72
74 75 73
74 75 75
74 75 77
74 75 78
74 75 79
74 75 81
74 77 71
74 77 72
74 77 75
74 77 78
74 77 79
74 78 73
74 78 75
74 78 77
74 79 73
74 79 75
74 79 77
74 81 75
75 67 75
75 68 75
75 69 74
75 69 75
75 69 76
75 70 73
75 70 75
75 70 77
75 71 72
75 71 73
75 71 74
75 71 75
75 71 76
75 71 77
75 71 78
75 72 71
75 72 74
75 72 75
75 72 76
75 72 79
75 73 70
75 73 71
75 73 74
75 73 75
75 73 76
75 73 79
75 73 80
75 74 69
75 74 71
75 74 72
75 74 73
75 74 75
75 74 77
75 74 78
75 74 79
75 74 81
75 75 67
75 75 68
75 75 69
75 75 70
75 75 71
75 75 72
75 75 73
75 75 74
75 75 75
75 75 76
75 75 77
75 75 78
75 75 79
75 75 80
75 75 81
75 75 82
75 75 83
75 76 69
75 76 71
75 76 72
75 76 73
75 76 75
75 76 77
75 76 78
75 76 79
75 76 81
75 77 70
75 77 71
75 77 74
75 77 75
75 77 76
75 77 79
75 77 80
75 78 71
75 78 74
75 78 75
75 78 76
75 78 79
75 79 72
75 79 73
75 79 74
75 79 75
75 79 76
75 79 77
75 79 78
75 80 73
75 80 75
75 80 77
75 81 74
75 81 75
75 81 76
75 82 75
75 83 75
76 69 75
76 71 73
76 71 75
76 71 77
76 72 73
76 72 75
76 72 77
76 73 71
76 73 72
76 73 75
76 73 78
76 73 79
76 75 69
76 75 71
76 75 72
76 75 73
76 75 75
76 75 77
76 75 78
76 75 79
76 75 81
76 77 71
76 77 72
76 77 75
76 77 78
76 77 79
76 78 73
76 78 75
76 78 77
76 79 73
76 79 75
76 79 77
76 81 75
77 70 75
77 71 74
77 71 75
77 71 76
77 72 74
77 72 76
77 74 71
77 74 72
77 74 75
77 74 78
77 74 79
77 75 70
77 75 71
77 75 74
77 75 75
77 75 76
77 75 79
77 75 80
77 76 71
77 76 72
77 76 75
77 76 78
77 76 79
77 78 74
77 78 76
77 79 74
77 79 75
77 79 76
77 80 75
78 71 75
78 73 74
78 73 76
78 74 73
78 74 75
78 74 77
78 75 71
78 75 74
78 75 75
78 75 76
78 75 79
78 76 73
78 76 75
78 76 77
78 77 74
78 77 76
78 79 75
79 72 75
79 73 74
79 73 75
79 73 76
79 74 73
79 74 75
79 74 77
79 75 72
79 75 73
79 75 74
79 75 75
79 75 76
79 75 77
79 75 78
79 76 73
79 76 75
79 76 77
79 77 74
79 77 75
79 77 76
79 78 75
80 73 75
80 75 73
80 75 75
80 75 77
80 77 75
81 74 75
81 75 74
81 75 75
81 75 76
81 76 75
82 75 75
83 75 75
