20
0 0 13
0 0 14
0 1 4
0 1 14
0 2 4
0 2 6
0 2 13
0 2 14
0 3 5
0 3 6
0 3 13
0 5 14
0 5 15
0 6 14
0 7 1
0 7 15
0 8 2
0 8 6
0 8 14
0 8 15
0 9 16
0 11 5
1 0 4
1 0 5
1 0 12
1 0 13
1 1 6
1 1 11
1 1 14
1 2 2
1 2 6
1 2 12
1 3 1
1 3 2
1 3 3
1 3 5
1 3 14
1 3 15
1 3 19
1 4 13
1 4 14
1 4 15
1 5 13
1 6 9
1 6 14
1 6 15
1 7 9
1 7 13
1 7 15
1 8 1
1 8 2
1 8 14
1 8 15
1 8 18
1 9 8
1 9 15
1 9 16
1 9 17
1 9 19
1 10 8
1 10 18
1 11 4
2 0 6
2 0 7
2 0 11
2 0 12
2 1 6
2 1 8
2 1 9
2 1 10
2 1 12
2 2 1
2 2 7
2 2 8
2 2 9
2 3 1
2 3 9
2 3 13
2 4 0
2 4 1
2 4 13
2 4 14
2 5 8
2 5 13
2 6 18
2 7 12
2 7 16
2 7 17
2 8 19
2 9 12
2 10 9
2 10 15
2 10 19
2 11 5
3 0 12
3 0 14
3 1 1
3 1 5
3 1 7
3 1 8
3 1 9
3 1 10
3 1 11
3 1 12
3 1 14
3 1 15
3 2 8
3 2 9
3 2 10
3 2 11
3 2 16
3 3 3
3 3 5
3 3 8
3 3 9
3 3 15
3 3 16
3 4 15
3 5 4
3 5 5
3 5 18
3 6 4
3 6 5
3 6 10
3 6 16
3 6 17
3 7 4
3 7 5
3 8 4
3 8 5
3 8 6
3 8 7
3 9 3
3 9 4
3 9 6
3 10 5
3 11 15
3 12 15
4 0 13
4 1 5
4 1 7
4 1 8
4 1 9
4 1 14
4 2 5
4 2 6
4 2 7
4 2 10
4 2 14
4 2 15
4 3 1
4 3 3
4 3 7
4 3 10
4 3 15
4 3 17
4 3 18
4 4 1
4 4 3
4 4 4
4 4 5
4 4 6
4 4 8
4 4 14
4 4 16
4 4 17
4 4 18
4 4 19
4 5 2
4 5 4
4 5 17
4 5 18
4 6 2
4 6 4
4 6 5
4 6 13
4 6 15
4 6 17
4 7 4
4 7 13
4 7 14
4 7 15
4 8 13
4 8 14
4 9 6
4 9 12
4 9 16
4 10 14
4 10 19
4 11 10
4 11 14
4 12 14
5 0 2
5 2 1
5 2 14
5 2 15
5 3 2
5 3 4
5 3 12
5 3 14
5 4 3
5 4 4
5 4 5
5 4 6
5 4 7
5 4 8
5 4 10
5 4 12
5 4 16
5 5 2
5 5 3
5 5 5
5 5 11
5 5 12
5 5 14
5 5 15
5 6 3
5 6 9
5 6 10
5 6 11
5 7 15
5 7 18
5 7 19
5 8 15
5 8 16
5 10 9
5 10 10
5 10 19
5 11 10
6 2 2
6 2 4
6 2 16
6 4 2
6 4 7
6 4 10
6 4 12
6 5 3
6 5 8
6 5 9
6 5 10
6 5 13
6 6 2
6 6 3
6 6 10
6 7 5
6 7 10
6 7 15
6 7 17
6 8 4
6 8 10
6 8 11
6 8 12
6 8 15
6 9 16
6 10 5
6 10 14
6 11 14
6 12 14
7 0 3
7 0 4
7 1 5
7 1 16
7 1 17
7 2 8
7 2 16
7 2 17
7 3 3
7 3 6
7 3 9
7 3 16
7 3 17
7 4 4
7 4 11
7 5 5
7 5 7
7 5 8
7 5 9
7 5 13
7 6 9
7 7 7
7 7 9
7 7 10
7 7 15
7 7 19
7 8 6
7 8 7
7 8 9
7 9 6
7 9 15
7 9 19
7 11 15
7 11 17
7 12 16
8 1 3
8 1 7
8 2 9
8 2 17
8 2 18
8 3 17
8 3 18
8 4 9
8 4 11
8 4 16
8 5 8
8 5 10
8 5 11
8 5 16
8 6 6
8 6 7
8 6 15
8 6 16
8 6 19
8 7 6
8 7 8
8 7 10
8 7 11
8 7 12
8 7 13
8 7 15
8 7 16
8 8 7
8 8 8
8 8 9
8 8 10
8 8 12
8 8 13
8 9 15
9 0 5
9 1 4
9 1 7
9 1 13
9 1 17
9 2 3
9 2 9
9 2 14
9 2 16
9 3 10
9 3 11
9 3 15
9 3 16
9 4 16
9 4 19
9 5 10
9 5 11
9 5 12
9 5 16
9 5 17
9 5 18
9 6 6
9 6 8
9 6 9
9 6 12
9 6 16
9 7 7
9 7 8
9 7 10
9 7 13
9 8 11
9 8 12
9 8 14
9 8 15
9 8 19
9 9 12
9 9 14
9 9 15
9 9 17
10 0 8
10 0 9
10 0 16
10 1 7
10 1 11
10 1 12
10 1 13
10 1 14
10 1 15
10 1 18
10 2 5
10 3 5
10 3 9
10 5 7
10 5 10
10 5 19
10 6 15
10 7 14
10 7 19
10 8 11
10 8 14
10 8 15
10 8 18
10 9 13
10 9 14
10 9 15
10 9 16
11 0 10
11 0 16
11 1 7
11 1 12
11 1 18
11 2 19
11 3 7
11 3 9
11 3 18
11 3 19
11 4 7
11 4 8
11 4 9
11 4 10
11 4 18
11 4 19
11 5 8
11 5 10
11 5 19
11 6 11
11 6 15
11 6 16
11 7 14
11 7 16
11 8 12
11 8 14
11 8 15
11 8 16
11 8 17
12 0 10
12 1 7
12 1 12
12 1 13
12 1 17
12 2 7
12 2 12
12 2 13
12 2 17
12 3 14
12 3 16
12 3 17
12 4 12
12 4 16
12 5 10
12 5 18
12 6 16
12 6 17
12 6 18
12 8 12
13 2 8
13 2 10
13 2 13
13 2 14
13 2 15
13 3 9
13 4 13
13 5 13
13 5 14
13 6 10
13 6 12
13 6 13
13 7 10
14 3 13
14 3 14
14 4 14
14 6 12
14 7 11
14 7 12
