200
0 0 0
0 0 4
0 0 12
0 0 20
0 0 28
0 0 36
0 0 44
0 0 52
0 0 144
0 0 152
0 0 160
0 0 168
0 0 176
0 0 184
0 0 192
0 4 0
0 4 4
0 4 12
0 4 20
0 4 28
0 4 36
0 4 44
0 4 52
0 4 144
0 4 152
0 4 160
0 4 168
0 4 176
0 4 184
0 4 192
0 12 0
0 12 4
0 12 12
0 12 20
0 12 28
0 12 36
0 12 44
0 12 52
0 12 144
0 12 152
0 12 160
0 12 168
0 12 176
0 12 184
0 12 192
0 20 0
0 20 4
0 20 12
0 20 20
0 20 28
0 20 36
0 20 44
0 20 52
0 20 144
0 20 152
0 20 160
0 20 168
0 20 176
0 20 184
0 20 192
0 28 0
0 28 4
0 28 12
0 28 20
0 28 28
0 28 36
0 28 44
0 28 52
0 28 144
0 28 152
0 28 160
0 28 168
0 28 176
0 28 184
0 28 192
0 36 0
0 36 4
0 36 12
0 36 20
0 36 28
0 36 36
0 36 44
0 36 52
0 36 144
0 36 152
0 36 160
0 36 168
0 36 176
0 36 184
0 36 192
0 44 0
0 44 4
0 44 12
0 44 20
0 44 28
0 44 36
0 44 44
0 44 52
0 44 144
0 44 152
0 44 160
0 44 168
0 44 176
0 44 184
0 44 192
0 52 0
0 52 4
0 52 12
0 52 20
0 52 28
0 52 36
0 52 44
0 52 52
0 52 144
0 52 152
0 52 160
0 52 168
0 52 176
0 52 184
0 52 192
0 144 0
0 144 4
0 144 12
0 144 20
0 144 28
0 144 36
0 144 44
0 144 52
0 144 144
0 144 152
0 144 160
0 144 168
0 144 176
0 144 184
0 144 192
0 152 0
0 152 4
0 152 12
0 152 20
0 152 28
0 152 36
0 152 44
0 152 52
0 152 144
0 152 152
0 152 160
0 152 168
0 152 176
0 152 184
0 152 192
0 160 0
0 160 4
0 160 12
0 160 20
0 160 28
0 160 36
0 160 44
0 160 52
0 160 144
0 160 152
0 160 160
0 160 168
0 160 176
0 160 184
0 160 192
0 168 0
0 168 4
0 168 12
0 168 20
0 168 28
0 168 36
0 168 44
0 168 52
0 168 144
0 168 152
0 168 160
0 168 168
0 168 176
0 168 184
0 168 192
0 176 0
0 176 4
0 176 12
0 176 20
0 176 28
0 176 36
0 176 44
0 176 52
0 176 144
0 176 152
0 176 160
0 176 168
0 176 176
0 176 184
0 176 192
0 184 0
0 184 4
0 184 12
0 184 20
0 184 28
0 184 36
0 184 44
0 184 52
0 184 144
0 184 152
0 184 160
0 184 168
0 184 176
0 184 184
0 184 192
0 192 0
0 192 4
0 192 12
0 192 20
0 192 28
0 192 36
0 192 44
0 192 52
0 192 144
0 192 152
0 192 160
0 192 168
0 192 176
0 192 184
0 192 192
4 0 0
4 0 4
4 0 12
4 0 20
4 0 28
4 0 36
4 0 44
4 0 52
4 0 144
4 0 152
4 0 160
4 0 168
4 0 176
4 0 184
4 0 192
4 4 0
4 4 4
4 4 12
4 4 20
4 4 28
4 4 36
4 4 44
4 4 52
4 4 144
4 4 152
4 4 160
4 4 168
4 4 176
4 4 184
4 4 192
4 12 0
4 12 4
4 12 12
4 12 20
4 12 28
4 12 36
4 12 44
4 12 52
4 12 144
4 12 152
4 12 160
4 12 168
4 12 176
4 12 184
4 12 192
4 20 0
4 20 4
4 20 12
4 20 20
4 20 28
4 20 36
4 20 44
4 20 52
4 20 144
4 20 152
4 20 160
4 20 168
4 20 176
4 20 184
4 20 192
4 28 0
4 28 4
4 28 12
4 28 20
4 28 28
4 28 36
4 28 44
4 28 52
4 28 144
4 28 152
4 28 160
4 28 168
4 28 176
4 28 184
4 28 192
4 36 0
4 36 4
4 36 12
4 36 20
4 36 28
4 36 36
4 36 44
4 36 52
4 36 144
4 36 152
4 36 160
4 36 168
4 36 176
4 36 184
4 36 192
4 44 0
4 44 4
4 44 12
4 44 20
4 44 28
4 44 36
4 44 44
4 44 52
4 44 144
4 44 152
4 44 160
4 44 168
4 44 176
4 44 184
4 44 192
4 52 0
4 52 4
4 52 12
4 52 20
4 52 28
4 52 36
4 52 44
4 52 52
4 52 144
4 52 152
4 52 160
4 52 168
4 52 176
4 52 184
4 52 192
4 144 0
4 144 4
4 144 12
4 144 20
4 144 28
4 144 36
4 144 44
4 144 52
4 144 144
4 144 152
4 144 160
4 144 168
4 144 176
4 144 184
4 144 192
4 152 0
4 152 4
4 152 12
4 152 20
4 152 28
4 152 36
4 152 44
4 152 52
4 152 144
4 152 152
4 152 160
4 152 168
4 152 176
4 152 184
4 152 192
4 160 0
4 160 4
4 160 12
4 160 20
4 160 28
4 160 36
4 160 44
4 160 52
4 160 144
4 160 152
4 160 160
4 160 168
4 160 176
4 160 184
4 160 192
4 168 0
4 168 4
4 168 12
4 168 20
4 168 28
4 168 36
4 168 44
4 168 52
4 168 144
4 168 152
4 168 160
4 168 168
4 168 176
4 168 184
4 168 192
4 176 0
4 176 4
4 176 12
4 176 20
4 176 28
4 176 36
4 176 44
4 176 52
4 176 144
4 176 152
4 176 160
4 176 168
4 176 176
4 176 184
4 176 192
4 184 0
4 184 4
4 184 12
4 184 20
4 184 28
4 184 36
4 184 44
4 184 52
4 184 144
4 184 152
4 184 160
4 184 168
4 184 176
4 184 184
4 184 192
4 192 0
4 192 4
4 192 12
4 192 20
4 192 28
4 192 36
4 192 44
4 192 52
4 192 144
4 192 152
4 192 160
4 192 168
4 192 176
4 192 184
4 192 192
12 0 0
12 0 4
12 0 12
12 0 20
12 0 28
12 0 36
12 0 44
12 0 52
12 0 144
12 0 152
12 0 160
12 0 168
12 0 176
12 0 184
12 0 192
12 4 0
12 4 4
12 4 12
12 4 20
12 4 28
12 4 36
12 4 44
12 4 52
12 4 144
12 4 152
12 4 160
12 4 168
12 4 176
12 4 184
12 4 192
12 12 0
12 12 4
12 12 12
12 12 20
12 12 28
12 12 36
12 12 44
12 12 52
12 12 144
12 12 152
12 12 160
12 12 168
12 12 176
12 12 184
12 12 192
12 20 0
12 20 4
12 20 12
12 20 20
12 20 28
12 20 36
12 20 44
12 20 52
12 20 144
12 20 152
12 20 160
12 20 168
12 20 176
12 20 184
12 20 192
12 28 0
12 28 4
12 28 12
12 28 20
12 28 28
12 28 36
12 28 44
12 28 52
12 28 144
12 28 152
12 28 160
12 28 168
12 28 176
12 28 184
12 28 192
12 36 0
12 36 4
12 36 12
12 36 20
12 36 28
12 36 36
12 36 44
12 36 52
12 36 144
12 36 152
12 36 160
12 36 168
12 36 176
12 36 184
12 36 192
12 44 0
12 44 4
12 44 12
12 44 20
12 44 28
12 44 36
12 44 44
12 44 52
12 44 144
12 44 152
12 44 160
12 44 168
12 44 176
12 44 184
12 44 192
12 52 0
12 52 4
12 52 12
12 52 20
12 52 28
12 52 36
12 52 44
12 52 52
12 52 144
12 52 152
12 52 160
12 52 168
12 52 176
12 52 184
12 52 192
12 144 0
12 144 4
12 144 12
12 144 20
12 144 28
12 144 36
12 144 44
12 144 52
12 144 144
12 144 152
12 144 160
12 144 168
12 144 176
12 144 184
12 144 192
12 152 0
12 152 4
12 152 12
12 152 20
12 152 28
12 152 36
12 152 44
12 152 52
12 152 144
12 152 152
12 152 160
12 152 168
12 152 176
12 152 184
12 152 192
12 160 0
12 160 4
12 160 12
12 160 20
12 160 28
12 160 36
12 160 44
12 160 52
12 160 144
12 160 152
12 160 160
12 160 168
12 160 176
12 160 184
12 160 192
12 168 0
12 168 4
12 168 12
12 168 20
12 168 28
12 168 36
12 168 44
12 168 52
12 168 144
12 168 152
12 168 160
12 168 168
12 168 176
12 168 184
12 168 192
12 176 0
12 176 4
12 176 12
12 176 20
12 176 28
12 176 36
12 176 44
12 176 52
12 176 144
12 176 152
12 176 160
12 176 168
12 176 176
12 176 184
12 176 192
12 184 0
12 184 4
12 184 12
12 184 20
12 184 28
12 184 36
12 184 44
12 184 52
12 184 144
12 184 152
12 184 160
12 184 168
12 184 176
12 184 184
12 184 192
12 192 0
12 192 4
12 192 12
12 192 20
12 192 28
12 192 36
12 192 44
12 192 52
12 192 144
12 192 152
12 192 160
12 192 168
12 192 176
12 192 184
12 192 192
20 0 0
20 0 4
20 0 12
20 0 20
20 0 28
20 0 36
20 0 44
20 0 52
20 0 144
20 0 152
20 0 160
20 0 168
20 0 176
20 0 184
20 0 192
20 4 0
20 4 4
20 4 12
20 4 20
20 4 28
20 4 36
20 4 44
20 4 52
20 4 144
20 4 152
20 4 160
20 4 168
20 4 176
20 4 184
20 4 192
20 12 0
20 12 4
20 12 12
20 12 20
20 12 28
20 12 36
20 12 44
20 12 52
20 12 144
20 12 152
20 12 160
20 12 168
20 12 176
20 12 184
20 12 192
20 20 0
20 20 4
20 20 12
20 20 20
20 20 28
20 20 36
20 20 44
20 20 52
20 20 144
20 20 152
20 20 160
20 20 168
20 20 176
20 20 184
20 20 192
20 28 0
20 28 4
20 28 12
20 28 20
20 28 28
20 28 36
20 28 44
20 28 52
20 28 144
20 28 152
20 28 160
20 28 168
20 28 176
20 28 184
20 28 192
20 36 0
20 36 4
20 36 12
20 36 20
20 36 28
20 36 36
20 36 44
20 36 52
20 36 144
20 36 152
20 36 160
20 36 168
20 36 176
20 36 184
20 36 192
20 44 0
20 44 4
20 44 12
20 44 20
20 44 28
20 44 36
20 44 44
20 44 52
20 44 144
20 44 152
20 44 160
20 44 168
20 44 176
20 44 184
20 44 192
20 52 0
20 52 4
20 52 12
20 52 20
20 52 28
20 52 36
20 52 44
20 52 52
20 52 144
20 52 152
20 52 160
20 52 168
20 52 176
20 52 184
20 52 192
20 144 0
20 144 4
20 144 12
20 144 20
20 144 28
20 144 36
20 144 44
20 144 52
20 144 144
20 144 152
20 144 160
20 144 168
20 144 176
20 144 184
20 144 192
20 152 0
20 152 4
20 152 12
20 152 20
20 152 28
20 152 36
20 152 44
20 152 52
20 152 144
20 152 152
20 152 160
20 152 168
20 152 176
20 152 184
20 152 192
20 160 0
20 160 4
20 160 12
20 160 20
20 160 28
20 160 36
20 160 44
20 160 52
20 160 144
20 160 152
20 160 160
20 160 168
20 160 176
20 160 184
20 160 192
20 168 0
20 168 4
20 168 12
20 168 20
20 168 28
20 168 36
20 168 44
20 168 52
20 168 144
20 168 152
20 168 160
20 168 168
20 168 176
20 168 184
20 168 192
20 176 0
20 176 4
20 176 12
20 176 20
20 176 28
20 176 36
20 176 44
20 176 52
20 176 144
20 176 152
20 176 160
20 176 168
20 176 176
20 176 184
20 176 192
20 184 0
20 184 4
20 184 12
20 184 20
20 184 28
20 184 36
20 184 44
20 184 52
20 184 144
20 184 152
20 184 160
20 184 168
20 184 176
20 184 184
20 184 192
20 192 0
20 192 4
20 192 12
20 192 20
20 192 28
20 192 36
20 192 44
20 192 52
20 192 144
20 192 152
20 192 160
20 192 168
20 192 176
20 192 184
20 192 192
28 0 0
28 0 4
28 0 12
28 0 20
28 0 28
28 0 36
28 0 44
28 0 52
28 0 144
28 0 152
28 0 160
28 0 168
28 0 176
28 0 184
28 0 192
28 4 0
28 4 4
28 4 12
28 4 20
28 4 28
28 4 36
28 4 44
28 4 52
28 4 144
28 4 152
28 4 160
28 4 168
28 4 176
28 4 184
28 4 192
28 12 0
28 12 4
28 12 12
28 12 20
28 12 28
28 12 36
28 12 44
28 12 52
28 12 144
28 12 152
28 12 160
28 12 168
28 12 176
28 12 184
28 12 192
28 20 0
28 20 4
28 20 12
28 20 20
28 20 28
28 20 36
28 20 44
28 20 52
28 20 144
28 20 152
28 20 160
28 20 168
28 20 176
28 20 184
28 20 192
28 28 0
28 28 4
28 28 12
28 28 20
28 28 28
28 28 36
28 28 44
28 28 52
28 28 144
28 28 152
28 28 160
28 28 168
28 28 176
28 28 184
28 28 192
28 36 0
28 36 4
28 36 12
28 36 20
28 36 28
28 36 36
28 36 44
28 36 52
28 36 144
28 36 152
28 36 160
28 36 168
28 36 176
28 36 184
28 36 192
28 44 0
28 44 4
28 44 12
28 44 20
28 44 28
28 44 36
28 44 44
28 44 52
28 44 144
28 44 152
28 44 160
28 44 168
28 44 176
28 44 184
28 44 192
28 52 0
28 52 4
28 52 12
28 52 20
28 52 28
28 52 36
28 52 44
28 52 52
28 52 144
28 52 152
28 52 160
28 52 168
28 52 176
28 52 184
28 52 192
28 144 0
28 144 4
28 144 12
28 144 20
28 144 28
28 144 36
28 144 44
28 144 52
28 144 144
28 144 152
28 144 160
28 144 168
28 144 176
28 144 184
28 144 192
28 152 0
28 152 4
28 152 12
28 152 20
28 152 28
28 152 36
28 152 44
28 152 52
28 152 144
28 152 152
28 152 160
28 152 168
28 152 176
28 152 184
28 152 192
28 160 0
28 160 4
28 160 12
28 160 20
28 160 28
28 160 36
28 160 44
28 160 52
28 160 144
28 160 152
28 160 160
28 160 168
28 160 176
28 160 184
28 160 192
28 168 0
28 168 4
28 168 12
28 168 20
28 168 28
28 168 36
28 168 44
28 168 52
28 168 144
28 168 152
28 168 160
28 168 168
28 168 176
28 168 184
28 168 192
28 176 0
28 176 4
28 176 12
28 176 20
28 176 28
28 176 36
28 176 44
28 176 52
28 176 144
28 176 152
28 176 160
28 176 168
28 176 176
28 176 184
28 176 192
28 184 0
28 184 4
28 184 12
28 184 20
28 184 28
28 184 36
28 184 44
28 184 52
28 184 144
28 184 152
28 184 160
28 184 168
28 184 176
28 184 184
28 184 192
28 192 0
28 192 4
28 192 12
28 192 20
28 192 28
28 192 36
28 192 44
28 192 52
28 192 144
28 192 152
28 192 160
28 192 168
28 192 176
28 192 184
28 192 192
36 0 0
36 0 4
36 0 12
36 0 20
36 0 28
36 0 36
36 0 44
36 0 52
36 0 144
36 0 152
36 0 160
36 0 168
36 0 176
36 0 184
36 0 192
36 4 0
36 4 4
36 4 12
36 4 20
36 4 28
36 4 36
36 4 44
36 4 52
36 4 144
36 4 152
36 4 160
36 4 168
36 4 176
36 4 184
36 4 192
36 12 0
36 12 4
36 12 12
36 12 20
36 12 28
36 12 36
36 12 44
36 12 52
36 12 144
36 12 152
36 12 160
36 12 168
36 12 176
36 12 184
36 12 192
36 20 0
36 20 4
36 20 12
36 20 20
36 20 28
36 20 36
36 20 44
36 20 52
36 20 144
36 20 152
36 20 160
36 20 168
36 20 176
36 20 184
36 20 192
36 28 0
36 28 4
36 28 12
36 28 20
36 28 28
36 28 36
36 28 44
36 28 52
36 28 144
36 28 152
36 28 160
36 28 168
36 28 176
36 28 184
36 28 192
36 36 0
36 36 4
36 36 12
36 36 20
36 36 28
36 36 36
36 36 44
36 36 52
36 36 144
36 36 152
36 36 160
36 36 168
36 36 176
36 36 184
36 36 192
36 44 0
36 44 4
36 44 12
36 44 20
36 44 28
36 44 36
36 44 44
36 44 52
36 44 144
36 44 152
36 44 160
36 44 168
36 44 176
36 44 184
36 44 192
36 52 0
36 52 4
36 52 12
36 52 20
36 52 28
36 52 36
36 52 44
36 52 52
36 52 144
36 52 152
36 52 160
36 52 168
36 52 176
36 52 184
36 52 192
36 144 0
36 144 4
36 144 12
36 144 20
36 144 28
36 144 36
36 144 44
36 144 52
36 144 144
36 144 152
36 144 160
36 144 168
36 144 176
36 144 184
36 144 192
36 152 0
36 152 4
36 152 12
36 152 20
36 152 28
36 152 36
36 152 44
36 152 52
36 152 144
36 152 152
36 152 160
36 152 168
36 152 176
36 152 184
36 152 192
36 160 0
36 160 4
36 160 12
36 160 20
36 160 28
36 160 36
36 160 44
36 160 52
36 160 144
36 160 152
36 160 160
36 160 168
36 160 176
36 160 184
36 160 192
36 168 0
36 168 4
36 168 12
36 168 20
36 168 28
36 168 36
36 168 44
36 168 52
36 168 144
36 168 152
36 168 160
36 168 168
36 168 176
36 168 184
36 168 192
36 176 0
36 176 4
36 176 12
36 176 20
36 176 28
36 176 36
36 176 44
36 176 52
36 176 144
36 176 152
36 176 160
36 176 168
36 176 176
36 176 184
36 176 192
36 184 0
36 184 4
36 184 12
36 184 20
36 184 28
36 184 36
36 184 44
36 184 52
36 184 144
36 184 152
36 184 160
36 184 168
36 184 176
36 184 184
36 184 192
36 192 0
36 192 4
36 192 12
36 192 20
36 192 28
36 192 36
36 192 44
36 192 52
36 192 144
36 192 152
36 192 160
36 192 168
36 192 176
36 192 184
36 192 192
44 0 0
44 0 4
44 0 12
44 0 20
44 0 28
44 0 36
44 0 44
44 0 52
44 0 144
44 0 152
44 0 160
44 0 168
44 0 176
44 0 184
44 0 192
44 4 0
44 4 4
44 4 12
44 4 20
44 4 28
44 4 36
44 4 44
44 4 52
44 4 144
44 4 152
44 4 160
44 4 168
44 4 176
44 4 184
44 4 192
44 12 0
44 12 4
44 12 12
44 12 20
44 12 28
44 12 36
44 12 44
44 12 52
44 12 144
44 12 152
44 12 160
44 12 168
44 12 176
44 12 184
44 12 192
44 20 0
44 20 4
44 20 12
44 20 20
44 20 28
44 20 36
44 20 44
44 20 52
44 20 144
44 20 152
44 20 160
44 20 168
44 20 176
44 20 184
44 20 192
44 28 0
44 28 4
44 28 12
44 28 20
44 28 28
44 28 36
44 28 44
44 28 52
44 28 144
44 28 152
44 28 160
44 28 168
44 28 176
44 28 184
44 28 192
44 36 0
44 36 4
44 36 12
44 36 20
44 36 28
44 36 36
44 36 44
44 36 52
44 36 144
44 36 152
44 36 160
44 36 168
44 36 176
44 36 184
44 36 192
44 44 0
44 44 4
44 44 12
44 44 20
44 44 28
44 44 36
44 44 44
44 44 52
44 44 144
44 44 152
44 44 160
44 44 168
44 44 176
44 44 184
44 44 192
44 52 0
44 52 4
44 52 12
44 52 20
44 52 28
44 52 36
44 52 44
44 52 52
44 52 144
44 52 152
44 52 160
44 52 168
44 52 176
44 52 184
44 52 192
44 144 0
44 144 4
44 144 12
44 144 20
44 144 28
44 144 36
44 144 44
44 144 52
44 144 144
44 144 152
44 144 160
44 144 168
44 144 176
44 144 184
44 144 192
44 152 0
44 152 4
44 152 12
44 152 20
44 152 28
44 152 36
44 152 44
44 152 52
44 152 144
44 152 152
44 152 160
44 152 168
44 152 176
44 152 184
44 152 192
44 160 0
44 160 4
44 160 12
44 160 20
44 160 28
44 160 36
44 160 44
44 160 52
44 160 144
44 160 152
44 160 160
44 160 168
44 160 176
44 160 184
44 160 192
44 168 0
44 168 4
44 168 12
44 168 20
44 168 28
44 168 36
44 168 44
44 168 52
44 168 144
44 168 152
44 168 160
44 168 168
44 168 176
44 168 184
44 168 192
44 176 0
44 176 4
44 176 12
44 176 20
44 176 28
44 176 36
44 176 44
44 176 52
44 176 144
44 176 152
44 176 160
44 176 168
44 176 176
44 176 184
44 176 192
44 184 0
44 184 4
44 184 12
44 184 20
44 184 28
44 184 36
44 184 44
44 184 52
44 184 144
44 184 152
44 184 160
44 184 168
44 184 176
44 184 184
44 184 192
44 192 0
44 192 4
44 192 12
44 192 20
44 192 28
44 192 36
44 192 44
44 192 52
44 192 144
44 192 152
44 192 160
44 192 168
44 192 176
44 192 184
44 192 192
52 0 0
52 0 4
52 0 12
52 0 20
52 0 28
52 0 36
52 0 44
52 0 52
52 0 144
52 0 152
52 0 160
52 0 168
52 0 176
52 0 184
52 0 192
52 4 0
52 4 4
52 4 12
52 4 20
52 4 28
52 4 36
52 4 44
52 4 52
52 4 144
52 4 152
52 4 160
52 4 168
52 4 176
52 4 184
52 4 192
52 12 0
52 12 4
52 12 12
52 12 20
52 12 28
52 12 36
52 12 44
52 12 52
52 12 144
52 12 152
52 12 160
52 12 168
52 12 176
52 12 184
52 12 192
52 20 0
52 20 4
52 20 12
52 20 20
52 20 28
52 20 36
52 20 44
52 20 52
52 20 144
52 20 152
52 20 160
52 20 168
52 20 176
52 20 184
52 20 192
52 28 0
52 28 4
52 28 12
52 28 20
52 28 28
52 28 36
52 28 44
52 28 52
52 28 144
52 28 152
52 28 160
52 28 168
52 28 176
52 28 184
52 28 192
52 36 0
52 36 4
52 36 12
52 36 20
52 36 28
52 36 36
52 36 44
52 36 52
52 36 144
52 36 152
52 36 160
52 36 168
52 36 176
52 36 184
52 36 192
52 44 0
52 44 4
52 44 12
52 44 20
52 44 28
52 44 36
52 44 44
52 44 52
52 44 144
52 44 152
52 44 160
52 44 168
52 44 176
52 44 184
52 44 192
52 52 0
52 52 4
52 52 12
52 52 20
52 52 28
52 52 36
52 52 44
52 52 52
52 52 144
52 52 152
52 52 160
52 52 168
52 52 176
52 52 184
52 52 192
52 144 0
52 144 4
52 144 12
52 144 20
52 144 28
52 144 36
52 144 44
52 144 52
52 144 144
52 144 152
52 144 160
52 144 168
52 144 176
52 144 184
52 144 192
52 152 0
52 152 4
52 152 12
52 152 20
52 152 28
52 152 36
52 152 44
52 152 52
52 152 144
52 152 152
52 152 160
52 152 168
52 152 176
52 152 184
52 152 192
52 160 0
52 160 4
52 160 12
52 160 20
52 160 28
52 160 36
52 160 44
52 160 52
52 160 144
52 160 152
52 160 160
52 160 168
52 160 176
52 160 184
52 160 192
52 168 0
52 168 4
52 168 12
52 168 20
52 168 28
52 168 36
52 168 44
52 168 52
52 168 144
52 168 152
52 168 160
52 168 168
52 168 176
52 168 184
52 168 192
52 176 0
52 176 4
52 176 12
52 176 20
52 176 28
52 176 36
52 176 44
52 176 52
52 176 144
52 176 152
52 176 160
52 176 168
52 176 176
52 176 184
52 176 192
52 184 0
52 184 4
52 184 12
52 184 20
52 184 28
52 184 36
52 184 44
52 184 52
52 184 144
52 184 152
52 184 160
52 184 168
52 184 176
52 184 184
52 184 192
52 192 0
52 192 4
52 192 12
52 192 20
52 192 28
52 192 36
52 192 44
52 192 52
52 192 144
52 192 152
52 192 160
52 192 168
52 192 176
52 192 184
52 192 192
144 0 0
144 0 4
144 0 12
144 0 20
144 0 28
144 0 36
144 0 44
144 0 52
144 0 144
144 0 152
144 0 160
144 0 168
144 0 176
144 0 184
144 0 192
144 4 0
144 4 4
144 4 12
144 4 20
144 4 28
144 4 36
144 4 44
144 4 52
144 4 144
144 4 152
144 4 160
144 4 168
144 4 176
144 4 184
144 4 192
144 12 0
144 12 4
144 12 12
144 12 20
144 12 28
144 12 36
144 12 44
144 12 52
144 12 144
144 12 152
144 12 160
144 12 168
144 12 176
144 12 184
144 12 192
144 20 0
144 20 4
144 20 12
144 20 20
144 20 28
144 20 36
144 20 44
144 20 52
144 20 144
144 20 152
144 20 160
144 20 168
144 20 176
144 20 184
144 20 192
144 28 0
144 28 4
144 28 12
144 28 20
144 28 28
144 28 36
144 28 44
144 28 52
144 28 144
144 28 152
144 28 160
144 28 168
144 28 176
144 28 184
144 28 192
144 36 0
144 36 4
144 36 12
144 36 20
144 36 28
144 36 36
144 36 44
144 36 52
144 36 144
144 36 152
144 36 160
144 36 168
144 36 176
144 36 184
144 36 192
144 44 0
144 44 4
144 44 12
144 44 20
144 44 28
144 44 36
144 44 44
144 44 52
144 44 144
144 44 152
144 44 160
144 44 168
144 44 176
144 44 184
144 44 192
144 52 0
144 52 4
144 52 12
144 52 20
144 52 28
144 52 36
144 52 44
144 52 52
144 52 144
144 52 152
144 52 160
144 52 168
144 52 176
144 52 184
144 52 192
144 144 0
144 144 4
144 144 12
144 144 20
144 144 28
144 144 36
144 144 44
144 144 52
144 144 144
144 144 152
144 144 160
144 144 168
144 144 176
144 144 184
144 144 192
144 152 0
144 152 4
144 152 12
144 152 20
144 152 28
144 152 36
144 152 44
144 152 52
144 152 144
144 152 152
144 152 160
144 152 168
144 152 176
144 152 184
144 152 192
144 160 0
144 160 4
144 160 12
144 160 20
144 160 28
144 160 36
144 160 44
144 160 52
144 160 144
144 160 152
144 160 160
144 160 168
144 160 176
144 160 184
144 160 192
144 168 0
144 168 4
144 168 12
144 168 20
144 168 28
144 168 36
144 168 44
144 168 52
144 168 144
144 168 152
144 168 160
144 168 168
144 168 176
144 168 184
144 168 192
144 176 0
144 176 4
144 176 12
144 176 20
144 176 28
144 176 36
144 176 44
144 176 52
144 176 144
144 176 152
144 176 160
144 176 168
144 176 176
144 176 184
144 176 192
144 184 0
144 184 4
144 184 12
144 184 20
144 184 28
144 184 36
144 184 44
144 184 52
144 184 144
144 184 152
144 184 160
144 184 168
144 184 176
144 184 184
144 184 192
144 192 0
144 192 4
144 192 12
144 192 20
144 192 28
144 192 36
144 192 44
144 192 52
144 192 144
144 192 152
144 192 160
144 192 168
144 192 176
144 192 184
144 192 192
152 0 0
152 0 4
152 0 12
152 0 20
152 0 28
152 0 36
152 0 44
152 0 52
152 0 144
152 0 152
152 0 160
152 0 168
152 0 176
152 0 184
152 0 192
152 4 0
152 4 4
152 4 12
152 4 20
152 4 28
152 4 36
152 4 44
152 4 52
152 4 144
152 4 152
152 4 160
152 4 168
152 4 176
152 4 184
152 4 192
152 12 0
152 12 4
152 12 12
152 12 20
152 12 28
152 12 36
152 12 44
152 12 52
152 12 144
152 12 152
152 12 160
152 12 168
152 12 176
152 12 184
152 12 192
152 20 0
152 20 4
152 20 12
152 20 20
152 20 28
152 20 36
152 20 44
152 20 52
152 20 144
152 20 152
152 20 160
152 20 168
152 20 176
152 20 184
152 20 192
152 28 0
152 28 4
152 28 12
152 28 20
152 28 28
152 28 36
152 28 44
152 28 52
152 28 144
152 28 152
152 28 160
152 28 168
152 28 176
152 28 184
152 28 192
152 36 0
152 36 4
152 36 12
152 36 20
152 36 28
152 36 36
152 36 44
152 36 52
152 36 144
152 36 152
152 36 160
152 36 168
152 36 176
152 36 184
152 36 192
152 44 0
152 44 4
152 44 12
152 44 20
152 44 28
152 44 36
152 44 44
152 44 52
152 44 144
152 44 152
152 44 160
152 44 168
152 44 176
152 44 184
152 44 192
152 52 0
152 52 4
152 52 12
152 52 20
152 52 28
152 52 36
152 52 44
152 52 52
152 52 144
152 52 152
152 52 160
152 52 168
152 52 176
152 52 184
152 52 192
152 144 0
152 144 4
152 144 12
152 144 20
152 144 28
152 144 36
152 144 44
152 144 52
152 144 144
152 144 152
152 144 160
152 144 168
152 144 176
152 144 184
152 144 192
152 152 0
152 152 4
152 152 12
152 152 20
152 152 28
152 152 36
152 152 44
152 152 52
152 152 144
152 152 152
152 152 160
152 152 168
152 152 176
152 152 184
152 152 192
152 160 0
152 160 4
152 160 12
152 160 20
152 160 28
152 160 36
152 160 44
152 160 52
152 160 144
152 160 152
152 160 160
152 160 168
152 160 176
152 160 184
152 160 192
152 168 0
152 168 4
152 168 12
152 168 20
152 168 28
152 168 36
152 168 44
152 168 52
152 168 144
152 168 152
152 168 160
152 168 168
152 168 176
152 168 184
152 168 192
152 176 0
152 176 4
152 176 12
152 176 20
152 176 28
152 176 36
152 176 44
152 176 52
152 176 144
152 176 152
152 176 160
152 176 168
152 176 176
152 176 184
152 176 192
152 184 0
152 184 4
152 184 12
152 184 20
152 184 28
152 184 36
152 184 44
152 184 52
152 184 144
152 184 152
152 184 160
152 184 168
152 184 176
152 184 184
152 184 192
152 192 0
152 192 4
152 192 12
152 192 20
152 192 28
152 192 36
152 192 44
152 192 52
152 192 144
152 192 152
152 192 160
152 192 168
152 192 176
152 192 184
152 192 192
160 0 0
160 0 4
160 0 12
160 0 20
160 0 28
160 0 36
160 0 44
160 0 52
160 0 144
160 0 152
160 0 160
160 0 168
160 0 176
160 0 184
160 0 192
160 4 0
160 4 4
160 4 12
160 4 20
160 4 28
160 4 36
160 4 44
160 4 52
160 4 144
160 4 152
160 4 160
160 4 168
160 4 176
160 4 184
160 4 192
160 12 0
160 12 4
160 12 12
160 12 20
160 12 28
160 12 36
160 12 44
160 12 52
160 12 144
160 12 152
160 12 160
160 12 168
160 12 176
160 12 184
160 12 192
160 20 0
160 20 4
160 20 12
160 20 20
160 20 28
160 20 36
160 20 44
160 20 52
160 20 144
160 20 152
160 20 160
160 20 168
160 20 176
160 20 184
160 20 192
160 28 0
160 28 4
160 28 12
160 28 20
160 28 28
160 28 36
160 28 44
160 28 52
160 28 144
160 28 152
160 28 160
160 28 168
160 28 176
160 28 184
160 28 192
160 36 0
160 36 4
160 36 12
160 36 20
160 36 28
160 36 36
160 36 44
160 36 52
160 36 144
160 36 152
160 36 160
160 36 168
160 36 176
160 36 184
160 36 192
160 44 0
160 44 4
160 44 12
160 44 20
160 44 28
160 44 36
160 44 44
160 44 52
160 44 144
160 44 152
160 44 160
160 44 168
160 44 176
160 44 184
160 44 192
160 52 0
160 52 4
160 52 12
160 52 20
160 52 28
160 52 36
160 52 44
160 52 52
160 52 144
160 52 152
160 52 160
160 52 168
160 52 176
160 52 184
160 52 192
160 144 0
160 144 4
160 144 12
160 144 20
160 144 28
160 144 36
160 144 44
160 144 52
160 144 144
160 144 152
160 144 160
160 144 168
160 144 176
160 144 184
160 144 192
160 152 0
160 152 4
160 152 12
160 152 20
160 152 28
160 152 36
160 152 44
160 152 52
160 152 144
160 152 152
160 152 160
160 152 168
160 152 176
160 152 184
160 152 192
160 160 0
160 160 4
160 160 12
160 160 20
160 160 28
160 160 36
160 160 44
160 160 52
160 160 144
160 160 152
160 160 160
160 160 168
160 160 176
160 160 184
160 160 192
160 168 0
160 168 4
160 168 12
160 168 20
160 168 28
160 168 36
160 168 44
160 168 52
160 168 144
160 168 152
160 168 160
160 168 168
160 168 176
160 168 184
160 168 192
160 176 0
160 176 4
160 176 12
160 176 20
160 176 28
160 176 36
160 176 44
160 176 52
160 176 144
160 176 152
160 176 160
160 176 168
160 176 176
160 176 184
160 176 192
160 184 0
160 184 4
160 184 12
160 184 20
160 184 28
160 184 36
160 184 44
160 184 52
160 184 144
160 184 152
160 184 160
160 184 168
160 184 176
160 184 184
160 184 192
160 192 0
160 192 4
160 192 12
160 192 20
160 192 28
160 192 36
160 192 44
160 192 52
160 192 144
160 192 152
160 192 160
160 192 168
160 192 176
160 192 184
160 192 192
168 0 0
168 0 4
168 0 12
168 0 20
168 0 28
168 0 36
168 0 44
168 0 52
168 0 144
168 0 152
168 0 160
168 0 168
168 0 176
168 0 184
168 0 192
168 4 0
168 4 4
168 4 12
168 4 20
168 4 28
168 4 36
168 4 44
168 4 52
168 4 144
168 4 152
168 4 160
168 4 168
168 4 176
168 4 184
168 4 192
168 12 0
168 12 4
168 12 12
168 12 20
168 12 28
168 12 36
168 12 44
168 12 52
168 12 144
168 12 152
168 12 160
168 12 168
168 12 176
168 12 184
168 12 192
168 20 0
168 20 4
168 20 12
168 20 20
168 20 28
168 20 36
168 20 44
168 20 52
168 20 144
168 20 152
168 20 160
168 20 168
168 20 176
168 20 184
168 20 192
168 28 0
168 28 4
168 28 12
168 28 20
168 28 28
168 28 36
168 28 44
168 28 52
168 28 144
168 28 152
168 28 160
168 28 168
168 28 176
168 28 184
168 28 192
168 36 0
168 36 4
168 36 12
168 36 20
168 36 28
168 36 36
168 36 44
168 36 52
168 36 144
168 36 152
168 36 160
168 36 168
168 36 176
168 36 184
168 36 192
168 44 0
168 44 4
168 44 12
168 44 20
168 44 28
168 44 36
168 44 44
168 44 52
168 44 144
168 44 152
168 44 160
168 44 168
168 44 176
168 44 184
168 44 192
168 52 0
168 52 4
168 52 12
168 52 20
168 52 28
168 52 36
168 52 44
168 52 52
168 52 144
168 52 152
168 52 160
168 52 168
168 52 176
168 52 184
168 52 192
168 144 0
168 144 4
168 144 12
168 144 20
168 144 28
168 144 36
168 144 44
168 144 52
168 144 144
168 144 152
168 144 160
168 144 168
168 144 176
168 144 184
168 144 192
168 152 0
168 152 4
168 152 12
168 152 20
168 152 28
168 152 36
168 152 44
168 152 52
168 152 144
168 152 152
168 152 160
168 152 168
168 152 176
168 152 184
168 152 192
168 160 0
168 160 4
168 160 12
168 160 20
168 160 28
168 160 36
168 160 44
168 160 52
168 160 144
168 160 152
168 160 160
168 160 168
168 160 176
168 160 184
168 160 192
168 168 0
168 168 4
168 168 12
168 168 20
168 168 28
168 168 36
168 168 44
168 168 52
168 168 144
168 168 152
168 168 160
168 168 168
168 168 176
168 168 184
168 168 192
168 176 0
168 176 4
168 176 12
168 176 20
168 176 28
168 176 36
168 176 44
168 176 52
168 176 144
168 176 152
168 176 160
168 176 168
168 176 176
168 176 184
168 176 192
168 184 0
168 184 4
168 184 12
168 184 20
168 184 28
168 184 36
168 184 44
168 184 52
168 184 144
168 184 152
168 184 160
168 184 168
168 184 176
168 184 184
168 184 192
168 192 0
168 192 4
168 192 12
168 192 20
168 192 28
168 192 36
168 192 44
168 192 52
168 192 144
168 192 152
168 192 160
168 192 168
168 192 176
168 192 184
168 192 192
176 0 0
176 0 4
176 0 12
176 0 20
176 0 28
176 0 36
176 0 44
176 0 52
176 0 144
176 0 152
176 0 160
176 0 168
176 0 176
176 0 184
176 0 192
176 4 0
176 4 4
176 4 12
176 4 20
176 4 28
176 4 36
176 4 44
176 4 52
176 4 144
176 4 152
176 4 160
176 4 168
176 4 176
176 4 184
176 4 192
176 12 0
176 12 4
176 12 12
176 12 20
176 12 28
176 12 36
176 12 44
176 12 52
176 12 144
176 12 152
176 12 160
176 12 168
176 12 176
176 12 184
176 12 192
176 20 0
176 20 4
176 20 12
176 20 20
176 20 28
176 20 36
176 20 44
176 20 52
176 20 144
176 20 152
176 20 160
176 20 168
176 20 176
176 20 184
176 20 192
176 28 0
176 28 4
176 28 12
176 28 20
176 28 28
176 28 36
176 28 44
176 28 52
176 28 144
176 28 152
176 28 160
176 28 168
176 28 176
176 28 184
176 28 192
176 36 0
176 36 4
176 36 12
176 36 20
176 36 28
176 36 36
176 36 44
176 36 52
176 36 144
176 36 152
176 36 160
176 36 168
176 36 176
176 36 184
176 36 192
176 44 0
176 44 4
176 44 12
176 44 20
176 44 28
176 44 36
176 44 44
176 44 52
176 44 144
176 44 152
176 44 160
176 44 168
176 44 176
176 44 184
176 44 192
176 52 0
176 52 4
176 52 12
176 52 20
176 52 28
176 52 36
176 52 44
176 52 52
176 52 144
176 52 152
176 52 160
176 52 168
176 52 176
176 52 184
176 52 192
176 144 0
176 144 4
176 144 12
176 144 20
176 144 28
176 144 36
176 144 44
176 144 52
176 144 144
176 144 152
176 144 160
176 144 168
176 144 176
176 144 184
176 144 192
176 152 0
176 152 4
176 152 12
176 152 20
176 152 28
176 152 36
176 152 44
176 152 52
176 152 144
176 152 152
176 152 160
176 152 168
176 152 176
176 152 184
176 152 192
176 160 0
176 160 4
176 160 12
176 160 20
176 160 28
176 160 36
176 160 44
176 160 52
176 160 144
176 160 152
176 160 160
176 160 168
176 160 176
176 160 184
176 160 192
176 168 0
176 168 4
176 168 12
176 168 20
176 168 28
176 168 36
176 168 44
176 168 52
176 168 144
176 168 152
176 168 160
176 168 168
176 168 176
176 168 184
176 168 192
176 176 0
176 176 4
176 176 12
176 176 20
176 176 28
176 176 36
176 176 44
176 176 52
176 176 144
176 176 152
176 176 160
176 176 168
176 176 176
176 176 184
176 176 192
176 184 0
176 184 4
176 184 12
176 184 20
176 184 28
176 184 36
176 184 44
176 184 52
176 184 144
176 184 152
176 184 160
176 184 168
176 184 176
176 184 184
176 184 192
176 192 0
176 192 4
176 192 12
176 192 20
176 192 28
176 192 36
176 192 44
176 192 52
176 192 144
176 192 152
176 192 160
176 192 168
176 192 176
176 192 184
176 192 192
184 0 0
184 0 4
184 0 12
184 0 20
184 0 28
184 0 36
184 0 44
184 0 52
184 0 144
184 0 152
184 0 160
184 0 168
184 0 176
184 0 184
184 0 192
184 4 0
184 4 4
184 4 12
184 4 20
184 4 28
184 4 36
184 4 44
184 4 52
184 4 144
184 4 152
184 4 160
184 4 168
184 4 176
184 4 184
184 4 192
184 12 0
184 12 4
184 12 12
184 12 20
184 12 28
184 12 36
184 12 44
184 12 52
184 12 144
184 12 152
184 12 160
184 12 168
184 12 176
184 12 184
184 12 192
184 20 0
184 20 4
184 20 12
184 20 20
184 20 28
184 20 36
184 20 44
184 20 52
184 20 144
184 20 152
184 20 160
184 20 168
184 20 176
184 20 184
184 20 192
184 28 0
184 28 4
184 28 12
184 28 20
184 28 28
184 28 36
184 28 44
184 28 52
184 28 144
184 28 152
184 28 160
184 28 168
184 28 176
184 28 184
184 28 192
184 36 0
184 36 4
184 36 12
184 36 20
184 36 28
184 36 36
184 36 44
184 36 52
184 36 144
184 36 152
184 36 160
184 36 168
184 36 176
184 36 184
184 36 192
184 44 0
184 44 4
184 44 12
184 44 20
184 44 28
184 44 36
184 44 44
184 44 52
184 44 144
184 44 152
184 44 160
184 44 168
184 44 176
184 44 184
184 44 192
184 52 0
184 52 4
184 52 12
184 52 20
184 52 28
184 52 36
184 52 44
184 52 52
184 52 144
184 52 152
184 52 160
184 52 168
184 52 176
184 52 184
184 52 192
184 144 0
184 144 4
184 144 12
184 144 20
184 144 28
184 144 36
184 144 44
184 144 52
184 144 144
184 144 152
184 144 160
184 144 168
184 144 176
184 144 184
184 144 192
184 152 0
184 152 4
184 152 12
184 152 20
184 152 28
184 152 36
184 152 44
184 152 52
184 152 144
184 152 152
184 152 160
184 152 168
184 152 176
184 152 184
184 152 192
184 160 0
184 160 4
184 160 12
184 160 20
184 160 28
184 160 36
184 160 44
184 160 52
184 160 144
184 160 152
184 160 160
184 160 168
184 160 176
184 160 184
184 160 192
184 168 0
184 168 4
184 168 12
184 168 20
184 168 28
184 168 36
184 168 44
184 168 52
184 168 144
184 168 152
184 168 160
184 168 168
184 168 176
184 168 184
184 168 192
184 176 0
184 176 4
184 176 12
184 176 20
184 176 28
184 176 36
184 176 44
184 176 52
184 176 144
184 176 152
184 176 160
184 176 168
184 176 176
184 176 184
184 176 192
184 184 0
184 184 4
184 184 12
184 184 20
184 184 28
184 184 36
184 184 44
184 184 52
184 184 144
184 184 152
184 184 160
184 184 168
184 184 176
184 184 184
184 184 192
184 192 0
184 192 4
184 192 12
184 192 20
184 192 28
184 192 36
184 192 44
184 192 52
184 192 144
184 192 152
184 192 160
184 192 168
184 192 176
184 192 184
184 192 192
192 0 0
192 0 4
192 0 12
192 0 20
192 0 28
192 0 36
192 0 44
192 0 52
192 0 144
192 0 152
192 0 160
192 0 168
192 0 176
192 0 184
192 0 192
192 4 0
192 4 4
192 4 12
192 4 20
192 4 28
192 4 36
192 4 44
192 4 52
192 4 144
192 4 152
192 4 160
192 4 168
192 4 176
192 4 184
192 4 192
192 12 0
192 12 4
192 12 12
192 12 20
192 12 28
192 12 36
192 12 44
192 12 52
192 12 144
192 12 152
192 12 160
192 12 168
192 12 176
192 12 184
192 12 192
192 20 0
192 20 4
192 20 12
192 20 20
192 20 28
192 20 36
192 20 44
192 20 52
192 20 144
192 20 152
192 20 160
192 20 168
192 20 176
192 20 184
192 20 192
192 28 0
192 28 4
192 28 12
192 28 20
192 28 28
192 28 36
192 28 44
192 28 52
192 28 144
192 28 152
192 28 160
192 28 168
192 28 176
192 28 184
192 28 192
192 36 0
192 36 4
192 36 12
192 36 20
192 36 28
192 36 36
192 36 44
192 36 52
192 36 144
192 36 152
192 36 160
192 36 168
192 36 176
192 36 184
192 36 192
192 44 0
192 44 4
192 44 12
192 44 20
192 44 28
192 44 36
192 44 44
192 44 52
192 44 144
192 44 152
192 44 160
192 44 168
192 44 176
192 44 184
192 44 192
192 52 0
192 52 4
192 52 12
192 52 20
192 52 28
192 52 36
192 52 44
192 52 52
192 52 144
192 52 152
192 52 160
192 52 168
192 52 176
192 52 184
192 52 192
192 144 0
192 144 4
192 144 12
192 144 20
192 144 28
192 144 36
192 144 44
192 144 52
192 144 144
192 144 152
192 144 160
192 144 168
192 144 176
192 144 184
192 144 192
192 152 0
192 152 4
192 152 12
192 152 20
192 152 28
192 152 36
192 152 44
192 152 52
192 152 144
192 152 152
192 152 160
192 152 168
192 152 176
192 152 184
192 152 192
192 160 0
192 160 4
192 160 12
192 160 20
192 160 28
192 160 36
192 160 44
192 160 52
192 160 144
192 160 152
192 160 160
192 160 168
192 160 176
192 160 184
192 160 192
192 168 0
192 168 4
192 168 12
192 168 20
192 168 28
192 168 36
192 168 44
192 168 52
192 168 144
192 168 152
192 168 160
192 168 168
192 168 176
192 168 184
192 168 192
192 176 0
192 176 4
192 176 12
192 176 20
192 176 28
192 176 36
192 176 44
192 176 52
192 176 144
192 176 152
192 176 160
192 176 168
192 176 176
192 176 184
192 176 192
192 184 0
192 184 4
192 184 12
192 184 20
192 184 28
192 184 36
192 184 44
192 184 52
192 184 144
192 184 152
192 184 160
192 184 168
192 184 176
192 184 184
192 184 192
192 192 0
192 192 4
192 192 12
192 192 20
192 192 28
192 192 36
192 192 44
192 192 52
192 192 144
192 192 152
192 192 160
192 192 168
192 192 176
192 192 184
192 192 192
