200
2 2 2
2 2 10
2 2 14
2 2 58
2 2 62
2 2 74
2 2 78
2 2 122
2 2 126
2 2 138
2 2 142
2 2 186
2 2 190
2 2 194
2 2 198
2 10 2
2 10 10
2 10 14
2 10 58
2 10 62
2 10 74
2 10 78
2 10 122
2 10 126
2 10 138
2 10 142
2 10 186
2 10 190
2 10 194
2 10 198
2 14 2
2 14 10
2 14 14
2 14 58
2 14 62
2 14 74
2 14 78
2 14 122
2 14 126
2 14 138
2 14 142
2 14 186
2 14 190
2 14 194
2 14 198
2 58 2
2 58 10
2 58 14
2 58 58
2 58 62
2 58 74
2 58 78
2 58 122
2 58 126
2 58 138
2 58 142
2 58 186
2 58 190
2 58 194
2 58 198
2 62 2
2 62 10
2 62 14
2 62 58
2 62 62
2 62 74
2 62 78
2 62 122
2 62 126
2 62 138
2 62 142
2 62 186
2 62 190
2 62 194
2 62 198
2 74 2
2 74 10
2 74 14
2 74 58
2 74 62
2 74 74
2 74 78
2 74 122
2 74 126
2 74 138
2 74 142
2 74 186
2 74 190
2 74 194
2 74 198
2 78 2
2 78 10
2 78 14
2 78 58
2 78 62
2 78 74
2 78 78
2 78 122
2 78 126
2 78 138
2 78 142
2 78 186
2 78 190
2 78 194
2 78 198
2 122 2
2 122 10
2 122 14
2 122 58
2 122 62
2 122 74
2 122 78
2 122 122
2 122 126
2 122 138
2 122 142
2 122 186
2 122 190
2 122 194
2 122 198
2 126 2
2 126 10
2 126 14
2 126 58
2 126 62
2 126 74
2 126 78
2 126 122
2 126 126
2 126 138
2 126 142
2 126 186
2 126 190
2 126 194
2 126 198
2 138 2
2 138 10
2 138 14
2 138 58
2 138 62
2 138 74
2 138 78
2 138 122
2 138 126
2 138 138
2 138 142
2 138 186
2 138 190
2 138 194
2 138 198
2 142 2
2 142 10
2 142 14
2 142 58
2 142 62
2 142 74
2 142 78
2 142 122
2 142 126
2 142 138
2 142 142
2 142 186
2 142 190
2 142 194
2 142 198
2 186 2
2 186 10
2 186 14
2 186 58
2 186 62
2 186 74
2 186 78
2 186 122
2 186 126
2 186 138
2 186 142
2 186 186
2 186 190
2 186 194
2 186 198
2 190 2
2 190 10
2 190 14
2 190 58
2 190 62
2 190 74
2 190 78
2 190 122
2 190 126
2 190 138
2 190 142
2 190 186
2 190 190
2 190 194
2 190 198
2 194 2
2 194 10
2 194 14
2 194 58
2 194 62
2 194 74
2 194 78
2 194 122
2 194 126
2 194 138
2 194 142
2 194 186
2 194 190
2 194 194
2 194 198
2 198 2
2 198 10
2 198 14
2 198 58
2 198 62
2 198 74
2 198 78
2 198 122
2 198 126
2 198 138
2 198 142
2 198 186
2 198 190
2 198 194
2 198 198
10 2 2
10 2 10
10 2 14
10 2 58
10 2 62
10 2 74
10 2 78
10 2 122
10 2 126
10 2 138
10 2 142
10 2 186
10 2 190
10 2 194
10 2 198
10 10 2
10 10 10
10 10 14
10 10 58
10 10 62
10 10 74
10 10 78
10 10 122
10 10 126
10 10 138
10 10 142
10 10 186
10 10 190
10 10 194
10 10 198
10 14 2
10 14 10
10 14 14
10 14 58
10 14 62
10 14 74
10 14 78
10 14 122
10 14 126
10 14 138
10 14 142
10 14 186
10 14 190
10 14 194
10 14 198
10 58 2
10 58 10
10 58 14
10 58 58
10 58 62
10 58 74
10 58 78
10 58 122
10 58 126
10 58 138
10 58 142
10 58 186
10 58 190
10 58 194
10 58 198
10 62 2
10 62 10
10 62 14
10 62 58
10 62 62
10 62 74
10 62 78
10 62 122
10 62 126
10 62 138
10 62 142
10 62 186
10 62 190
10 62 194
10 62 198
10 74 2
10 74 10
10 74 14
10 74 58
10 74 62
10 74 74
10 74 78
10 74 122
10 74 126
10 74 138
10 74 142
10 74 186
10 74 190
10 74 194
10 74 198
10 78 2
10 78 10
10 78 14
10 78 58
10 78 62
10 78 74
10 78 78
10 78 122
10 78 126
10 78 138
10 78 142
10 78 186
10 78 190
10 78 194
10 78 198
10 122 2
10 122 10
10 122 14
10 122 58
10 122 62
10 122 74
10 122 78
10 122 122
10 122 126
10 122 138
10 122 142
10 122 186
10 122 190
10 122 194
10 122 198
10 126 2
10 126 10
10 126 14
10 126 58
10 126 62
10 126 74
10 126 78
10 126 122
10 126 126
10 126 138
10 126 142
10 126 186
10 126 190
10 126 194
10 126 198
10 138 2
10 138 10
10 138 14
10 138 58
10 138 62
10 138 74
10 138 78
10 138 122
10 138 126
10 138 138
10 138 142
10 138 186
10 138 190
10 138 194
10 138 198
10 142 2
10 142 10
10 142 14
10 142 58
10 142 62
10 142 74
10 142 78
10 142 122
10 142 126
10 142 138
10 142 142
10 142 186
10 142 190
10 142 194
10 142 198
10 186 2
10 186 10
10 186 14
10 186 58
10 186 62
10 186 74
10 186 78
10 186 122
10 186 126
10 186 138
10 186 142
10 186 186
10 186 190
10 186 194
10 186 198
10 190 2
10 190 10
10 190 14
10 190 58
10 190 62
10 190 74
10 190 78
10 190 122
10 190 126
10 190 138
10 190 142
10 190 186
10 190 190
10 190 194
10 190 198
10 194 2
10 194 10
10 194 14
10 194 58
10 194 62
10 194 74
10 194 78
10 194 122
10 194 126
10 194 138
10 194 142
10 194 186
10 194 190
10 194 194
10 194 198
10 198 2
10 198 10
10 198 14
10 198 58
10 198 62
10 198 74
10 198 78
10 198 122
10 198 126
10 198 138
10 198 142
10 198 186
10 198 190
10 198 194
10 198 198
14 2 2
14 2 10
14 2 14
14 2 58
14 2 62
14 2 74
14 2 78
14 2 122
14 2 126
14 2 138
14 2 142
14 2 186
14 2 190
14 2 194
14 2 198
14 10 2
14 10 10
14 10 14
14 10 58
14 10 62
14 10 74
14 10 78
14 10 122
14 10 126
14 10 138
14 10 142
14 10 186
14 10 190
14 10 194
14 10 198
14 14 2
14 14 10
14 14 14
14 14 58
14 14 62
14 14 74
14 14 78
14 14 122
14 14 126
14 14 138
14 14 142
14 14 186
14 14 190
14 14 194
14 14 198
14 58 2
14 58 10
14 58 14
14 58 58
14 58 62
14 58 74
14 58 78
14 58 122
14 58 126
14 58 138
14 58 142
14 58 186
14 58 190
14 58 194
14 58 198
14 62 2
14 62 10
14 62 14
14 62 58
14 62 62
14 62 74
14 62 78
14 62 122
14 62 126
14 62 138
14 62 142
14 62 186
14 62 190
14 62 194
14 62 198
14 74 2
14 74 10
14 74 14
14 74 58
14 74 62
14 74 74
14 74 78
14 74 122
14 74 126
14 74 138
14 74 142
14 74 186
14 74 190
14 74 194
14 74 198
14 78 2
14 78 10
14 78 14
14 78 58
14 78 62
14 78 74
14 78 78
14 78 122
14 78 126
14 78 138
14 78 142
14 78 186
14 78 190
14 78 194
14 78 198
14 122 2
14 122 10
14 122 14
14 122 58
14 122 62
14 122 74
14 122 78
14 122 122
14 122 126
14 122 138
14 122 142
14 122 186
14 122 190
14 122 194
14 122 198
14 126 2
14 126 10
14 126 14
14 126 58
14 126 62
14 126 74
14 126 78
14 126 122
14 126 126
14 126 138
14 126 142
14 126 186
14 126 190
14 126 194
14 126 198
14 138 2
14 138 10
14 138 14
14 138 58
14 138 62
14 138 74
14 138 78
14 138 122
14 138 126
14 138 138
14 138 142
14 138 186
14 138 190
14 138 194
14 138 198
14 142 2
14 142 10
14 142 14
14 142 58
14 142 62
14 142 74
14 142 78
14 142 122
14 142 126
14 142 138
14 142 142
14 142 186
14 142 190
14 142 194
14 142 198
14 186 2
14 186 10
14 186 14
14 186 58
14 186 62
14 186 74
14 186 78
14 186 122
14 186 126
14 186 138
14 186 142
14 186 186
14 186 190
14 186 194
14 186 198
14 190 2
14 190 10
14 190 14
14 190 58
14 190 62
14 190 74
14 190 78
14 190 122
14 190 126
14 190 138
14 190 142
14 190 186
14 190 190
14 190 194
14 190 198
14 194 2
14 194 10
14 194 14
14 194 58
14 194 62
14 194 74
14 194 78
14 194 122
14 194 126
14 194 138
14 194 142
14 194 186
14 194 190
14 194 194
14 194 198
14 198 2
14 198 10
14 198 14
14 198 58
14 198 62
14 198 74
14 198 78
14 198 122
14 198 126
14 198 138
14 198 142
14 198 186
14 198 190
14 198 194
14 198 198
58 2 2
58 2 10
58 2 14
58 2 58
58 2 62
58 2 74
58 2 78
58 2 122
58 2 126
58 2 138
58 2 142
58 2 186
58 2 190
58 2 194
58 2 198
58 10 2
58 10 10
58 10 14
58 10 58
58 10 62
58 10 74
58 10 78
58 10 122
58 10 126
58 10 138
58 10 142
58 10 186
58 10 190
58 10 194
58 10 198
58 14 2
58 14 10
58 14 14
58 14 58
58 14 62
58 14 74
58 14 78
58 14 122
58 14 126
58 14 138
58 14 142
58 14 186
58 14 190
58 14 194
58 14 198
58 58 2
58 58 10
58 58 14
58 58 58
58 58 62
58 58 74
58 58 78
58 58 122
58 58 126
58 58 138
58 58 142
58 58 186
58 58 190
58 58 194
58 58 198
58 62 2
58 62 10
58 62 14
58 62 58
58 62 62
58 62 74
58 62 78
58 62 122
58 62 126
58 62 138
58 62 142
58 62 186
58 62 190
58 62 194
58 62 198
58 74 2
58 74 10
58 74 14
58 74 58
58 74 62
58 74 74
58 74 78
58 74 122
58 74 126
58 74 138
58 74 142
58 74 186
58 74 190
58 74 194
58 74 198
58 78 2
58 78 10
58 78 14
58 78 58
58 78 62
58 78 74
58 78 78
58 78 122
58 78 126
58 78 138
58 78 142
58 78 186
58 78 190
58 78 194
58 78 198
58 122 2
58 122 10
58 122 14
58 122 58
58 122 62
58 122 74
58 122 78
58 122 122
58 122 126
58 122 138
58 122 142
58 122 186
58 122 190
58 122 194
58 122 198
58 126 2
58 126 10
58 126 14
58 126 58
58 126 62
58 126 74
58 126 78
58 126 122
58 126 126
58 126 138
58 126 142
58 126 186
58 126 190
58 126 194
58 126 198
58 138 2
58 138 10
58 138 14
58 138 58
58 138 62
58 138 74
58 138 78
58 138 122
58 138 126
58 138 138
58 138 142
58 138 186
58 138 190
58 138 194
58 138 198
58 142 2
58 142 10
58 142 14
58 142 58
58 142 62
58 142 74
58 142 78
58 142 122
58 142 126
58 142 138
58 142 142
58 142 186
58 142 190
58 142 194
58 142 198
58 186 2
58 186 10
58 186 14
58 186 58
58 186 62
58 186 74
58 186 78
58 186 122
58 186 126
58 186 138
58 186 142
58 186 186
58 186 190
58 186 194
58 186 198
58 190 2
58 190 10
58 190 14
58 190 58
58 190 62
58 190 74
58 190 78
58 190 122
58 190 126
58 190 138
58 190 142
58 190 186
58 190 190
58 190 194
58 190 198
58 194 2
58 194 10
58 194 14
58 194 58
58 194 62
58 194 74
58 194 78
58 194 122
58 194 126
58 194 138
58 194 142
58 194 186
58 194 190
58 194 194
58 194 198
58 198 2
58 198 10
58 198 14
58 198 58
58 198 62
58 198 74
58 198 78
58 198 122
58 198 126
58 198 138
58 198 142
58 198 186
58 198 190
58 198 194
58 198 198
62 2 2
62 2 10
62 2 14
62 2 58
62 2 62
62 2 74
62 2 78
62 2 122
62 2 126
62 2 138
62 2 142
62 2 186
62 2 190
62 2 194
62 2 198
62 10 2
62 10 10
62 10 14
62 10 58
62 10 62
62 10 74
62 10 78
62 10 122
62 10 126
62 10 138
62 10 142
62 10 186
62 10 190
62 10 194
62 10 198
62 14 2
62 14 10
62 14 14
62 14 58
62 14 62
62 14 74
62 14 78
62 14 122
62 14 126
62 14 138
62 14 142
62 14 186
62 14 190
62 14 194
62 14 198
62 58 2
62 58 10
62 58 14
62 58 58
62 58 62
62 58 74
62 58 78
62 58 122
62 58 126
62 58 138
62 58 142
62 58 186
62 58 190
62 58 194
62 58 198
62 62 2
62 62 10
62 62 14
62 62 58
62 62 62
62 62 74
62 62 78
62 62 122
62 62 126
62 62 138
62 62 142
62 62 186
62 62 190
62 62 194
62 62 198
62 74 2
62 74 10
62 74 14
62 74 58
62 74 62
62 74 74
62 74 78
62 74 122
62 74 126
62 74 138
62 74 142
62 74 186
62 74 190
62 74 194
62 74 198
62 78 2
62 78 10
62 78 14
62 78 58
62 78 62
62 78 74
62 78 78
62 78 122
62 78 126
62 78 138
62 78 142
62 78 186
62 78 190
62 78 194
62 78 198
62 122 2
62 122 10
62 122 14
62 122 58
62 122 62
62 122 74
62 122 78
62 122 122
62 122 126
62 122 138
62 122 142
62 122 186
62 122 190
62 122 194
62 122 198
62 126 2
62 126 10
62 126 14
62 126 58
62 126 62
62 126 74
62 126 78
62 126 122
62 126 126
62 126 138
62 126 142
62 126 186
62 126 190
62 126 194
62 126 198
62 138 2
62 138 10
62 138 14
62 138 58
62 138 62
62 138 74
62 138 78
62 138 122
62 138 126
62 138 138
62 138 142
62 138 186
62 138 190
62 138 194
62 138 198
62 142 2
62 142 10
62 142 14
62 142 58
62 142 62
62 142 74
62 142 78
62 142 122
62 142 126
62 142 138
62 142 142
62 142 186
62 142 190
62 142 194
62 142 198
62 186 2
62 186 10
62 186 14
62 186 58
62 186 62
62 186 74
62 186 78
62 186 122
62 186 126
62 186 138
62 186 142
62 186 186
62 186 190
62 186 194
62 186 198
62 190 2
62 190 10
62 190 14
62 190 58
62 190 62
62 190 74
62 190 78
62 190 122
62 190 126
62 190 138
62 190 142
62 190 186
62 190 190
62 190 194
62 190 198
62 194 2
62 194 10
62 194 14
62 194 58
62 194 62
62 194 74
62 194 78
62 194 122
62 194 126
62 194 138
62 194 142
62 194 186
62 194 190
62 194 194
62 194 198
62 198 2
62 198 10
62 198 14
62 198 58
62 198 62
62 198 74
62 198 78
62 198 122
62 198 126
62 198 138
62 198 142
62 198 186
62 198 190
62 198 194
62 198 198
74 2 2
74 2 10
74 2 14
74 2 58
74 2 62
74 2 74
74 2 78
74 2 122
74 2 126
74 2 138
74 2 142
74 2 186
74 2 190
74 2 194
74 2 198
74 10 2
74 10 10
74 10 14
74 10 58
74 10 62
74 10 74
74 10 78
74 10 122
74 10 126
74 10 138
74 10 142
74 10 186
74 10 190
74 10 194
74 10 198
74 14 2
74 14 10
74 14 14
74 14 58
74 14 62
74 14 74
74 14 78
74 14 122
74 14 126
74 14 138
74 14 142
74 14 186
74 14 190
74 14 194
74 14 198
74 58 2
74 58 10
74 58 14
74 58 58
74 58 62
74 58 74
74 58 78
74 58 122
74 58 126
74 58 138
74 58 142
74 58 186
74 58 190
74 58 194
74 58 198
74 62 2
74 62 10
74 62 14
74 62 58
74 62 62
74 62 74
74 62 78
74 62 122
74 62 126
74 62 138
74 62 142
74 62 186
74 62 190
74 62 194
74 62 198
74 74 2
74 74 10
74 74 14
74 74 58
74 74 62
74 74 74
74 74 78
74 74 122
74 74 126
74 74 138
74 74 142
74 74 186
74 74 190
74 74 194
74 74 198
74 78 2
74 78 10
74 78 14
74 78 58
74 78 62
74 78 74
74 78 78
74 78 122
74 78 126
74 78 138
74 78 142
74 78 186
74 78 190
74 78 194
74 78 198
74 122 2
74 122 10
74 122 14
74 122 58
74 122 62
74 122 74
74 122 78
74 122 122
74 122 126
74 122 138
74 122 142
74 122 186
74 122 190
74 122 194
74 122 198
74 126 2
74 126 10
74 126 14
74 126 58
74 126 62
74 126 74
74 126 78
74 126 122
74 126 126
74 126 138
74 126 142
74 126 186
74 126 190
74 126 194
74 126 198
74 138 2
74 138 10
74 138 14
74 138 58
74 138 62
74 138 74
74 138 78
74 138 122
74 138 126
74 138 138
74 138 142
74 138 186
74 138 190
74 138 194
74 138 198
74 142 2
74 142 10
74 142 14
74 142 58
74 142 62
74 142 74
74 142 78
74 142 122
74 142 126
74 142 138
74 142 142
74 142 186
74 142 190
74 142 194
74 142 198
74 186 2
74 186 10
74 186 14
74 186 58
74 186 62
74 186 74
74 186 78
74 186 122
74 186 126
74 186 138
74 186 142
74 186 186
74 186 190
74 186 194
74 186 198
74 190 2
74 190 10
74 190 14
74 190 58
74 190 62
74 190 74
74 190 78
74 190 122
74 190 126
74 190 138
74 190 142
74 190 186
74 190 190
74 190 194
74 190 198
74 194 2
74 194 10
74 194 14
74 194 58
74 194 62
74 194 74
74 194 78
74 194 122
74 194 126
74 194 138
74 194 142
74 194 186
74 194 190
74 194 194
74 194 198
74 198 2
74 198 10
74 198 14
74 198 58
74 198 62
74 198 74
74 198 78
74 198 122
74 198 126
74 198 138
74 198 142
74 198 186
74 198 190
74 198 194
74 198 198
78 2 2
78 2 10
78 2 14
78 2 58
78 2 62
78 2 74
78 2 78
78 2 122
78 2 126
78 2 138
78 2 142
78 2 186
78 2 190
78 2 194
78 2 198
78 10 2
78 10 10
78 10 14
78 10 58
78 10 62
78 10 74
78 10 78
78 10 122
78 10 126
78 10 138
78 10 142
78 10 186
78 10 190
78 10 194
78 10 198
78 14 2
78 14 10
78 14 14
78 14 58
78 14 62
78 14 74
78 14 78
78 14 122
78 14 126
78 14 138
78 14 142
78 14 186
78 14 190
78 14 194
78 14 198
78 58 2
78 58 10
78 58 14
78 58 58
78 58 62
78 58 74
78 58 78
78 58 122
78 58 126
78 58 138
78 58 142
78 58 186
78 58 190
78 58 194
78 58 198
78 62 2
78 62 10
78 62 14
78 62 58
78 62 62
78 62 74
78 62 78
78 62 122
78 62 126
78 62 138
78 62 142
78 62 186
78 62 190
78 62 194
78 62 198
78 74 2
78 74 10
78 74 14
78 74 58
78 74 62
78 74 74
78 74 78
78 74 122
78 74 126
78 74 138
78 74 142
78 74 186
78 74 190
78 74 194
78 74 198
78 78 2
78 78 10
78 78 14
78 78 58
78 78 62
78 78 74
78 78 78
78 78 122
78 78 126
78 78 138
78 78 142
78 78 186
78 78 190
78 78 194
78 78 198
78 122 2
78 122 10
78 122 14
78 122 58
78 122 62
78 122 74
78 122 78
78 122 122
78 122 126
78 122 138
78 122 142
78 122 186
78 122 190
78 122 194
78 122 198
78 126 2
78 126 10
78 126 14
78 126 58
78 126 62
78 126 74
78 126 78
78 126 122
78 126 126
78 126 138
78 126 142
78 126 186
78 126 190
78 126 194
78 126 198
78 138 2
78 138 10
78 138 14
78 138 58
78 138 62
78 138 74
78 138 78
78 138 122
78 138 126
78 138 138
78 138 142
78 138 186
78 138 190
78 138 194
78 138 198
78 142 2
78 142 10
78 142 14
78 142 58
78 142 62
78 142 74
78 142 78
78 142 122
78 142 126
78 142 138
78 142 142
78 142 186
78 142 190
78 142 194
78 142 198
78 186 2
78 186 10
78 186 14
78 186 58
78 186 62
78 186 74
78 186 78
78 186 122
78 186 126
78 186 138
78 186 142
78 186 186
78 186 190
78 186 194
78 186 198
78 190 2
78 190 10
78 190 14
78 190 58
78 190 62
78 190 74
78 190 78
78 190 122
78 190 126
78 190 138
78 190 142
78 190 186
78 190 190
78 190 194
78 190 198
78 194 2
78 194 10
78 194 14
78 194 58
78 194 62
78 194 74
78 194 78
78 194 122
78 194 126
78 194 138
78 194 142
78 194 186
78 194 190
78 194 194
78 194 198
78 198 2
78 198 10
78 198 14
78 198 58
78 198 62
78 198 74
78 198 78
78 198 122
78 198 126
78 198 138
78 198 142
78 198 186
78 198 190
78 198 194
78 198 198
122 2 2
122 2 10
122 2 14
122 2 58
122 2 62
122 2 74
122 2 78
122 2 122
122 2 126
122 2 138
122 2 142
122 2 186
122 2 190
122 2 194
122 2 198
122 10 2
122 10 10
122 10 14
122 10 58
122 10 62
122 10 74
122 10 78
122 10 122
122 10 126
122 10 138
122 10 142
122 10 186
122 10 190
122 10 194
122 10 198
122 14 2
122 14 10
122 14 14
122 14 58
122 14 62
122 14 74
122 14 78
122 14 122
122 14 126
122 14 138
122 14 142
122 14 186
122 14 190
122 14 194
122 14 198
122 58 2
122 58 10
122 58 14
122 58 58
122 58 62
122 58 74
122 58 78
122 58 122
122 58 126
122 58 138
122 58 142
122 58 186
122 58 190
122 58 194
122 58 198
122 62 2
122 62 10
122 62 14
122 62 58
122 62 62
122 62 74
122 62 78
122 62 122
122 62 126
122 62 138
122 62 142
122 62 186
122 62 190
122 62 194
122 62 198
122 74 2
122 74 10
122 74 14
122 74 58
122 74 62
122 74 74
122 74 78
122 74 122
122 74 126
122 74 138
122 74 142
122 74 186
122 74 190
122 74 194
122 74 198
122 78 2
122 78 10
122 78 14
122 78 58
122 78 62
122 78 74
122 78 78
122 78 122
122 78 126
122 78 138
122 78 142
122 78 186
122 78 190
122 78 194
122 78 198
122 122 2
122 122 10
122 122 14
122 122 58
122 122 62
122 122 74
122 122 78
122 122 122
122 122 126
122 122 138
122 122 142
122 122 186
122 122 190
122 122 194
122 122 198
122 126 2
122 126 10
122 126 14
122 126 58
122 126 62
122 126 74
122 126 78
122 126 122
122 126 126
122 126 138
122 126 142
122 126 186
122 126 190
122 126 194
122 126 198
122 138 2
122 138 10
122 138 14
122 138 58
122 138 62
122 138 74
122 138 78
122 138 122
122 138 126
122 138 138
122 138 142
122 138 186
122 138 190
122 138 194
122 138 198
122 142 2
122 142 10
122 142 14
122 142 58
122 142 62
122 142 74
122 142 78
122 142 122
122 142 126
122 142 138
122 142 142
122 142 186
122 142 190
122 142 194
122 142 198
122 186 2
122 186 10
122 186 14
122 186 58
122 186 62
122 186 74
122 186 78
122 186 122
122 186 126
122 186 138
122 186 142
122 186 186
122 186 190
122 186 194
122 186 198
122 190 2
122 190 10
122 190 14
122 190 58
122 190 62
122 190 74
122 190 78
122 190 122
122 190 126
122 190 138
122 190 142
122 190 186
122 190 190
122 190 194
122 190 198
122 194 2
122 194 10
122 194 14
122 194 58
122 194 62
122 194 74
122 194 78
122 194 122
122 194 126
122 194 138
122 194 142
122 194 186
122 194 190
122 194 194
122 194 198
122 198 2
122 198 10
122 198 14
122 198 58
122 198 62
122 198 74
122 198 78
122 198 122
122 198 126
122 198 138
122 198 142
122 198 186
122 198 190
122 198 194
122 198 198
126 2 2
126 2 10
126 2 14
126 2 58
126 2 62
126 2 74
126 2 78
126 2 122
126 2 126
126 2 138
126 2 142
126 2 186
126 2 190
126 2 194
126 2 198
126 10 2
126 10 10
126 10 14
126 10 58
126 10 62
126 10 74
126 10 78
126 10 122
126 10 126
126 10 138
126 10 142
126 10 186
126 10 190
126 10 194
126 10 198
126 14 2
126 14 10
126 14 14
126 14 58
126 14 62
126 14 74
126 14 78
126 14 122
126 14 126
126 14 138
126 14 142
126 14 186
126 14 190
126 14 194
126 14 198
126 58 2
126 58 10
126 58 14
126 58 58
126 58 62
126 58 74
126 58 78
126 58 122
126 58 126
126 58 138
126 58 142
126 58 186
126 58 190
126 58 194
126 58 198
126 62 2
126 62 10
126 62 14
126 62 58
126 62 62
126 62 74
126 62 78
126 62 122
126 62 126
126 62 138
126 62 142
126 62 186
126 62 190
126 62 194
126 62 198
126 74 2
126 74 10
126 74 14
126 74 58
126 74 62
126 74 74
126 74 78
126 74 122
126 74 126
126 74 138
126 74 142
126 74 186
126 74 190
126 74 194
126 74 198
126 78 2
126 78 10
126 78 14
126 78 58
126 78 62
126 78 74
126 78 78
126 78 122
126 78 126
126 78 138
126 78 142
126 78 186
126 78 190
126 78 194
126 78 198
126 122 2
126 122 10
126 122 14
126 122 58
126 122 62
126 122 74
126 122 78
126 122 122
126 122 126
126 122 138
126 122 142
126 122 186
126 122 190
126 122 194
126 122 198
126 126 2
126 126 10
126 126 14
126 126 58
126 126 62
126 126 74
126 126 78
126 126 122
126 126 126
126 126 138
126 126 142
126 126 186
126 126 190
126 126 194
126 126 198
126 138 2
126 138 10
126 138 14
126 138 58
126 138 62
126 138 74
126 138 78
126 138 122
126 138 126
126 138 138
126 138 142
126 138 186
126 138 190
126 138 194
126 138 198
126 142 2
126 142 10
126 142 14
126 142 58
126 142 62
126 142 74
126 142 78
126 142 122
126 142 126
126 142 138
126 142 142
126 142 186
126 142 190
126 142 194
126 142 198
126 186 2
126 186 10
126 186 14
126 186 58
126 186 62
126 186 74
126 186 78
126 186 122
126 186 126
126 186 138
126 186 142
126 186 186
126 186 190
126 186 194
126 186 198
126 190 2
126 190 10
126 190 14
126 190 58
126 190 62
126 190 74
126 190 78
126 190 122
126 190 126
126 190 138
126 190 142
126 190 186
126 190 190
126 190 194
126 190 198
126 194 2
126 194 10
126 194 14
126 194 58
126 194 62
126 194 74
126 194 78
126 194 122
126 194 126
126 194 138
126 194 142
126 194 186
126 194 190
126 194 194
126 194 198
126 198 2
126 198 10
126 198 14
126 198 58
126 198 62
126 198 74
126 198 78
126 198 122
126 198 126
126 198 138
126 198 142
126 198 186
126 198 190
126 198 194
126 198 198
138 2 2
138 2 10
138 2 14
138 2 58
138 2 62
138 2 74
138 2 78
138 2 122
138 2 126
138 2 138
138 2 142
138 2 186
138 2 190
138 2 194
138 2 198
138 10 2
138 10 10
138 10 14
138 10 58
138 10 62
138 10 74
138 10 78
138 10 122
138 10 126
138 10 138
138 10 142
138 10 186
138 10 190
138 10 194
138 10 198
138 14 2
138 14 10
138 14 14
138 14 58
138 14 62
138 14 74
138 14 78
138 14 122
138 14 126
138 14 138
138 14 142
138 14 186
138 14 190
138 14 194
138 14 198
138 58 2
138 58 10
138 58 14
138 58 58
138 58 62
138 58 74
138 58 78
138 58 122
138 58 126
138 58 138
138 58 142
138 58 186
138 58 190
138 58 194
138 58 198
138 62 2
138 62 10
138 62 14
138 62 58
138 62 62
138 62 74
138 62 78
138 62 122
138 62 126
138 62 138
138 62 142
138 62 186
138 62 190
138 62 194
138 62 198
138 74 2
138 74 10
138 74 14
138 74 58
138 74 62
138 74 74
138 74 78
138 74 122
138 74 126
138 74 138
138 74 142
138 74 186
138 74 190
138 74 194
138 74 198
138 78 2
138 78 10
138 78 14
138 78 58
138 78 62
138 78 74
138 78 78
138 78 122
138 78 126
138 78 138
138 78 142
138 78 186
138 78 190
138 78 194
138 78 198
138 122 2
138 122 10
138 122 14
138 122 58
138 122 62
138 122 74
138 122 78
138 122 122
138 122 126
138 122 138
138 122 142
138 122 186
138 122 190
138 122 194
138 122 198
138 126 2
138 126 10
138 126 14
138 126 58
138 126 62
138 126 74
138 126 78
138 126 122
138 126 126
138 126 138
138 126 142
138 126 186
138 126 190
138 126 194
138 126 198
138 138 2
138 138 10
138 138 14
138 138 58
138 138 62
138 138 74
138 138 78
138 138 122
138 138 126
138 138 138
138 138 142
138 138 186
138 138 190
138 138 194
138 138 198
138 142 2
138 142 10
138 142 14
138 142 58
138 142 62
138 142 74
138 142 78
138 142 122
138 142 126
138 142 138
138 142 142
138 142 186
138 142 190
138 142 194
138 142 198
138 186 2
138 186 10
138 186 14
138 186 58
138 186 62
138 186 74
138 186 78
138 186 122
138 186 126
138 186 138
138 186 142
138 186 186
138 186 190
138 186 194
138 186 198
138 190 2
138 190 10
138 190 14
138 190 58
138 190 62
138 190 74
138 190 78
138 190 122
138 190 126
138 190 138
138 190 142
138 190 186
138 190 190
138 190 194
138 190 198
138 194 2
138 194 10
138 194 14
138 194 58
138 194 62
138 194 74
138 194 78
138 194 122
138 194 126
138 194 138
138 194 142
138 194 186
138 194 190
138 194 194
138 194 198
138 198 2
138 198 10
138 198 14
138 198 58
138 198 62
138 198 74
138 198 78
138 198 122
138 198 126
138 198 138
138 198 142
138 198 186
138 198 190
138 198 194
138 198 198
142 2 2
142 2 10
142 2 14
142 2 58
142 2 62
142 2 74
142 2 78
142 2 122
142 2 126
142 2 138
142 2 142
142 2 186
142 2 190
142 2 194
142 2 198
142 10 2
142 10 10
142 10 14
142 10 58
142 10 62
142 10 74
142 10 78
142 10 122
142 10 126
142 10 138
142 10 142
142 10 186
142 10 190
142 10 194
142 10 198
142 14 2
142 14 10
142 14 14
142 14 58
142 14 62
142 14 74
142 14 78
142 14 122
142 14 126
142 14 138
142 14 142
142 14 186
142 14 190
142 14 194
142 14 198
142 58 2
142 58 10
142 58 14
142 58 58
142 58 62
142 58 74
142 58 78
142 58 122
142 58 126
142 58 138
142 58 142
142 58 186
142 58 190
142 58 194
142 58 198
142 62 2
142 62 10
142 62 14
142 62 58
142 62 62
142 62 74
142 62 78
142 62 122
142 62 126
142 62 138
142 62 142
142 62 186
142 62 190
142 62 194
142 62 198
142 74 2
142 74 10
142 74 14
142 74 58
142 74 62
142 74 74
142 74 78
142 74 122
142 74 126
142 74 138
142 74 142
142 74 186
142 74 190
142 74 194
142 74 198
142 78 2
142 78 10
142 78 14
142 78 58
142 78 62
142 78 74
142 78 78
142 78 122
142 78 126
142 78 138
142 78 142
142 78 186
142 78 190
142 78 194
142 78 198
142 122 2
142 122 10
142 122 14
142 122 58
142 122 62
142 122 74
142 122 78
142 122 122
142 122 126
142 122 138
142 122 142
142 122 186
142 122 190
142 122 194
142 122 198
142 126 2
142 126 10
142 126 14
142 126 58
142 126 62
142 126 74
142 126 78
142 126 122
142 126 126
142 126 138
142 126 142
142 126 186
142 126 190
142 126 194
142 126 198
142 138 2
142 138 10
142 138 14
142 138 58
142 138 62
142 138 74
142 138 78
142 138 122
142 138 126
142 138 138
142 138 142
142 138 186
142 138 190
142 138 194
142 138 198
142 142 2
142 142 10
142 142 14
142 142 58
142 142 62
142 142 74
142 142 78
142 142 122
142 142 126
142 142 138
142 142 142
142 142 186
142 142 190
142 142 194
142 142 198
142 186 2
142 186 10
142 186 14
142 186 58
142 186 62
142 186 74
142 186 78
142 186 122
142 186 126
142 186 138
142 186 142
142 186 186
142 186 190
142 186 194
142 186 198
142 190 2
142 190 10
142 190 14
142 190 58
142 190 62
142 190 74
142 190 78
142 190 122
142 190 126
142 190 138
142 190 142
142 190 186
142 190 190
142 190 194
142 190 198
142 194 2
142 194 10
142 194 14
142 194 58
142 194 62
142 194 74
142 194 78
142 194 122
142 194 126
142 194 138
142 194 142
142 194 186
142 194 190
142 194 194
142 194 198
142 198 2
142 198 10
142 198 14
142 198 58
142 198 62
142 198 74
142 198 78
142 198 122
142 198 126
142 198 138
142 198 142
142 198 186
142 198 190
142 198 194
142 198 198
186 2 2
186 2 10
186 2 14
186 2 58
186 2 62
186 2 74
186 2 78
186 2 122
186 2 126
186 2 138
186 2 142
186 2 186
186 2 190
186 2 194
186 2 198
186 10 2
186 10 10
186 10 14
186 10 58
186 10 62
186 10 74
186 10 78
186 10 122
186 10 126
186 10 138
186 10 142
186 10 186
186 10 190
186 10 194
186 10 198
186 14 2
186 14 10
186 14 14
186 14 58
186 14 62
186 14 74
186 14 78
186 14 122
186 14 126
186 14 138
186 14 142
186 14 186
186 14 190
186 14 194
186 14 198
186 58 2
186 58 10
186 58 14
186 58 58
186 58 62
186 58 74
186 58 78
186 58 122
186 58 126
186 58 138
186 58 142
186 58 186
186 58 190
186 58 194
186 58 198
186 62 2
186 62 10
186 62 14
186 62 58
186 62 62
186 62 74
186 62 78
186 62 122
186 62 126
186 62 138
186 62 142
186 62 186
186 62 190
186 62 194
186 62 198
186 74 2
186 74 10
186 74 14
186 74 58
186 74 62
186 74 74
186 74 78
186 74 122
186 74 126
186 74 138
186 74 142
186 74 186
186 74 190
186 74 194
186 74 198
186 78 2
186 78 10
186 78 14
186 78 58
186 78 62
186 78 74
186 78 78
186 78 122
186 78 126
186 78 138
186 78 142
186 78 186
186 78 190
186 78 194
186 78 198
186 122 2
186 122 10
186 122 14
186 122 58
186 122 62
186 122 74
186 122 78
186 122 122
186 122 126
186 122 138
186 122 142
186 122 186
186 122 190
186 122 194
186 122 198
186 126 2
186 126 10
186 126 14
186 126 58
186 126 62
186 126 74
186 126 78
186 126 122
186 126 126
186 126 138
186 126 142
186 126 186
186 126 190
186 126 194
186 126 198
186 138 2
186 138 10
186 138 14
186 138 58
186 138 62
186 138 74
186 138 78
186 138 122
186 138 126
186 138 138
186 138 142
186 138 186
186 138 190
186 138 194
186 138 198
186 142 2
186 142 10
186 142 14
186 142 58
186 142 62
186 142 74
186 142 78
186 142 122
186 142 126
186 142 138
186 142 142
186 142 186
186 142 190
186 142 194
186 142 198
186 186 2
186 186 10
186 186 14
186 186 58
186 186 62
186 186 74
186 186 78
186 186 122
186 186 126
186 186 138
186 186 142
186 186 186
186 186 190
186 186 194
186 186 198
186 190 2
186 190 10
186 190 14
186 190 58
186 190 62
186 190 74
186 190 78
186 190 122
186 190 126
186 190 138
186 190 142
186 190 186
186 190 190
186 190 194
186 190 198
186 194 2
186 194 10
186 194 14
186 194 58
186 194 62
186 194 74
186 194 78
186 194 122
186 194 126
186 194 138
186 194 142
186 194 186
186 194 190
186 194 194
186 194 198
186 198 2
186 198 10
186 198 14
186 198 58
186 198 62
186 198 74
186 198 78
186 198 122
186 198 126
186 198 138
186 198 142
186 198 186
186 198 190
186 198 194
186 198 198
190 2 2
190 2 10
190 2 14
190 2 58
190 2 62
190 2 74
190 2 78
190 2 122
190 2 126
190 2 138
190 2 142
190 2 186
190 2 190
190 2 194
190 2 198
190 10 2
190 10 10
190 10 14
190 10 58
190 10 62
190 10 74
190 10 78
190 10 122
190 10 126
190 10 138
190 10 142
190 10 186
190 10 190
190 10 194
190 10 198
190 14 2
190 14 10
190 14 14
190 14 58
190 14 62
190 14 74
190 14 78
190 14 122
190 14 126
190 14 138
190 14 142
190 14 186
190 14 190
190 14 194
190 14 198
190 58 2
190 58 10
190 58 14
190 58 58
190 58 62
190 58 74
190 58 78
190 58 122
190 58 126
190 58 138
190 58 142
190 58 186
190 58 190
190 58 194
190 58 198
190 62 2
190 62 10
190 62 14
190 62 58
190 62 62
190 62 74
190 62 78
190 62 122
190 62 126
190 62 138
190 62 142
190 62 186
190 62 190
190 62 194
190 62 198
190 74 2
190 74 10
190 74 14
190 74 58
190 74 62
190 74 74
190 74 78
190 74 122
190 74 126
190 74 138
190 74 142
190 74 186
190 74 190
190 74 194
190 74 198
190 78 2
190 78 10
190 78 14
190 78 58
190 78 62
190 78 74
190 78 78
190 78 122
190 78 126
190 78 138
190 78 142
190 78 186
190 78 190
190 78 194
190 78 198
190 122 2
190 122 10
190 122 14
190 122 58
190 122 62
190 122 74
190 122 78
190 122 122
190 122 126
190 122 138
190 122 142
190 122 186
190 122 190
190 122 194
190 122 198
190 126 2
190 126 10
190 126 14
190 126 58
190 126 62
190 126 74
190 126 78
190 126 122
190 126 126
190 126 138
190 126 142
190 126 186
190 126 190
190 126 194
190 126 198
190 138 2
190 138 10
190 138 14
190 138 58
190 138 62
190 138 74
190 138 78
190 138 122
190 138 126
190 138 138
190 138 142
190 138 186
190 138 190
190 138 194
190 138 198
190 142 2
190 142 10
190 142 14
190 142 58
190 142 62
190 142 74
190 142 78
190 142 122
190 142 126
190 142 138
190 142 142
190 142 186
190 142 190
190 142 194
190 142 198
190 186 2
190 186 10
190 186 14
190 186 58
190 186 62
190 186 74
190 186 78
190 186 122
190 186 126
190 186 138
190 186 142
190 186 186
190 186 190
190 186 194
190 186 198
190 190 2
190 190 10
190 190 14
190 190 58
190 190 62
190 190 74
190 190 78
190 190 122
190 190 126
190 190 138
190 190 142
190 190 186
190 190 190
190 190 194
190 190 198
190 194 2
190 194 10
190 194 14
190 194 58
190 194 62
190 194 74
190 194 78
190 194 122
190 194 126
190 194 138
190 194 142
190 194 186
190 194 190
190 194 194
190 194 198
190 198 2
190 198 10
190 198 14
190 198 58
190 198 62
190 198 74
190 198 78
190 198 122
190 198 126
190 198 138
190 198 142
190 198 186
190 198 190
190 198 194
190 198 198
194 2 2
194 2 10
194 2 14
194 2 58
194 2 62
194 2 74
194 2 78
194 2 122
194 2 126
194 2 138
194 2 142
194 2 186
194 2 190
194 2 194
194 2 198
194 10 2
194 10 10
194 10 14
194 10 58
194 10 62
194 10 74
194 10 78
194 10 122
194 10 126
194 10 138
194 10 142
194 10 186
194 10 190
194 10 194
194 10 198
194 14 2
194 14 10
194 14 14
194 14 58
194 14 62
194 14 74
194 14 78
194 14 122
194 14 126
194 14 138
194 14 142
194 14 186
194 14 190
194 14 194
194 14 198
194 58 2
194 58 10
194 58 14
194 58 58
194 58 62
194 58 74
194 58 78
194 58 122
194 58 126
194 58 138
194 58 142
194 58 186
194 58 190
194 58 194
194 58 198
194 62 2
194 62 10
194 62 14
194 62 58
194 62 62
194 62 74
194 62 78
194 62 122
194 62 126
194 62 138
194 62 142
194 62 186
194 62 190
194 62 194
194 62 198
194 74 2
194 74 10
194 74 14
194 74 58
194 74 62
194 74 74
194 74 78
194 74 122
194 74 126
194 74 138
194 74 142
194 74 186
194 74 190
194 74 194
194 74 198
194 78 2
194 78 10
194 78 14
194 78 58
194 78 62
194 78 74
194 78 78
194 78 122
194 78 126
194 78 138
194 78 142
194 78 186
194 78 190
194 78 194
194 78 198
194 122 2
194 122 10
194 122 14
194 122 58
194 122 62
194 122 74
194 122 78
194 122 122
194 122 126
194 122 138
194 122 142
194 122 186
194 122 190
194 122 194
194 122 198
194 126 2
194 126 10
194 126 14
194 126 58
194 126 62
194 126 74
194 126 78
194 126 122
194 126 126
194 126 138
194 126 142
194 126 186
194 126 190
194 126 194
194 126 198
194 138 2
194 138 10
194 138 14
194 138 58
194 138 62
194 138 74
194 138 78
194 138 122
194 138 126
194 138 138
194 138 142
194 138 186
194 138 190
194 138 194
194 138 198
194 142 2
194 142 10
194 142 14
194 142 58
194 142 62
194 142 74
194 142 78
194 142 122
194 142 126
194 142 138
194 142 142
194 142 186
194 142 190
194 142 194
194 142 198
194 186 2
194 186 10
194 186 14
194 186 58
194 186 62
194 186 74
194 186 78
194 186 122
194 186 126
194 186 138
194 186 142
194 186 186
194 186 190
194 186 194
194 186 198
194 190 2
194 190 10
194 190 14
194 190 58
194 190 62
194 190 74
194 190 78
194 190 122
194 190 126
194 190 138
194 190 142
194 190 186
194 190 190
194 190 194
194 190 198
194 194 2
194 194 10
194 194 14
194 194 58
194 194 62
194 194 74
194 194 78
194 194 122
194 194 126
194 194 138
194 194 142
194 194 186
194 194 190
194 194 194
194 194 198
194 198 2
194 198 10
194 198 14
194 198 58
194 198 62
194 198 74
194 198 78
194 198 122
194 198 126
194 198 138
194 198 142
194 198 186
194 198 190
194 198 194
194 198 198
198 2 2
198 2 10
198 2 14
198 2 58
198 2 62
198 2 74
198 2 78
198 2 122
198 2 126
198 2 138
198 2 142
198 2 186
198 2 190
198 2 194
198 2 198
198 10 2
198 10 10
198 10 14
198 10 58
198 10 62
198 10 74
198 10 78
198 10 122
198 10 126
198 10 138
198 10 142
198 10 186
198 10 190
198 10 194
198 10 198
198 14 2
198 14 10
198 14 14
198 14 58
198 14 62
198 14 74
198 14 78
198 14 122
198 14 126
198 14 138
198 14 142
198 14 186
198 14 190
198 14 194
198 14 198
198 58 2
198 58 10
198 58 14
198 58 58
198 58 62
198 58 74
198 58 78
198 58 122
198 58 126
198 58 138
198 58 142
198 58 186
198 58 190
198 58 194
198 58 198
198 62 2
198 62 10
198 62 14
198 62 58
198 62 62
198 62 74
198 62 78
198 62 122
198 62 126
198 62 138
198 62 142
198 62 186
198 62 190
198 62 194
198 62 198
198 74 2
198 74 10
198 74 14
198 74 58
198 74 62
198 74 74
198 74 78
198 74 122
198 74 126
198 74 138
198 74 142
198 74 186
198 74 190
198 74 194
198 74 198
198 78 2
198 78 10
198 78 14
198 78 58
198 78 62
198 78 74
198 78 78
198 78 122
198 78 126
198 78 138
198 78 142
198 78 186
198 78 190
198 78 194
198 78 198
198 122 2
198 122 10
198 122 14
198 122 58
198 122 62
198 122 74
198 122 78
198 122 122
198 122 126
198 122 138
198 122 142
198 122 186
198 122 190
198 122 194
198 122 198
198 126 2
198 126 10
198 126 14
198 126 58
198 126 62
198 126 74
198 126 78
198 126 122
198 126 126
198 126 138
198 126 142
198 126 186
198 126 190
198 126 194
198 126 198
198 138 2
198 138 10
198 138 14
198 138 58
198 138 62
198 138 74
198 138 78
198 138 122
198 138 126
198 138 138
198 138 142
198 138 186
198 138 190
198 138 194
198 138 198
198 142 2
198 142 10
198 142 14
198 142 58
198 142 62
198 142 74
198 142 78
198 142 122
198 142 126
198 142 138
198 142 142
198 142 186
198 142 190
198 142 194
198 142 198
198 186 2
198 186 10
198 186 14
198 186 58
198 186 62
198 186 74
198 186 78
198 186 122
198 186 126
198 186 138
198 186 142
198 186 186
198 186 190
198 186 194
198 186 198
198 190 2
198 190 10
198 190 14
198 190 58
198 190 62
198 190 74
198 190 78
198 190 122
198 190 126
198 190 138
198 190 142
198 190 186
198 190 190
198 190 194
198 190 198
198 194 2
198 194 10
198 194 14
198 194 58
198 194 62
198 194 74
198 194 78
198 194 122
198 194 126
198 194 138
198 194 142
198 194 186
198 194 190
198 194 194
198 194 198
198 198 2
198 198 10
198 198 14
198 198 58
198 198 62
198 198 74
198 198 78
198 198 122
198 198 126
198 198 138
198 198 142
198 198 186
198 198 190
198 198 194
198 198 198
