20
0 0 14
0 0 16
0 1 16
0 2 16
0 3 13
0 3 15
0 3 16
0 4 7
0 5 15
0 6 4
0 6 14
0 7 14
0 7 15
0 7 16
0 8 14
0 8 15
1 0 17
1 1 5
1 1 17
1 3 16
1 3 17
1 4 12
1 5 11
1 5 14
1 5 15
1 6 4
1 6 14
1 7 8
1 7 13
1 7 14
1 7 15
1 7 16
1 8 14
1 8 15
2 0 7
2 0 8
2 0 9
2 0 14
2 0 16
2 0 18
2 1 10
2 1 16
2 1 18
2 2 13
2 3 13
2 3 14
2 3 19
2 4 3
2 5 3
2 5 11
2 5 12
2 5 19
2 6 12
2 6 14
2 6 16
2 7 4
2 7 7
2 7 14
2 8 14
3 0 7
3 0 8
3 0 9
3 0 16
3 0 18
3 1 5
3 1 10
3 1 16
3 1 18
3 1 19
3 2 4
3 2 5
3 2 17
3 2 19
3 3 3
3 3 5
3 3 8
3 3 13
3 3 15
3 3 19
3 4 3
3 4 16
3 4 17
3 6 6
3 6 11
3 6 12
3 6 13
3 6 18
3 7 12
3 7 14
4 0 8
4 0 9
4 0 12
4 0 16
4 1 4
4 1 6
4 1 11
4 1 12
4 1 16
4 2 3
4 2 5
4 2 12
4 2 13
4 2 15
4 2 19
4 3 2
4 3 5
4 3 12
4 3 15
4 3 16
4 4 2
4 4 11
4 4 12
4 4 14
4 4 15
4 5 12
4 6 4
4 6 12
4 8 13
5 0 11
5 0 12
5 0 16
5 1 6
5 1 16
5 2 4
5 2 6
5 2 15
5 2 16
5 2 17
5 2 18
5 3 2
5 3 5
5 3 14
5 4 3
5 4 4
5 4 7
5 4 10
5 4 14
5 5 3
5 5 4
5 5 7
5 5 11
5 5 12
5 7 12
5 7 16
5 8 13
5 8 15
6 0 15
6 1 6
6 1 15
6 2 5
6 2 6
6 3 3
6 3 5
6 3 17
6 3 18
6 4 4
6 4 7
6 4 15
6 4 18
6 5 8
6 5 9
6 5 10
6 5 12
6 5 14
6 6 13
6 6 17
7 0 8
7 0 13
7 2 9
7 2 10
7 3 6
7 3 7
7 5 10
7 5 11
7 6 15
8 0 10
8 0 11
8 0 12
8 1 8
8 1 13
8 2 9
8 2 10
8 2 13
