200
26 26 26
26 26 30
26 26 42
26 26 46
26 26 154
26 26 158
26 26 170
26 26 174
26 30 26
26 30 30
26 30 42
26 30 46
26 30 154
26 30 158
26 30 170
26 30 174
26 42 26
26 42 30
26 42 42
26 42 46
26 42 154
26 42 158
26 42 170
26 42 174
26 46 26
26 46 30
26 46 42
26 46 46
26 46 154
26 46 158
26 46 170
26 46 174
26 154 26
26 154 30
26 154 42
26 154 46
26 154 154
26 154 158
26 154 170
26 154 174
26 158 26
26 158 30
26 158 42
26 158 46
26 158 154
26 158 158
26 158 170
26 158 174
26 170 26
26 170 30
26 170 42
26 170 46
26 170 154
26 170 158
26 170 170
26 170 174
26 174 26
26 174 30
26 174 42
26 174 46
26 174 154
26 174 158
26 174 170
26 174 174
30 26 26
30 26 30
30 26 42
30 26 46
30 26 154
30 26 158
30 26 170
30 26 174
30 30 26
30 30 30
30 30 42
30 30 46
30 30 154
30 30 158
30 30 170
30 30 174
30 42 26
30 42 30
30 42 42
30 42 46
30 42 154
30 42 158
30 42 170
30 42 174
30 46 26
30 46 30
30 46 42
30 46 46
30 46 154
30 46 158
30 46 170
30 46 174
30 154 26
30 154 30
30 154 42
30 154 46
30 154 154
30 154 158
30 154 170
30 154 174
30 158 26
30 158 30
30 158 42
30 158 46
30 158 154
30 158 158
30 158 170
30 158 174
30 170 26
30 170 30
30 170 42
30 170 46
30 170 154
30 170 158
30 170 170
30 170 174
30 174 26
30 174 30
30 174 42
30 174 46
30 174 154
30 174 158
30 174 170
30 174 174
42 26 26
42 26 30
42 26 42
42 26 46
42 26 154
42 26 158
42 26 170
42 26 174
42 30 26
42 30 30
42 30 42
42 30 46
42 30 154
42 30 158
42 30 170
42 30 174
42 42 26
42 42 30
42 42 42
42 42 46
42 42 154
42 42 158
42 42 170
42 42 174
42 46 26
42 46 30
42 46 42
42 46 46
42 46 154
42 46 158
42 46 170
42 46 174
42 154 26
42 154 30
42 154 42
42 154 46
42 154 154
42 154 158
42 154 170
42 154 174
42 158 26
42 158 30
42 158 42
42 158 46
42 158 154
42 158 158
42 158 170
42 158 174
42 170 26
42 170 30
42 170 42
42 170 46
42 170 154
42 170 158
42 170 170
42 170 174
42 174 26
42 174 30
42 174 42
42 174 46
42 174 154
42 174 158
42 174 170
42 174 174
46 26 26
46 26 30
46 26 42
46 26 46
46 26 154
46 26 158
46 26 170
46 26 174
46 30 26
46 30 30
46 30 42
46 30 46
46 30 154
46 30 158
46 30 170
46 30 174
46 42 26
46 42 30
46 42 42
46 42 46
46 42 154
46 42 158
46 42 170
46 42 174
46 46 26
46 46 30
46 46 42
46 46 46
46 46 154
46 46 158
46 46 170
46 46 174
46 154 26
46 154 30
46 154 42
46 154 46
46 154 154
46 154 158
46 154 170
46 154 174
46 158 26
46 158 30
46 158 42
46 158 46
46 158 154
46 158 158
46 158 170
46 158 174
46 170 26
46 170 30
46 170 42
46 170 46
46 170 154
46 170 158
46 170 170
46 170 174
46 174 26
46 174 30
46 174 42
46 174 46
46 174 154
46 174 158
46 174 170
46 174 174
154 26 26
154 26 30
154 26 42
154 26 46
154 26 154
154 26 158
154 26 170
154 26 174
154 30 26
154 30 30
154 30 42
154 30 46
154 30 154
154 30 158
154 30 170
154 30 174
154 42 26
154 42 30
154 42 42
154 42 46
154 42 154
154 42 158
154 42 170
154 42 174
154 46 26
154 46 30
154 46 42
154 46 46
154 46 154
154 46 158
154 46 170
154 46 174
154 154 26
154 154 30
154 154 42
154 154 46
154 154 154
154 154 158
154 154 170
154 154 174
154 158 26
154 158 30
154 158 42
154 158 46
154 158 154
154 158 158
154 158 170
154 158 174
154 170 26
154 170 30
154 170 42
154 170 46
154 170 154
154 170 158
154 170 170
154 170 174
154 174 26
154 174 30
154 174 42
154 174 46
154 174 154
154 174 158
154 174 170
154 174 174
158 26 26
158 26 30
158 26 42
158 26 46
158 26 154
158 26 158
158 26 170
158 26 174
158 30 26
158 30 30
158 30 42
158 30 46
158 30 154
158 30 158
158 30 170
158 30 174
158 42 26
158 42 30
158 42 42
158 42 46
158 42 154
158 42 158
158 42 170
158 42 174
158 46 26
158 46 30
158 46 42
158 46 46
158 46 154
158 46 158
158 46 170
158 46 174
158 154 26
158 154 30
158 154 42
158 154 46
158 154 154
158 154 158
158 154 170
158 154 174
158 158 26
158 158 30
158 158 42
158 158 46
158 158 154
158 158 158
158 158 170
158 158 174
158 170 26
158 170 30
158 170 42
158 170 46
158 170 154
158 170 158
158 170 170
158 170 174
158 174 26
158 174 30
158 174 42
158 174 46
158 174 154
158 174 158
158 174 170
158 174 174
170 26 26
170 26 30
170 26 42
170 26 46
170 26 154
170 26 158
170 26 170
170 26 174
170 30 26
170 30 30
170 30 42
170 30 46
170 30 154
170 30 158
170 30 170
170 30 174
170 42 26
170 42 30
170 42 42
170 42 46
170 42 154
170 42 158
170 42 170
170 42 174
170 46 26
170 46 30
170 46 42
170 46 46
170 46 154
170 46 158
170 46 170
170 46 174
170 154 26
170 154 30
170 154 42
170 154 46
170 154 154
170 154 158
170 154 170
170 154 174
170 158 26
170 158 30
170 158 42
170 158 46
170 158 154
170 158 158
170 158 170
170 158 174
170 170 26
170 170 30
170 170 42
170 170 46
170 170 154
170 170 158
170 170 170
170 170 174
170 174 26
170 174 30
170 174 42
170 174 46
170 174 154
170 174 158
170 174 170
170 174 174
174 26 26
174 26 30
174 26 42
174 26 46
174 26 154
174 26 158
174 26 170
174 26 174
174 30 26
174 30 30
174 30 42
174 30 46
174 30 154
174 30 158
174 30 170
174 30 174
174 42 26
174 42 30
174 42 42
174 42 46
174 42 154
174 42 158
174 42 170
174 42 174
174 46 26
174 46 30
174 46 42
174 46 46
174 46 154
174 46 158
174 46 170
174 46 174
174 154 26
174 154 30
174 154 42
174 154 46
174 154 154
174 154 158
174 154 170
174 154 174
174 158 26
174 158 30
174 158 42
174 158 46
174 158 154
174 158 158
174 158 170
174 158 174
174 170 26
174 170 30
174 170 42
174 170 46
174 170 154
174 170 158
174 170 170
174 170 174
174 174 26
174 174 30
174 174 42
174 174 46
174 174 154
174 174 158
174 174 170
174 174 174
