20
0 0 12
0 0 14
0 1 12
0 1 15
0 3 6
0 3 7
0 3 12
0 3 15
0 4 6
0 4 7
0 4 15
0 5 6
0 5 12
0 5 15
0 6 7
0 6 13
0 7 7
1 0 11
1 1 15
1 1 17
1 2 11
1 2 16
1 2 17
1 3 5
1 3 8
1 3 16
1 4 5
1 4 11
1 4 16
1 5 11
1 6 6
1 6 7
1 6 8
1 6 15
1 7 7
2 1 10
2 2 10
2 2 14
2 2 15
2 2 17
2 3 8
2 3 10
2 5 5
2 5 17
2 6 6
2 6 7
2 6 12
2 6 16
2 7 7
2 7 14
3 0 11
3 1 10
3 2 5
3 2 7
3 2 9
3 2 13
3 2 16
3 2 17
3 3 7
3 3 10
3 4 4
3 4 5
3 4 6
3 5 11
3 5 14
3 5 17
3 6 13
3 6 14
3 6 15
4 0 12
4 0 14
4 1 9
4 1 12
4 1 14
4 1 17
4 2 9
4 2 11
4 2 17
4 3 5
4 3 16
4 4 11
4 4 15
4 5 14
4 5 15
4 5 16
5 0 10
5 0 11
5 1 9
5 1 10
5 1 11
5 2 9
6 0 11
6 1 10
6 1 11
