200
88 88 88
88 88 96
88 88 104
88 88 112
88 96 88
88 96 96
88 96 104
88 96 112
88 104 88
88 104 96
88 104 104
88 104 112
88 112 88
88 112 96
88 112 104
88 112 112
96 88 88
96 88 96
96 88 104
96 88 112
96 96 88
96 96 96
96 96 104
96 96 112
96 104 88
96 104 96
96 104 104
96 104 112
96 112 88
96 112 96
96 112 104
96 112 112
104 88 88
104 88 96
104 88 104
104 88 112
104 96 88
104 96 96
104 96 104
104 96 112
104 104 88
104 104 96
104 104 104
104 104 112
104 112 88
104 112 96
104 112 104
104 112 112
112 88 88
112 88 96
112 88 104
112 88 112
112 96 88
112 96 96
112 96 104
112 96 112
112 104 88
112 104 96
112 104 104
112 104 112
112 112 88
112 112 96
112 112 104
112 112 112
