20
0 0 12
0 0 14
0 1 11
0 1 12
0 1 15
0 2 17
0 3 5
0 3 12
0 3 17
0 4 11
0 4 12
0 5 5
0 5 8
0 5 12
0 5 14
0 5 15
0 5 16
1 0 11
1 1 10
1 1 12
1 1 13
1 1 17
1 2 7
1 2 10
1 3 5
1 3 8
1 3 9
1 3 10
1 3 14
1 4 8
1 4 12
1 5 11
1 5 14
1 6 5
1 6 12
1 6 13
1 6 14
1 6 15
1 6 16
2 0 10
2 0 11
2 1 9
2 1 12
2 1 14
2 1 18
2 2 6
2 2 7
2 2 14
2 2 18
2 4 7
2 4 9
2 4 16
2 4 17
2 5 4
2 5 11
2 5 13
2 5 17
2 6 12
2 7 13
3 0 10
3 0 13
3 1 8
3 1 18
3 2 6
3 2 7
3 2 13
3 2 14
3 2 18
3 3 4
3 3 7
3 3 14
3 4 4
3 4 10
3 4 11
3 4 14
3 4 17
3 5 11
3 5 12
3 5 17
3 6 6
3 6 17
3 7 13
3 7 14
3 7 15
4 0 13
4 1 14
4 1 16
4 1 17
4 2 6
4 2 12
4 3 4
4 3 9
4 3 17
4 4 5
4 4 6
4 4 11
4 4 14
4 5 13
4 6 13
4 6 16
5 0 13
5 1 8
5 1 13
5 2 8
5 2 12
5 3 10
5 4 16
5 5 15
6 0 9
6 0 12
6 1 12
6 2 9
6 2 11
