200
54 54 54
54 54 58
54 54 62
54 54 66
54 54 70
54 54 74
54 54 78
54 54 82
54 54 118
54 54 122
54 54 126
54 54 130
54 54 134
54 54 138
54 54 142
54 54 146
54 58 54
54 58 58
54 58 62
54 58 66
54 58 70
54 58 74
54 58 78
54 58 82
54 58 118
54 58 122
54 58 126
54 58 130
54 58 134
54 58 138
54 58 142
54 58 146
54 62 54
54 62 58
54 62 62
54 62 66
54 62 70
54 62 74
54 62 78
54 62 82
54 62 118
54 62 122
54 62 126
54 62 130
54 62 134
54 62 138
54 62 142
54 62 146
54 66 54
54 66 58
54 66 62
54 66 66
54 66 70
54 66 74
54 66 78
54 66 82
54 66 118
54 66 122
54 66 126
54 66 130
54 66 134
54 66 138
54 66 142
54 66 146
54 70 54
54 70 58
54 70 62
54 70 66
54 70 70
54 70 74
54 70 78
54 70 82
54 70 118
54 70 122
54 70 126
54 70 130
54 70 134
54 70 138
54 70 142
54 70 146
54 74 54
54 74 58
54 74 62
54 74 66
54 74 70
54 74 74
54 74 78
54 74 82
54 74 118
54 74 122
54 74 126
54 74 130
54 74 134
54 74 138
54 74 142
54 74 146
54 78 54
54 78 58
54 78 62
54 78 66
54 78 70
54 78 74
54 78 78
54 78 82
54 78 118
54 78 122
54 78 126
54 78 130
54 78 134
54 78 138
54 78 142
54 78 146
54 82 54
54 82 58
54 82 62
54 82 66
54 82 70
54 82 74
54 82 78
54 82 82
54 82 118
54 82 122
54 82 126
54 82 130
54 82 134
54 82 138
54 82 142
54 82 146
54 118 54
54 118 58
54 118 62
54 118 66
54 118 70
54 118 74
54 118 78
54 118 82
54 118 118
54 118 122
54 118 126
54 118 130
54 118 134
54 118 138
54 118 142
54 118 146
54 122 54
54 122 58
54 122 62
54 122 66
54 122 70
54 122 74
54 122 78
54 122 82
54 122 118
54 122 122
54 122 126
54 122 130
54 122 134
54 122 138
54 122 142
54 122 146
54 126 54
54 126 58
54 126 62
54 126 66
54 126 70
54 126 74
54 126 78
54 126 82
54 126 118
54 126 122
54 126 126
54 126 130
54 126 134
54 126 138
54 126 142
54 126 146
54 130 54
54 130 58
54 130 62
54 130 66
54 130 70
54 130 74
54 130 78
54 130 82
54 130 118
54 130 122
54 130 126
54 130 130
54 130 134
54 130 138
54 130 142
54 130 146
54 134 54
54 134 58
54 134 62
54 134 66
54 134 70
54 134 74
54 134 78
54 134 82
54 134 118
54 134 122
54 134 126
54 134 130
54 134 134
54 134 138
54 134 142
54 134 146
54 138 54
54 138 58
54 138 62
54 138 66
54 138 70
54 138 74
54 138 78
54 138 82
54 138 118
54 138 122
54 138 126
54 138 130
54 138 134
54 138 138
54 138 142
54 138 146
54 142 54
54 142 58
54 142 62
54 142 66
54 142 70
54 142 74
54 142 78
54 142 82
54 142 118
54 142 122
54 142 126
54 142 130
54 142 134
54 142 138
54 142 142
54 142 146
54 146 54
54 146 58
54 146 62
54 146 66
54 146 70
54 146 74
54 146 78
54 146 82
54 146 118
54 146 122
54 146 126
54 146 130
54 146 134
54 146 138
54 146 142
54 146 146
58 54 54
58 54 58
58 54 62
58 54 66
58 54 70
58 54 74
58 54 78
58 54 82
58 54 118
58 54 122
58 54 126
58 54 130
58 54 134
58 54 138
58 54 142
58 54 146
58 58 54
58 58 58
58 58 62
58 58 66
58 58 70
58 58 74
58 58 78
58 58 82
58 58 118
58 58 122
58 58 126
58 58 130
58 58 134
58 58 138
58 58 142
58 58 146
58 62 54
58 62 58
58 62 62
58 62 66
58 62 70
58 62 74
58 62 78
58 62 82
58 62 118
58 62 122
58 62 126
58 62 130
58 62 134
58 62 138
58 62 142
58 62 146
58 66 54
58 66 58
58 66 62
58 66 66
58 66 70
58 66 74
58 66 78
58 66 82
58 66 118
58 66 122
58 66 126
58 66 130
58 66 134
58 66 138
58 66 142
58 66 146
58 70 54
58 70 58
58 70 62
58 70 66
58 70 70
58 70 74
58 70 78
58 70 82
58 70 118
58 70 122
58 70 126
58 70 130
58 70 134
58 70 138
58 70 142
58 70 146
58 74 54
58 74 58
58 74 62
58 74 66
58 74 70
58 74 74
58 74 78
58 74 82
58 74 118
58 74 122
58 74 126
58 74 130
58 74 134
58 74 138
58 74 142
58 74 146
58 78 54
58 78 58
58 78 62
58 78 66
58 78 70
58 78 74
58 78 78
58 78 82
58 78 118
58 78 122
58 78 126
58 78 130
58 78 134
58 78 138
58 78 142
58 78 146
58 82 54
58 82 58
58 82 62
58 82 66
58 82 70
58 82 74
58 82 78
58 82 82
58 82 118
58 82 122
58 82 126
58 82 130
58 82 134
58 82 138
58 82 142
58 82 146
58 118 54
58 118 58
58 118 62
58 118 66
58 118 70
58 118 74
58 118 78
58 118 82
58 118 118
58 118 122
58 118 126
58 118 130
58 118 134
58 118 138
58 118 142
58 118 146
58 122 54
58 122 58
58 122 62
58 122 66
58 122 70
58 122 74
58 122 78
58 122 82
58 122 118
58 122 122
58 122 126
58 122 130
58 122 134
58 122 138
58 122 142
58 122 146
58 126 54
58 126 58
58 126 62
58 126 66
58 126 70
58 126 74
58 126 78
58 126 82
58 126 118
58 126 122
58 126 126
58 126 130
58 126 134
58 126 138
58 126 142
58 126 146
58 130 54
58 130 58
58 130 62
58 130 66
58 130 70
58 130 74
58 130 78
58 130 82
58 130 118
58 130 122
58 130 126
58 130 130
58 130 134
58 130 138
58 130 142
58 130 146
58 134 54
58 134 58
58 134 62
58 134 66
58 134 70
58 134 74
58 134 78
58 134 82
58 134 118
58 134 122
58 134 126
58 134 130
58 134 134
58 134 138
58 134 142
58 134 146
58 138 54
58 138 58
58 138 62
58 138 66
58 138 70
58 138 74
58 138 78
58 138 82
58 138 118
58 138 122
58 138 126
58 138 130
58 138 134
58 138 138
58 138 142
58 138 146
58 142 54
58 142 58
58 142 62
58 142 66
58 142 70
58 142 74
58 142 78
58 142 82
58 142 118
58 142 122
58 142 126
58 142 130
58 142 134
58 142 138
58 142 142
58 142 146
58 146 54
58 146 58
58 146 62
58 146 66
58 146 70
58 146 74
58 146 78
58 146 82
58 146 118
58 146 122
58 146 126
58 146 130
58 146 134
58 146 138
58 146 142
58 146 146
62 54 54
62 54 58
62 54 62
62 54 66
62 54 70
62 54 74
62 54 78
62 54 82
62 54 118
62 54 122
62 54 126
62 54 130
62 54 134
62 54 138
62 54 142
62 54 146
62 58 54
62 58 58
62 58 62
62 58 66
62 58 70
62 58 74
62 58 78
62 58 82
62 58 118
62 58 122
62 58 126
62 58 130
62 58 134
62 58 138
62 58 142
62 58 146
62 62 54
62 62 58
62 62 62
62 62 66
62 62 70
62 62 74
62 62 78
62 62 82
62 62 118
62 62 122
62 62 126
62 62 130
62 62 134
62 62 138
62 62 142
62 62 146
62 66 54
62 66 58
62 66 62
62 66 66
62 66 70
62 66 74
62 66 78
62 66 82
62 66 118
62 66 122
62 66 126
62 66 130
62 66 134
62 66 138
62 66 142
62 66 146
62 70 54
62 70 58
62 70 62
62 70 66
62 70 70
62 70 74
62 70 78
62 70 82
62 70 118
62 70 122
62 70 126
62 70 130
62 70 134
62 70 138
62 70 142
62 70 146
62 74 54
62 74 58
62 74 62
62 74 66
62 74 70
62 74 74
62 74 78
62 74 82
62 74 118
62 74 122
62 74 126
62 74 130
62 74 134
62 74 138
62 74 142
62 74 146
62 78 54
62 78 58
62 78 62
62 78 66
62 78 70
62 78 74
62 78 78
62 78 82
62 78 118
62 78 122
62 78 126
62 78 130
62 78 134
62 78 138
62 78 142
62 78 146
62 82 54
62 82 58
62 82 62
62 82 66
62 82 70
62 82 74
62 82 78
62 82 82
62 82 118
62 82 122
62 82 126
62 82 130
62 82 134
62 82 138
62 82 142
62 82 146
62 118 54
62 118 58
62 118 62
62 118 66
62 118 70
62 118 74
62 118 78
62 118 82
62 118 118
62 118 122
62 118 126
62 118 130
62 118 134
62 118 138
62 118 142
62 118 146
62 122 54
62 122 58
62 122 62
62 122 66
62 122 70
62 122 74
62 122 78
62 122 82
62 122 118
62 122 122
62 122 126
62 122 130
62 122 134
62 122 138
62 122 142
62 122 146
62 126 54
62 126 58
62 126 62
62 126 66
62 126 70
62 126 74
62 126 78
62 126 82
62 126 118
62 126 122
62 126 126
62 126 130
62 126 134
62 126 138
62 126 142
62 126 146
62 130 54
62 130 58
62 130 62
62 130 66
62 130 70
62 130 74
62 130 78
62 130 82
62 130 118
62 130 122
62 130 126
62 130 130
62 130 134
62 130 138
62 130 142
62 130 146
62 134 54
62 134 58
62 134 62
62 134 66
62 134 70
62 134 74
62 134 78
62 134 82
62 134 118
62 134 122
62 134 126
62 134 130
62 134 134
62 134 138
62 134 142
62 134 146
62 138 54
62 138 58
62 138 62
62 138 66
62 138 70
62 138 74
62 138 78
62 138 82
62 138 118
62 138 122
62 138 126
62 138 130
62 138 134
62 138 138
62 138 142
62 138 146
62 142 54
62 142 58
62 142 62
62 142 66
62 142 70
62 142 74
62 142 78
62 142 82
62 142 118
62 142 122
62 142 126
62 142 130
62 142 134
62 142 138
62 142 142
62 142 146
62 146 54
62 146 58
62 146 62
62 146 66
62 146 70
62 146 74
62 146 78
62 146 82
62 146 118
62 146 122
62 146 126
62 146 130
62 146 134
62 146 138
62 146 142
62 146 146
66 54 54
66 54 58
66 54 62
66 54 66
66 54 70
66 54 74
66 54 78
66 54 82
66 54 118
66 54 122
66 54 126
66 54 130
66 54 134
66 54 138
66 54 142
66 54 146
66 58 54
66 58 58
66 58 62
66 58 66
66 58 70
66 58 74
66 58 78
66 58 82
66 58 118
66 58 122
66 58 126
66 58 130
66 58 134
66 58 138
66 58 142
66 58 146
66 62 54
66 62 58
66 62 62
66 62 66
66 62 70
66 62 74
66 62 78
66 62 82
66 62 118
66 62 122
66 62 126
66 62 130
66 62 134
66 62 138
66 62 142
66 62 146
66 66 54
66 66 58
66 66 62
66 66 66
66 66 70
66 66 74
66 66 78
66 66 82
66 66 118
66 66 122
66 66 126
66 66 130
66 66 134
66 66 138
66 66 142
66 66 146
66 70 54
66 70 58
66 70 62
66 70 66
66 70 70
66 70 74
66 70 78
66 70 82
66 70 118
66 70 122
66 70 126
66 70 130
66 70 134
66 70 138
66 70 142
66 70 146
66 74 54
66 74 58
66 74 62
66 74 66
66 74 70
66 74 74
66 74 78
66 74 82
66 74 118
66 74 122
66 74 126
66 74 130
66 74 134
66 74 138
66 74 142
66 74 146
66 78 54
66 78 58
66 78 62
66 78 66
66 78 70
66 78 74
66 78 78
66 78 82
66 78 118
66 78 122
66 78 126
66 78 130
66 78 134
66 78 138
66 78 142
66 78 146
66 82 54
66 82 58
66 82 62
66 82 66
66 82 70
66 82 74
66 82 78
66 82 82
66 82 118
66 82 122
66 82 126
66 82 130
66 82 134
66 82 138
66 82 142
66 82 146
66 118 54
66 118 58
66 118 62
66 118 66
66 118 70
66 118 74
66 118 78
66 118 82
66 118 118
66 118 122
66 118 126
66 118 130
66 118 134
66 118 138
66 118 142
66 118 146
66 122 54
66 122 58
66 122 62
66 122 66
66 122 70
66 122 74
66 122 78
66 122 82
66 122 118
66 122 122
66 122 126
66 122 130
66 122 134
66 122 138
66 122 142
66 122 146
66 126 54
66 126 58
66 126 62
66 126 66
66 126 70
66 126 74
66 126 78
66 126 82
66 126 118
66 126 122
66 126 126
66 126 130
66 126 134
66 126 138
66 126 142
66 126 146
66 130 54
66 130 58
66 130 62
66 130 66
66 130 70
66 130 74
66 130 78
66 130 82
66 130 118
66 130 122
66 130 126
66 130 130
66 130 134
66 130 138
66 130 142
66 130 146
66 134 54
66 134 58
66 134 62
66 134 66
66 134 70
66 134 74
66 134 78
66 134 82
66 134 118
66 134 122
66 134 126
66 134 130
66 134 134
66 134 138
66 134 142
66 134 146
66 138 54
66 138 58
66 138 62
66 138 66
66 138 70
66 138 74
66 138 78
66 138 82
66 138 118
66 138 122
66 138 126
66 138 130
66 138 134
66 138 138
66 138 142
66 138 146
66 142 54
66 142 58
66 142 62
66 142 66
66 142 70
66 142 74
66 142 78
66 142 82
66 142 118
66 142 122
66 142 126
66 142 130
66 142 134
66 142 138
66 142 142
66 142 146
66 146 54
66 146 58
66 146 62
66 146 66
66 146 70
66 146 74
66 146 78
66 146 82
66 146 118
66 146 122
66 146 126
66 146 130
66 146 134
66 146 138
66 146 142
66 146 146
70 54 54
70 54 58
70 54 62
70 54 66
70 54 70
70 54 74
70 54 78
70 54 82
70 54 118
70 54 122
70 54 126
70 54 130
70 54 134
70 54 138
70 54 142
70 54 146
70 58 54
70 58 58
70 58 62
70 58 66
70 58 70
70 58 74
70 58 78
70 58 82
70 58 118
70 58 122
70 58 126
70 58 130
70 58 134
70 58 138
70 58 142
70 58 146
70 62 54
70 62 58
70 62 62
70 62 66
70 62 70
70 62 74
70 62 78
70 62 82
70 62 118
70 62 122
70 62 126
70 62 130
70 62 134
70 62 138
70 62 142
70 62 146
70 66 54
70 66 58
70 66 62
70 66 66
70 66 70
70 66 74
70 66 78
70 66 82
70 66 118
70 66 122
70 66 126
70 66 130
70 66 134
70 66 138
70 66 142
70 66 146
70 70 54
70 70 58
70 70 62
70 70 66
70 70 70
70 70 74
70 70 78
70 70 82
70 70 118
70 70 122
70 70 126
70 70 130
70 70 134
70 70 138
70 70 142
70 70 146
70 74 54
70 74 58
70 74 62
70 74 66
70 74 70
70 74 74
70 74 78
70 74 82
70 74 118
70 74 122
70 74 126
70 74 130
70 74 134
70 74 138
70 74 142
70 74 146
70 78 54
70 78 58
70 78 62
70 78 66
70 78 70
70 78 74
70 78 78
70 78 82
70 78 118
70 78 122
70 78 126
70 78 130
70 78 134
70 78 138
70 78 142
70 78 146
70 82 54
70 82 58
70 82 62
70 82 66
70 82 70
70 82 74
70 82 78
70 82 82
70 82 118
70 82 122
70 82 126
70 82 130
70 82 134
70 82 138
70 82 142
70 82 146
70 118 54
70 118 58
70 118 62
70 118 66
70 118 70
70 118 74
70 118 78
70 118 82
70 118 118
70 118 122
70 118 126
70 118 130
70 118 134
70 118 138
70 118 142
70 118 146
70 122 54
70 122 58
70 122 62
70 122 66
70 122 70
70 122 74
70 122 78
70 122 82
70 122 118
70 122 122
70 122 126
70 122 130
70 122 134
70 122 138
70 122 142
70 122 146
70 126 54
70 126 58
70 126 62
70 126 66
70 126 70
70 126 74
70 126 78
70 126 82
70 126 118
70 126 122
70 126 126
70 126 130
70 126 134
70 126 138
70 126 142
70 126 146
70 130 54
70 130 58
70 130 62
70 130 66
70 130 70
70 130 74
70 130 78
70 130 82
70 130 118
70 130 122
70 130 126
70 130 130
70 130 134
70 130 138
70 130 142
70 130 146
70 134 54
70 134 58
70 134 62
70 134 66
70 134 70
70 134 74
70 134 78
70 134 82
70 134 118
70 134 122
70 134 126
70 134 130
70 134 134
70 134 138
70 134 142
70 134 146
70 138 54
70 138 58
70 138 62
70 138 66
70 138 70
70 138 74
70 138 78
70 138 82
70 138 118
70 138 122
70 138 126
70 138 130
70 138 134
70 138 138
70 138 142
70 138 146
70 142 54
70 142 58
70 142 62
70 142 66
70 142 70
70 142 74
70 142 78
70 142 82
70 142 118
70 142 122
70 142 126
70 142 130
70 142 134
70 142 138
70 142 142
70 142 146
70 146 54
70 146 58
70 146 62
70 146 66
70 146 70
70 146 74
70 146 78
70 146 82
70 146 118
70 146 122
70 146 126
70 146 130
70 146 134
70 146 138
70 146 142
70 146 146
74 54 54
74 54 58
74 54 62
74 54 66
74 54 70
74 54 74
74 54 78
74 54 82
74 54 118
74 54 122
74 54 126
74 54 130
74 54 134
74 54 138
74 54 142
74 54 146
74 58 54
74 58 58
74 58 62
74 58 66
74 58 70
74 58 74
74 58 78
74 58 82
74 58 118
74 58 122
74 58 126
74 58 130
74 58 134
74 58 138
74 58 142
74 58 146
74 62 54
74 62 58
74 62 62
74 62 66
74 62 70
74 62 74
74 62 78
74 62 82
74 62 118
74 62 122
74 62 126
74 62 130
74 62 134
74 62 138
74 62 142
74 62 146
74 66 54
74 66 58
74 66 62
74 66 66
74 66 70
74 66 74
74 66 78
74 66 82
74 66 118
74 66 122
74 66 126
74 66 130
74 66 134
74 66 138
74 66 142
74 66 146
74 70 54
74 70 58
74 70 62
74 70 66
74 70 70
74 70 74
74 70 78
74 70 82
74 70 118
74 70 122
74 70 126
74 70 130
74 70 134
74 70 138
74 70 142
74 70 146
74 74 54
74 74 58
74 74 62
74 74 66
74 74 70
74 74 74
74 74 78
74 74 82
74 74 118
74 74 122
74 74 126
74 74 130
74 74 134
74 74 138
74 74 142
74 74 146
74 78 54
74 78 58
74 78 62
74 78 66
74 78 70
74 78 74
74 78 78
74 78 82
74 78 118
74 78 122
74 78 126
74 78 130
74 78 134
74 78 138
74 78 142
74 78 146
74 82 54
74 82 58
74 82 62
74 82 66
74 82 70
74 82 74
74 82 78
74 82 82
74 82 118
74 82 122
74 82 126
74 82 130
74 82 134
74 82 138
74 82 142
74 82 146
74 118 54
74 118 58
74 118 62
74 118 66
74 118 70
74 118 74
74 118 78
74 118 82
74 118 118
74 118 122
74 118 126
74 118 130
74 118 134
74 118 138
74 118 142
74 118 146
74 122 54
74 122 58
74 122 62
74 122 66
74 122 70
74 122 74
74 122 78
74 122 82
74 122 118
74 122 122
74 122 126
74 122 130
74 122 134
74 122 138
74 122 142
74 122 146
74 126 54
74 126 58
74 126 62
74 126 66
74 126 70
74 126 74
74 126 78
74 126 82
74 126 118
74 126 122
74 126 126
74 126 130
74 126 134
74 126 138
74 126 142
74 126 146
74 130 54
74 130 58
74 130 62
74 130 66
74 130 70
74 130 74
74 130 78
74 130 82
74 130 118
74 130 122
74 130 126
74 130 130
74 130 134
74 130 138
74 130 142
74 130 146
74 134 54
74 134 58
74 134 62
74 134 66
74 134 70
74 134 74
74 134 78
74 134 82
74 134 118
74 134 122
74 134 126
74 134 130
74 134 134
74 134 138
74 134 142
74 134 146
74 138 54
74 138 58
74 138 62
74 138 66
74 138 70
74 138 74
74 138 78
74 138 82
74 138 118
74 138 122
74 138 126
74 138 130
74 138 134
74 138 138
74 138 142
74 138 146
74 142 54
74 142 58
74 142 62
74 142 66
74 142 70
74 142 74
74 142 78
74 142 82
74 142 118
74 142 122
74 142 126
74 142 130
74 142 134
74 142 138
74 142 142
74 142 146
74 146 54
74 146 58
74 146 62
74 146 66
74 146 70
74 146 74
74 146 78
74 146 82
74 146 118
74 146 122
74 146 126
74 146 130
74 146 134
74 146 138
74 146 142
74 146 146
78 54 54
78 54 58
78 54 62
78 54 66
78 54 70
78 54 74
78 54 78
78 54 82
78 54 118
78 54 122
78 54 126
78 54 130
78 54 134
78 54 138
78 54 142
78 54 146
78 58 54
78 58 58
78 58 62
78 58 66
78 58 70
78 58 74
78 58 78
78 58 82
78 58 118
78 58 122
78 58 126
78 58 130
78 58 134
78 58 138
78 58 142
78 58 146
78 62 54
78 62 58
78 62 62
78 62 66
78 62 70
78 62 74
78 62 78
78 62 82
78 62 118
78 62 122
78 62 126
78 62 130
78 62 134
78 62 138
78 62 142
78 62 146
78 66 54
78 66 58
78 66 62
78 66 66
78 66 70
78 66 74
78 66 78
78 66 82
78 66 118
78 66 122
78 66 126
78 66 130
78 66 134
78 66 138
78 66 142
78 66 146
78 70 54
78 70 58
78 70 62
78 70 66
78 70 70
78 70 74
78 70 78
78 70 82
78 70 118
78 70 122
78 70 126
78 70 130
78 70 134
78 70 138
78 70 142
78 70 146
78 74 54
78 74 58
78 74 62
78 74 66
78 74 70
78 74 74
78 74 78
78 74 82
78 74 118
78 74 122
78 74 126
78 74 130
78 74 134
78 74 138
78 74 142
78 74 146
78 78 54
78 78 58
78 78 62
78 78 66
78 78 70
78 78 74
78 78 78
78 78 82
78 78 118
78 78 122
78 78 126
78 78 130
78 78 134
78 78 138
78 78 142
78 78 146
78 82 54
78 82 58
78 82 62
78 82 66
78 82 70
78 82 74
78 82 78
78 82 82
78 82 118
78 82 122
78 82 126
78 82 130
78 82 134
78 82 138
78 82 142
78 82 146
78 118 54
78 118 58
78 118 62
78 118 66
78 118 70
78 118 74
78 118 78
78 118 82
78 118 118
78 118 122
78 118 126
78 118 130
78 118 134
78 118 138
78 118 142
78 118 146
78 122 54
78 122 58
78 122 62
78 122 66
78 122 70
78 122 74
78 122 78
78 122 82
78 122 118
78 122 122
78 122 126
78 122 130
78 122 134
78 122 138
78 122 142
78 122 146
78 126 54
78 126 58
78 126 62
78 126 66
78 126 70
78 126 74
78 126 78
78 126 82
78 126 118
78 126 122
78 126 126
78 126 130
78 126 134
78 126 138
78 126 142
78 126 146
78 130 54
78 130 58
78 130 62
78 130 66
78 130 70
78 130 74
78 130 78
78 130 82
78 130 118
78 130 122
78 130 126
78 130 130
78 130 134
78 130 138
78 130 142
78 130 146
78 134 54
78 134 58
78 134 62
78 134 66
78 134 70
78 134 74
78 134 78
78 134 82
78 134 118
78 134 122
78 134 126
78 134 130
78 134 134
78 134 138
78 134 142
78 134 146
78 138 54
78 138 58
78 138 62
78 138 66
78 138 70
78 138 74
78 138 78
78 138 82
78 138 118
78 138 122
78 138 126
78 138 130
78 138 134
78 138 138
78 138 142
78 138 146
78 142 54
78 142 58
78 142 62
78 142 66
78 142 70
78 142 74
78 142 78
78 142 82
78 142 118
78 142 122
78 142 126
78 142 130
78 142 134
78 142 138
78 142 142
78 142 146
78 146 54
78 146 58
78 146 62
78 146 66
78 146 70
78 146 74
78 146 78
78 146 82
78 146 118
78 146 122
78 146 126
78 146 130
78 146 134
78 146 138
78 146 142
78 146 146
82 54 54
82 54 58
82 54 62
82 54 66
82 54 70
82 54 74
82 54 78
82 54 82
82 54 118
82 54 122
82 54 126
82 54 130
82 54 134
82 54 138
82 54 142
82 54 146
82 58 54
82 58 58
82 58 62
82 58 66
82 58 70
82 58 74
82 58 78
82 58 82
82 58 118
82 58 122
82 58 126
82 58 130
82 58 134
82 58 138
82 58 142
82 58 146
82 62 54
82 62 58
82 62 62
82 62 66
82 62 70
82 62 74
82 62 78
82 62 82
82 62 118
82 62 122
82 62 126
82 62 130
82 62 134
82 62 138
82 62 142
82 62 146
82 66 54
82 66 58
82 66 62
82 66 66
82 66 70
82 66 74
82 66 78
82 66 82
82 66 118
82 66 122
82 66 126
82 66 130
82 66 134
82 66 138
82 66 142
82 66 146
82 70 54
82 70 58
82 70 62
82 70 66
82 70 70
82 70 74
82 70 78
82 70 82
82 70 118
82 70 122
82 70 126
82 70 130
82 70 134
82 70 138
82 70 142
82 70 146
82 74 54
82 74 58
82 74 62
82 74 66
82 74 70
82 74 74
82 74 78
82 74 82
82 74 118
82 74 122
82 74 126
82 74 130
82 74 134
82 74 138
82 74 142
82 74 146
82 78 54
82 78 58
82 78 62
82 78 66
82 78 70
82 78 74
82 78 78
82 78 82
82 78 118
82 78 122
82 78 126
82 78 130
82 78 134
82 78 138
82 78 142
82 78 146
82 82 54
82 82 58
82 82 62
82 82 66
82 82 70
82 82 74
82 82 78
82 82 82
82 82 118
82 82 122
82 82 126
82 82 130
82 82 134
82 82 138
82 82 142
82 82 146
82 118 54
82 118 58
82 118 62
82 118 66
82 118 70
82 118 74
82 118 78
82 118 82
82 118 118
82 118 122
82 118 126
82 118 130
82 118 134
82 118 138
82 118 142
82 118 146
82 122 54
82 122 58
82 122 62
82 122 66
82 122 70
82 122 74
82 122 78
82 122 82
82 122 118
82 122 122
82 122 126
82 122 130
82 122 134
82 122 138
82 122 142
82 122 146
82 126 54
82 126 58
82 126 62
82 126 66
82 126 70
82 126 74
82 126 78
82 126 82
82 126 118
82 126 122
82 126 126
82 126 130
82 126 134
82 126 138
82 126 142
82 126 146
82 130 54
82 130 58
82 130 62
82 130 66
82 130 70
82 130 74
82 130 78
82 130 82
82 130 118
82 130 122
82 130 126
82 130 130
82 130 134
82 130 138
82 130 142
82 130 146
82 134 54
82 134 58
82 134 62
82 134 66
82 134 70
82 134 74
82 134 78
82 134 82
82 134 118
82 134 122
82 134 126
82 134 130
82 134 134
82 134 138
82 134 142
82 134 146
82 138 54
82 138 58
82 138 62
82 138 66
82 138 70
82 138 74
82 138 78
82 138 82
82 138 118
82 138 122
82 138 126
82 138 130
82 138 134
82 138 138
82 138 142
82 138 146
82 142 54
82 142 58
82 142 62
82 142 66
82 142 70
82 142 74
82 142 78
82 142 82
82 142 118
82 142 122
82 142 126
82 142 130
82 142 134
82 142 138
82 142 142
82 142 146
82 146 54
82 146 58
82 146 62
82 146 66
82 146 70
82 146 74
82 146 78
82 146 82
82 146 118
82 146 122
82 146 126
82 146 130
82 146 134
82 146 138
82 146 142
82 146 146
118 54 54
118 54 58
118 54 62
118 54 66
118 54 70
118 54 74
118 54 78
118 54 82
118 54 118
118 54 122
118 54 126
118 54 130
118 54 134
118 54 138
118 54 142
118 54 146
118 58 54
118 58 58
118 58 62
118 58 66
118 58 70
118 58 74
118 58 78
118 58 82
118 58 118
118 58 122
118 58 126
118 58 130
118 58 134
118 58 138
118 58 142
118 58 146
118 62 54
118 62 58
118 62 62
118 62 66
118 62 70
118 62 74
118 62 78
118 62 82
118 62 118
118 62 122
118 62 126
118 62 130
118 62 134
118 62 138
118 62 142
118 62 146
118 66 54
118 66 58
118 66 62
118 66 66
118 66 70
118 66 74
118 66 78
118 66 82
118 66 118
118 66 122
118 66 126
118 66 130
118 66 134
118 66 138
118 66 142
118 66 146
118 70 54
118 70 58
118 70 62
118 70 66
118 70 70
118 70 74
118 70 78
118 70 82
118 70 118
118 70 122
118 70 126
118 70 130
118 70 134
118 70 138
118 70 142
118 70 146
118 74 54
118 74 58
118 74 62
118 74 66
118 74 70
118 74 74
118 74 78
118 74 82
118 74 118
118 74 122
118 74 126
118 74 130
118 74 134
118 74 138
118 74 142
118 74 146
118 78 54
118 78 58
118 78 62
118 78 66
118 78 70
118 78 74
118 78 78
118 78 82
118 78 118
118 78 122
118 78 126
118 78 130
118 78 134
118 78 138
118 78 142
118 78 146
118 82 54
118 82 58
118 82 62
118 82 66
118 82 70
118 82 74
118 82 78
118 82 82
118 82 118
118 82 122
118 82 126
118 82 130
118 82 134
118 82 138
118 82 142
118 82 146
118 118 54
118 118 58
118 118 62
118 118 66
118 118 70
118 118 74
118 118 78
118 118 82
118 118 118
118 118 122
118 118 126
118 118 130
118 118 134
118 118 138
118 118 142
118 118 146
118 122 54
118 122 58
118 122 62
118 122 66
118 122 70
118 122 74
118 122 78
118 122 82
118 122 118
118 122 122
118 122 126
118 122 130
118 122 134
118 122 138
118 122 142
118 122 146
118 126 54
118 126 58
118 126 62
118 126 66
118 126 70
118 126 74
118 126 78
118 126 82
118 126 118
118 126 122
118 126 126
118 126 130
118 126 134
118 126 138
118 126 142
118 126 146
118 130 54
118 130 58
118 130 62
118 130 66
118 130 70
118 130 74
118 130 78
118 130 82
118 130 118
118 130 122
118 130 126
118 130 130
118 130 134
118 130 138
118 130 142
118 130 146
118 134 54
118 134 58
118 134 62
118 134 66
118 134 70
118 134 74
118 134 78
118 134 82
118 134 118
118 134 122
118 134 126
118 134 130
118 134 134
118 134 138
118 134 142
118 134 146
118 138 54
118 138 58
118 138 62
118 138 66
118 138 70
118 138 74
118 138 78
118 138 82
118 138 118
118 138 122
118 138 126
118 138 130
118 138 134
118 138 138
118 138 142
118 138 146
118 142 54
118 142 58
118 142 62
118 142 66
118 142 70
118 142 74
118 142 78
118 142 82
118 142 118
118 142 122
118 142 126
118 142 130
118 142 134
118 142 138
118 142 142
118 142 146
118 146 54
118 146 58
118 146 62
118 146 66
118 146 70
118 146 74
118 146 78
118 146 82
118 146 118
118 146 122
118 146 126
118 146 130
118 146 134
118 146 138
118 146 142
118 146 146
122 54 54
122 54 58
122 54 62
122 54 66
122 54 70
122 54 74
122 54 78
122 54 82
122 54 118
122 54 122
122 54 126
122 54 130
122 54 134
122 54 138
122 54 142
122 54 146
122 58 54
122 58 58
122 58 62
122 58 66
122 58 70
122 58 74
122 58 78
122 58 82
122 58 118
122 58 122
122 58 126
122 58 130
122 58 134
122 58 138
122 58 142
122 58 146
122 62 54
122 62 58
122 62 62
122 62 66
122 62 70
122 62 74
122 62 78
122 62 82
122 62 118
122 62 122
122 62 126
122 62 130
122 62 134
122 62 138
122 62 142
122 62 146
122 66 54
122 66 58
122 66 62
122 66 66
122 66 70
122 66 74
122 66 78
122 66 82
122 66 118
122 66 122
122 66 126
122 66 130
122 66 134
122 66 138
122 66 142
122 66 146
122 70 54
122 70 58
122 70 62
122 70 66
122 70 70
122 70 74
122 70 78
122 70 82
122 70 118
122 70 122
122 70 126
122 70 130
122 70 134
122 70 138
122 70 142
122 70 146
122 74 54
122 74 58
122 74 62
122 74 66
122 74 70
122 74 74
122 74 78
122 74 82
122 74 118
122 74 122
122 74 126
122 74 130
122 74 134
122 74 138
122 74 142
122 74 146
122 78 54
122 78 58
122 78 62
122 78 66
122 78 70
122 78 74
122 78 78
122 78 82
122 78 118
122 78 122
122 78 126
122 78 130
122 78 134
122 78 138
122 78 142
122 78 146
122 82 54
122 82 58
122 82 62
122 82 66
122 82 70
122 82 74
122 82 78
122 82 82
122 82 118
122 82 122
122 82 126
122 82 130
122 82 134
122 82 138
122 82 142
122 82 146
122 118 54
122 118 58
122 118 62
122 118 66
122 118 70
122 118 74
122 118 78
122 118 82
122 118 118
122 118 122
122 118 126
122 118 130
122 118 134
122 118 138
122 118 142
122 118 146
122 122 54
122 122 58
122 122 62
122 122 66
122 122 70
122 122 74
122 122 78
122 122 82
122 122 118
122 122 122
122 122 126
122 122 130
122 122 134
122 122 138
122 122 142
122 122 146
122 126 54
122 126 58
122 126 62
122 126 66
122 126 70
122 126 74
122 126 78
122 126 82
122 126 118
122 126 122
122 126 126
122 126 130
122 126 134
122 126 138
122 126 142
122 126 146
122 130 54
122 130 58
122 130 62
122 130 66
122 130 70
122 130 74
122 130 78
122 130 82
122 130 118
122 130 122
122 130 126
122 130 130
122 130 134
122 130 138
122 130 142
122 130 146
122 134 54
122 134 58
122 134 62
122 134 66
122 134 70
122 134 74
122 134 78
122 134 82
122 134 118
122 134 122
122 134 126
122 134 130
122 134 134
122 134 138
122 134 142
122 134 146
122 138 54
122 138 58
122 138 62
122 138 66
122 138 70
122 138 74
122 138 78
122 138 82
122 138 118
122 138 122
122 138 126
122 138 130
122 138 134
122 138 138
122 138 142
122 138 146
122 142 54
122 142 58
122 142 62
122 142 66
122 142 70
122 142 74
122 142 78
122 142 82
122 142 118
122 142 122
122 142 126
122 142 130
122 142 134
122 142 138
122 142 142
122 142 146
122 146 54
122 146 58
122 146 62
122 146 66
122 146 70
122 146 74
122 146 78
122 146 82
122 146 118
122 146 122
122 146 126
122 146 130
122 146 134
122 146 138
122 146 142
122 146 146
126 54 54
126 54 58
126 54 62
126 54 66
126 54 70
126 54 74
126 54 78
126 54 82
126 54 118
126 54 122
126 54 126
126 54 130
126 54 134
126 54 138
126 54 142
126 54 146
126 58 54
126 58 58
126 58 62
126 58 66
126 58 70
126 58 74
126 58 78
126 58 82
126 58 118
126 58 122
126 58 126
126 58 130
126 58 134
126 58 138
126 58 142
126 58 146
126 62 54
126 62 58
126 62 62
126 62 66
126 62 70
126 62 74
126 62 78
126 62 82
126 62 118
126 62 122
126 62 126
126 62 130
126 62 134
126 62 138
126 62 142
126 62 146
126 66 54
126 66 58
126 66 62
126 66 66
126 66 70
126 66 74
126 66 78
126 66 82
126 66 118
126 66 122
126 66 126
126 66 130
126 66 134
126 66 138
126 66 142
126 66 146
126 70 54
126 70 58
126 70 62
126 70 66
126 70 70
126 70 74
126 70 78
126 70 82
126 70 118
126 70 122
126 70 126
126 70 130
126 70 134
126 70 138
126 70 142
126 70 146
126 74 54
126 74 58
126 74 62
126 74 66
126 74 70
126 74 74
126 74 78
126 74 82
126 74 118
126 74 122
126 74 126
126 74 130
126 74 134
126 74 138
126 74 142
126 74 146
126 78 54
126 78 58
126 78 62
126 78 66
126 78 70
126 78 74
126 78 78
126 78 82
126 78 118
126 78 122
126 78 126
126 78 130
126 78 134
126 78 138
126 78 142
126 78 146
126 82 54
126 82 58
126 82 62
126 82 66
126 82 70
126 82 74
126 82 78
126 82 82
126 82 118
126 82 122
126 82 126
126 82 130
126 82 134
126 82 138
126 82 142
126 82 146
126 118 54
126 118 58
126 118 62
126 118 66
126 118 70
126 118 74
126 118 78
126 118 82
126 118 118
126 118 122
126 118 126
126 118 130
126 118 134
126 118 138
126 118 142
126 118 146
126 122 54
126 122 58
126 122 62
126 122 66
126 122 70
126 122 74
126 122 78
126 122 82
126 122 118
126 122 122
126 122 126
126 122 130
126 122 134
126 122 138
126 122 142
126 122 146
126 126 54
126 126 58
126 126 62
126 126 66
126 126 70
126 126 74
126 126 78
126 126 82
126 126 118
126 126 122
126 126 126
126 126 130
126 126 134
126 126 138
126 126 142
126 126 146
126 130 54
126 130 58
126 130 62
126 130 66
126 130 70
126 130 74
126 130 78
126 130 82
126 130 118
126 130 122
126 130 126
126 130 130
126 130 134
126 130 138
126 130 142
126 130 146
126 134 54
126 134 58
126 134 62
126 134 66
126 134 70
126 134 74
126 134 78
126 134 82
126 134 118
126 134 122
126 134 126
126 134 130
126 134 134
126 134 138
126 134 142
126 134 146
126 138 54
126 138 58
126 138 62
126 138 66
126 138 70
126 138 74
126 138 78
126 138 82
126 138 118
126 138 122
126 138 126
126 138 130
126 138 134
126 138 138
126 138 142
126 138 146
126 142 54
126 142 58
126 142 62
126 142 66
126 142 70
126 142 74
126 142 78
126 142 82
126 142 118
126 142 122
126 142 126
126 142 130
126 142 134
126 142 138
126 142 142
126 142 146
126 146 54
126 146 58
126 146 62
126 146 66
126 146 70
126 146 74
126 146 78
126 146 82
126 146 118
126 146 122
126 146 126
126 146 130
126 146 134
126 146 138
126 146 142
126 146 146
130 54 54
130 54 58
130 54 62
130 54 66
130 54 70
130 54 74
130 54 78
130 54 82
130 54 118
130 54 122
130 54 126
130 54 130
130 54 134
130 54 138
130 54 142
130 54 146
130 58 54
130 58 58
130 58 62
130 58 66
130 58 70
130 58 74
130 58 78
130 58 82
130 58 118
130 58 122
130 58 126
130 58 130
130 58 134
130 58 138
130 58 142
130 58 146
130 62 54
130 62 58
130 62 62
130 62 66
130 62 70
130 62 74
130 62 78
130 62 82
130 62 118
130 62 122
130 62 126
130 62 130
130 62 134
130 62 138
130 62 142
130 62 146
130 66 54
130 66 58
130 66 62
130 66 66
130 66 70
130 66 74
130 66 78
130 66 82
130 66 118
130 66 122
130 66 126
130 66 130
130 66 134
130 66 138
130 66 142
130 66 146
130 70 54
130 70 58
130 70 62
130 70 66
130 70 70
130 70 74
130 70 78
130 70 82
130 70 118
130 70 122
130 70 126
130 70 130
130 70 134
130 70 138
130 70 142
130 70 146
130 74 54
130 74 58
130 74 62
130 74 66
130 74 70
130 74 74
130 74 78
130 74 82
130 74 118
130 74 122
130 74 126
130 74 130
130 74 134
130 74 138
130 74 142
130 74 146
130 78 54
130 78 58
130 78 62
130 78 66
130 78 70
130 78 74
130 78 78
130 78 82
130 78 118
130 78 122
130 78 126
130 78 130
130 78 134
130 78 138
130 78 142
130 78 146
130 82 54
130 82 58
130 82 62
130 82 66
130 82 70
130 82 74
130 82 78
130 82 82
130 82 118
130 82 122
130 82 126
130 82 130
130 82 134
130 82 138
130 82 142
130 82 146
130 118 54
130 118 58
130 118 62
130 118 66
130 118 70
130 118 74
130 118 78
130 118 82
130 118 118
130 118 122
130 118 126
130 118 130
130 118 134
130 118 138
130 118 142
130 118 146
130 122 54
130 122 58
130 122 62
130 122 66
130 122 70
130 122 74
130 122 78
130 122 82
130 122 118
130 122 122
130 122 126
130 122 130
130 122 134
130 122 138
130 122 142
130 122 146
130 126 54
130 126 58
130 126 62
130 126 66
130 126 70
130 126 74
130 126 78
130 126 82
130 126 118
130 126 122
130 126 126
130 126 130
130 126 134
130 126 138
130 126 142
130 126 146
130 130 54
130 130 58
130 130 62
130 130 66
130 130 70
130 130 74
130 130 78
130 130 82
130 130 118
130 130 122
130 130 126
130 130 130
130 130 134
130 130 138
130 130 142
130 130 146
130 134 54
130 134 58
130 134 62
130 134 66
130 134 70
130 134 74
130 134 78
130 134 82
130 134 118
130 134 122
130 134 126
130 134 130
130 134 134
130 134 138
130 134 142
130 134 146
130 138 54
130 138 58
130 138 62
130 138 66
130 138 70
130 138 74
130 138 78
130 138 82
130 138 118
130 138 122
130 138 126
130 138 130
130 138 134
130 138 138
130 138 142
130 138 146
130 142 54
130 142 58
130 142 62
130 142 66
130 142 70
130 142 74
130 142 78
130 142 82
130 142 118
130 142 122
130 142 126
130 142 130
130 142 134
130 142 138
130 142 142
130 142 146
130 146 54
130 146 58
130 146 62
130 146 66
130 146 70
130 146 74
130 146 78
130 146 82
130 146 118
130 146 122
130 146 126
130 146 130
130 146 134
130 146 138
130 146 142
130 146 146
134 54 54
134 54 58
134 54 62
134 54 66
134 54 70
134 54 74
134 54 78
134 54 82
134 54 118
134 54 122
134 54 126
134 54 130
134 54 134
134 54 138
134 54 142
134 54 146
134 58 54
134 58 58
134 58 62
134 58 66
134 58 70
134 58 74
134 58 78
134 58 82
134 58 118
134 58 122
134 58 126
134 58 130
134 58 134
134 58 138
134 58 142
134 58 146
134 62 54
134 62 58
134 62 62
134 62 66
134 62 70
134 62 74
134 62 78
134 62 82
134 62 118
134 62 122
134 62 126
134 62 130
134 62 134
134 62 138
134 62 142
134 62 146
134 66 54
134 66 58
134 66 62
134 66 66
134 66 70
134 66 74
134 66 78
134 66 82
134 66 118
134 66 122
134 66 126
134 66 130
134 66 134
134 66 138
134 66 142
134 66 146
134 70 54
134 70 58
134 70 62
134 70 66
134 70 70
134 70 74
134 70 78
134 70 82
134 70 118
134 70 122
134 70 126
134 70 130
134 70 134
134 70 138
134 70 142
134 70 146
134 74 54
134 74 58
134 74 62
134 74 66
134 74 70
134 74 74
134 74 78
134 74 82
134 74 118
134 74 122
134 74 126
134 74 130
134 74 134
134 74 138
134 74 142
134 74 146
134 78 54
134 78 58
134 78 62
134 78 66
134 78 70
134 78 74
134 78 78
134 78 82
134 78 118
134 78 122
134 78 126
134 78 130
134 78 134
134 78 138
134 78 142
134 78 146
134 82 54
134 82 58
134 82 62
134 82 66
134 82 70
134 82 74
134 82 78
134 82 82
134 82 118
134 82 122
134 82 126
134 82 130
134 82 134
134 82 138
134 82 142
134 82 146
134 118 54
134 118 58
134 118 62
134 118 66
134 118 70
134 118 74
134 118 78
134 118 82
134 118 118
134 118 122
134 118 126
134 118 130
134 118 134
134 118 138
134 118 142
134 118 146
134 122 54
134 122 58
134 122 62
134 122 66
134 122 70
134 122 74
134 122 78
134 122 82
134 122 118
134 122 122
134 122 126
134 122 130
134 122 134
134 122 138
134 122 142
134 122 146
134 126 54
134 126 58
134 126 62
134 126 66
134 126 70
134 126 74
134 126 78
134 126 82
134 126 118
134 126 122
134 126 126
134 126 130
134 126 134
134 126 138
134 126 142
134 126 146
134 130 54
134 130 58
134 130 62
134 130 66
134 130 70
134 130 74
134 130 78
134 130 82
134 130 118
134 130 122
134 130 126
134 130 130
134 130 134
134 130 138
134 130 142
134 130 146
134 134 54
134 134 58
134 134 62
134 134 66
134 134 70
134 134 74
134 134 78
134 134 82
134 134 118
134 134 122
134 134 126
134 134 130
134 134 134
134 134 138
134 134 142
134 134 146
134 138 54
134 138 58
134 138 62
134 138 66
134 138 70
134 138 74
134 138 78
134 138 82
134 138 118
134 138 122
134 138 126
134 138 130
134 138 134
134 138 138
134 138 142
134 138 146
134 142 54
134 142 58
134 142 62
134 142 66
134 142 70
134 142 74
134 142 78
134 142 82
134 142 118
134 142 122
134 142 126
134 142 130
134 142 134
134 142 138
134 142 142
134 142 146
134 146 54
134 146 58
134 146 62
134 146 66
134 146 70
134 146 74
134 146 78
134 146 82
134 146 118
134 146 122
134 146 126
134 146 130
134 146 134
134 146 138
134 146 142
134 146 146
138 54 54
138 54 58
138 54 62
138 54 66
138 54 70
138 54 74
138 54 78
138 54 82
138 54 118
138 54 122
138 54 126
138 54 130
138 54 134
138 54 138
138 54 142
138 54 146
138 58 54
138 58 58
138 58 62
138 58 66
138 58 70
138 58 74
138 58 78
138 58 82
138 58 118
138 58 122
138 58 126
138 58 130
138 58 134
138 58 138
138 58 142
138 58 146
138 62 54
138 62 58
138 62 62
138 62 66
138 62 70
138 62 74
138 62 78
138 62 82
138 62 118
138 62 122
138 62 126
138 62 130
138 62 134
138 62 138
138 62 142
138 62 146
138 66 54
138 66 58
138 66 62
138 66 66
138 66 70
138 66 74
138 66 78
138 66 82
138 66 118
138 66 122
138 66 126
138 66 130
138 66 134
138 66 138
138 66 142
138 66 146
138 70 54
138 70 58
138 70 62
138 70 66
138 70 70
138 70 74
138 70 78
138 70 82
138 70 118
138 70 122
138 70 126
138 70 130
138 70 134
138 70 138
138 70 142
138 70 146
138 74 54
138 74 58
138 74 62
138 74 66
138 74 70
138 74 74
138 74 78
138 74 82
138 74 118
138 74 122
138 74 126
138 74 130
138 74 134
138 74 138
138 74 142
138 74 146
138 78 54
138 78 58
138 78 62
138 78 66
138 78 70
138 78 74
138 78 78
138 78 82
138 78 118
138 78 122
138 78 126
138 78 130
138 78 134
138 78 138
138 78 142
138 78 146
138 82 54
138 82 58
138 82 62
138 82 66
138 82 70
138 82 74
138 82 78
138 82 82
138 82 118
138 82 122
138 82 126
138 82 130
138 82 134
138 82 138
138 82 142
138 82 146
138 118 54
138 118 58
138 118 62
138 118 66
138 118 70
138 118 74
138 118 78
138 118 82
138 118 118
138 118 122
138 118 126
138 118 130
138 118 134
138 118 138
138 118 142
138 118 146
138 122 54
138 122 58
138 122 62
138 122 66
138 122 70
138 122 74
138 122 78
138 122 82
138 122 118
138 122 122
138 122 126
138 122 130
138 122 134
138 122 138
138 122 142
138 122 146
138 126 54
138 126 58
138 126 62
138 126 66
138 126 70
138 126 74
138 126 78
138 126 82
138 126 118
138 126 122
138 126 126
138 126 130
138 126 134
138 126 138
138 126 142
138 126 146
138 130 54
138 130 58
138 130 62
138 130 66
138 130 70
138 130 74
138 130 78
138 130 82
138 130 118
138 130 122
138 130 126
138 130 130
138 130 134
138 130 138
138 130 142
138 130 146
138 134 54
138 134 58
138 134 62
138 134 66
138 134 70
138 134 74
138 134 78
138 134 82
138 134 118
138 134 122
138 134 126
138 134 130
138 134 134
138 134 138
138 134 142
138 134 146
138 138 54
138 138 58
138 138 62
138 138 66
138 138 70
138 138 74
138 138 78
138 138 82
138 138 118
138 138 122
138 138 126
138 138 130
138 138 134
138 138 138
138 138 142
138 138 146
138 142 54
138 142 58
138 142 62
138 142 66
138 142 70
138 142 74
138 142 78
138 142 82
138 142 118
138 142 122
138 142 126
138 142 130
138 142 134
138 142 138
138 142 142
138 142 146
138 146 54
138 146 58
138 146 62
138 146 66
138 146 70
138 146 74
138 146 78
138 146 82
138 146 118
138 146 122
138 146 126
138 146 130
138 146 134
138 146 138
138 146 142
138 146 146
142 54 54
142 54 58
142 54 62
142 54 66
142 54 70
142 54 74
142 54 78
142 54 82
142 54 118
142 54 122
142 54 126
142 54 130
142 54 134
142 54 138
142 54 142
142 54 146
142 58 54
142 58 58
142 58 62
142 58 66
142 58 70
142 58 74
142 58 78
142 58 82
142 58 118
142 58 122
142 58 126
142 58 130
142 58 134
142 58 138
142 58 142
142 58 146
142 62 54
142 62 58
142 62 62
142 62 66
142 62 70
142 62 74
142 62 78
142 62 82
142 62 118
142 62 122
142 62 126
142 62 130
142 62 134
142 62 138
142 62 142
142 62 146
142 66 54
142 66 58
142 66 62
142 66 66
142 66 70
142 66 74
142 66 78
142 66 82
142 66 118
142 66 122
142 66 126
142 66 130
142 66 134
142 66 138
142 66 142
142 66 146
142 70 54
142 70 58
142 70 62
142 70 66
142 70 70
142 70 74
142 70 78
142 70 82
142 70 118
142 70 122
142 70 126
142 70 130
142 70 134
142 70 138
142 70 142
142 70 146
142 74 54
142 74 58
142 74 62
142 74 66
142 74 70
142 74 74
142 74 78
142 74 82
142 74 118
142 74 122
142 74 126
142 74 130
142 74 134
142 74 138
142 74 142
142 74 146
142 78 54
142 78 58
142 78 62
142 78 66
142 78 70
142 78 74
142 78 78
142 78 82
142 78 118
142 78 122
142 78 126
142 78 130
142 78 134
142 78 138
142 78 142
142 78 146
142 82 54
142 82 58
142 82 62
142 82 66
142 82 70
142 82 74
142 82 78
142 82 82
142 82 118
142 82 122
142 82 126
142 82 130
142 82 134
142 82 138
142 82 142
142 82 146
142 118 54
142 118 58
142 118 62
142 118 66
142 118 70
142 118 74
142 118 78
142 118 82
142 118 118
142 118 122
142 118 126
142 118 130
142 118 134
142 118 138
142 118 142
142 118 146
142 122 54
142 122 58
142 122 62
142 122 66
142 122 70
142 122 74
142 122 78
142 122 82
142 122 118
142 122 122
142 122 126
142 122 130
142 122 134
142 122 138
142 122 142
142 122 146
142 126 54
142 126 58
142 126 62
142 126 66
142 126 70
142 126 74
142 126 78
142 126 82
142 126 118
142 126 122
142 126 126
142 126 130
142 126 134
142 126 138
142 126 142
142 126 146
142 130 54
142 130 58
142 130 62
142 130 66
142 130 70
142 130 74
142 130 78
142 130 82
142 130 118
142 130 122
142 130 126
142 130 130
142 130 134
142 130 138
142 130 142
142 130 146
142 134 54
142 134 58
142 134 62
142 134 66
142 134 70
142 134 74
142 134 78
142 134 82
142 134 118
142 134 122
142 134 126
142 134 130
142 134 134
142 134 138
142 134 142
142 134 146
142 138 54
142 138 58
142 138 62
142 138 66
142 138 70
142 138 74
142 138 78
142 138 82
142 138 118
142 138 122
142 138 126
142 138 130
142 138 134
142 138 138
142 138 142
142 138 146
142 142 54
142 142 58
142 142 62
142 142 66
142 142 70
142 142 74
142 142 78
142 142 82
142 142 118
142 142 122
142 142 126
142 142 130
142 142 134
142 142 138
142 142 142
142 142 146
142 146 54
142 146 58
142 146 62
142 146 66
142 146 70
142 146 74
142 146 78
142 146 82
142 146 118
142 146 122
142 146 126
142 146 130
142 146 134
142 146 138
142 146 142
142 146 146
146 54 54
146 54 58
146 54 62
146 54 66
146 54 70
146 54 74
146 54 78
146 54 82
146 54 118
146 54 122
146 54 126
146 54 130
146 54 134
146 54 138
146 54 142
146 54 146
146 58 54
146 58 58
146 58 62
146 58 66
146 58 70
146 58 74
146 58 78
146 58 82
146 58 118
146 58 122
146 58 126
146 58 130
146 58 134
146 58 138
146 58 142
146 58 146
146 62 54
146 62 58
146 62 62
146 62 66
146 62 70
146 62 74
146 62 78
146 62 82
146 62 118
146 62 122
146 62 126
146 62 130
146 62 134
146 62 138
146 62 142
146 62 146
146 66 54
146 66 58
146 66 62
146 66 66
146 66 70
146 66 74
146 66 78
146 66 82
146 66 118
146 66 122
146 66 126
146 66 130
146 66 134
146 66 138
146 66 142
146 66 146
146 70 54
146 70 58
146 70 62
146 70 66
146 70 70
146 70 74
146 70 78
146 70 82
146 70 118
146 70 122
146 70 126
146 70 130
146 70 134
146 70 138
146 70 142
146 70 146
146 74 54
146 74 58
146 74 62
146 74 66
146 74 70
146 74 74
146 74 78
146 74 82
146 74 118
146 74 122
146 74 126
146 74 130
146 74 134
146 74 138
146 74 142
146 74 146
146 78 54
146 78 58
146 78 62
146 78 66
146 78 70
146 78 74
146 78 78
146 78 82
146 78 118
146 78 122
146 78 126
146 78 130
146 78 134
146 78 138
146 78 142
146 78 146
146 82 54
146 82 58
146 82 62
146 82 66
146 82 70
146 82 74
146 82 78
146 82 82
146 82 118
146 82 122
146 82 126
146 82 130
146 82 134
146 82 138
146 82 142
146 82 146
146 118 54
146 118 58
146 118 62
146 118 66
146 118 70
146 118 74
146 118 78
146 118 82
146 118 118
146 118 122
146 118 126
146 118 130
146 118 134
146 118 138
146 118 142
146 118 146
146 122 54
146 122 58
146 122 62
146 122 66
146 122 70
146 122 74
146 122 78
146 122 82
146 122 118
146 122 122
146 122 126
146 122 130
146 122 134
146 122 138
146 122 142
146 122 146
146 126 54
146 126 58
146 126 62
146 126 66
146 126 70
146 126 74
146 126 78
146 126 82
146 126 118
146 126 122
146 126 126
146 126 130
146 126 134
146 126 138
146 126 142
146 126 146
146 130 54
146 130 58
146 130 62
146 130 66
146 130 70
146 130 74
146 130 78
146 130 82
146 130 118
146 130 122
146 130 126
146 130 130
146 130 134
146 130 138
146 130 142
146 130 146
146 134 54
146 134 58
146 134 62
146 134 66
146 134 70
146 134 74
146 134 78
146 134 82
146 134 118
146 134 122
146 134 126
146 134 130
146 134 134
146 134 138
146 134 142
146 134 146
146 138 54
146 138 58
146 138 62
146 138 66
146 138 70
146 138 74
146 138 78
146 138 82
146 138 118
146 138 122
146 138 126
146 138 130
146 138 134
146 138 138
146 138 142
146 138 146
146 142 54
146 142 58
146 142 62
146 142 66
146 142 70
146 142 74
146 142 78
146 142 82
146 142 118
146 142 122
146 142 126
146 142 130
146 142 134
146 142 138
146 142 142
146 142 146
146 146 54
146 146 58
146 146 62
146 146 66
146 146 70
146 146 74
146 146 78
146 146 82
146 146 118
146 146 122
146 146 126
146 146 130
146 146 134
146 146 138
146 146 142
146 146 146
