200
16 16 16
16 16 32
16 16 164
16 16 180
16 32 16
16 32 32
16 32 164
16 32 180
16 164 16
16 164 32
16 164 164
16 164 180
16 180 16
16 180 32
16 180 164
16 180 180
32 16 16
32 16 32
32 16 164
32 16 180
32 32 16
32 32 32
32 32 164
32 32 180
32 164 16
32 164 32
32 164 164
32 164 180
32 180 16
32 180 32
32 180 164
32 180 180
164 16 16
164 16 32
164 16 164
164 16 180
164 32 16
164 32 32
164 32 164
164 32 180
164 164 16
164 164 32
164 164 164
164 164 180
164 180 16
164 180 32
164 180 164
164 180 180
180 16 16
180 16 32
180 16 164
180 16 180
180 32 16
180 32 32
180 32 164
180 32 180
180 164 16
180 164 32
180 164 164
180 164 180
180 180 16
180 180 32
180 180 164
180 180 180
