200
8 8 8
8 8 20
8 8 52
8 8 84
8 8 116
8 8 148
8 8 180
8 8 188
8 20 8
8 20 20
8 20 52
8 20 84
8 20 116
8 20 148
8 20 180
8 20 188
8 52 8
8 52 20
8 52 52
8 52 84
8 52 116
8 52 148
8 52 180
8 52 188
8 84 8
8 84 20
8 84 52
8 84 84
8 84 116
8 84 148
8 84 180
8 84 188
8 116 8
8 116 20
8 116 52
8 116 84
8 116 116
8 116 148
8 116 180
8 116 188
8 148 8
8 148 20
8 148 52
8 148 84
8 148 116
8 148 148
8 148 180
8 148 188
8 180 8
8 180 20
8 180 52
8 180 84
8 180 116
8 180 148
8 180 180
8 180 188
8 188 8
8 188 20
8 188 52
8 188 84
8 188 116
8 188 148
8 188 180
8 188 188
20 8 8
20 8 20
20 8 52
20 8 84
20 8 116
20 8 148
20 8 180
20 8 188
20 20 8
20 20 20
20 20 52
20 20 84
20 20 116
20 20 148
20 20 180
20 20 188
20 52 8
20 52 20
20 52 52
20 52 84
20 52 116
20 52 148
20 52 180
20 52 188
20 84 8
20 84 20
20 84 52
20 84 84
20 84 116
20 84 148
20 84 180
20 84 188
20 116 8
20 116 20
20 116 52
20 116 84
20 116 116
20 116 148
20 116 180
20 116 188
20 148 8
20 148 20
20 148 52
20 148 84
20 148 116
20 148 148
20 148 180
20 148 188
20 180 8
20 180 20
20 180 52
20 180 84
20 180 116
20 180 148
20 180 180
20 180 188
20 188 8
20 188 20
20 188 52
20 188 84
20 188 116
20 188 148
20 188 180
20 188 188
52 8 8
52 8 20
52 8 52
52 8 84
52 8 116
52 8 148
52 8 180
52 8 188
52 20 8
52 20 20
52 20 52
52 20 84
52 20 116
52 20 148
52 20 180
52 20 188
52 52 8
52 52 20
52 52 52
52 52 84
52 52 116
52 52 148
52 52 180
52 52 188
52 84 8
52 84 20
52 84 52
52 84 84
52 84 116
52 84 148
52 84 180
52 84 188
52 116 8
52 116 20
52 116 52
52 116 84
52 116 116
52 116 148
52 116 180
52 116 188
52 148 8
52 148 20
52 148 52
52 148 84
52 148 116
52 148 148
52 148 180
52 148 188
52 180 8
52 180 20
52 180 52
52 180 84
52 180 116
52 180 148
52 180 180
52 180 188
52 188 8
52 188 20
52 188 52
52 188 84
52 188 116
52 188 148
52 188 180
52 188 188
84 8 8
84 8 20
84 8 52
84 8 84
84 8 116
84 8 148
84 8 180
84 8 188
84 20 8
84 20 20
84 20 52
84 20 84
84 20 116
84 20 148
84 20 180
84 20 188
84 52 8
84 52 20
84 52 52
84 52 84
84 52 116
84 52 148
84 52 180
84 52 188
84 84 8
84 84 20
84 84 52
84 84 84
84 84 116
84 84 148
84 84 180
84 84 188
84 116 8
84 116 20
84 116 52
84 116 84
84 116 116
84 116 148
84 116 180
84 116 188
84 148 8
84 148 20
84 148 52
84 148 84
84 148 116
84 148 148
84 148 180
84 148 188
84 180 8
84 180 20
84 180 52
84 180 84
84 180 116
84 180 148
84 180 180
84 180 188
84 188 8
84 188 20
84 188 52
84 188 84
84 188 116
84 188 148
84 188 180
84 188 188
116 8 8
116 8 20
116 8 52
116 8 84
116 8 116
116 8 148
116 8 180
116 8 188
116 20 8
116 20 20
116 20 52
116 20 84
116 20 116
116 20 148
116 20 180
116 20 188
116 52 8
116 52 20
116 52 52
116 52 84
116 52 116
116 52 148
116 52 180
116 52 188
116 84 8
116 84 20
116 84 52
116 84 84
116 84 116
116 84 148
116 84 180
116 84 188
116 116 8
116 116 20
116 116 52
116 116 84
116 116 116
116 116 148
116 116 180
116 116 188
116 148 8
116 148 20
116 148 52
116 148 84
116 148 116
116 148 148
116 148 180
116 148 188
116 180 8
116 180 20
116 180 52
116 180 84
116 180 116
116 180 148
116 180 180
116 180 188
116 188 8
116 188 20
116 188 52
116 188 84
116 188 116
116 188 148
116 188 180
116 188 188
148 8 8
148 8 20
148 8 52
148 8 84
148 8 116
148 8 148
148 8 180
148 8 188
148 20 8
148 20 20
148 20 52
148 20 84
148 20 116
148 20 148
148 20 180
148 20 188
148 52 8
148 52 20
148 52 52
148 52 84
148 52 116
148 52 148
148 52 180
148 52 188
148 84 8
148 84 20
148 84 52
148 84 84
148 84 116
148 84 148
148 84 180
148 84 188
148 116 8
148 116 20
148 116 52
148 116 84
148 116 116
148 116 148
148 116 180
148 116 188
148 148 8
148 148 20
148 148 52
148 148 84
148 148 116
148 148 148
148 148 180
148 148 188
148 180 8
148 180 20
148 180 52
148 180 84
148 180 116
148 180 148
148 180 180
148 180 188
148 188 8
148 188 20
148 188 52
148 188 84
148 188 116
148 188 148
148 188 180
148 188 188
180 8 8
180 8 20
180 8 52
180 8 84
180 8 116
180 8 148
180 8 180
180 8 188
180 20 8
180 20 20
180 20 52
180 20 84
180 20 116
180 20 148
180 20 180
180 20 188
180 52 8
180 52 20
180 52 52
180 52 84
180 52 116
180 52 148
180 52 180
180 52 188
180 84 8
180 84 20
180 84 52
180 84 84
180 84 116
180 84 148
180 84 180
180 84 188
180 116 8
180 116 20
180 116 52
180 116 84
180 116 116
180 116 148
180 116 180
180 116 188
180 148 8
180 148 20
180 148 52
180 148 84
180 148 116
180 148 148
180 148 180
180 148 188
180 180 8
180 180 20
180 180 52
180 180 84
180 180 116
180 180 148
180 180 180
180 180 188
180 188 8
180 188 20
180 188 52
180 188 84
180 188 116
180 188 148
180 188 180
180 188 188
188 8 8
188 8 20
188 8 52
188 8 84
188 8 116
188 8 148
188 8 180
188 8 188
188 20 8
188 20 20
188 20 52
188 20 84
188 20 116
188 20 148
188 20 180
188 20 188
188 52 8
188 52 20
188 52 52
188 52 84
188 52 116
188 52 148
188 52 180
188 52 188
188 84 8
188 84 20
188 84 52
188 84 84
188 84 116
188 84 148
188 84 180
188 84 188
188 116 8
188 116 20
188 116 52
188 116 84
188 116 116
188 116 148
188 116 180
188 116 188
188 148 8
188 148 20
188 148 52
188 148 84
188 148 116
188 148 148
188 148 180
188 148 188
188 180 8
188 180 20
188 180 52
188 180 84
188 180 116
188 180 148
188 180 180
188 180 188
188 188 8
188 188 20
188 188 52
188 188 84
188 188 116
188 188 148
188 188 180
188 188 188
