200
80 80 80
80 80 88
80 80 112
80 80 120
80 88 80
80 88 88
80 88 112
80 88 120
80 112 80
80 112 88
80 112 112
80 112 120
80 120 80
80 120 88
80 120 112
80 120 120
88 80 80
88 80 88
88 80 112
88 80 120
88 88 80
88 88 88
88 88 112
88 88 120
88 112 80
88 112 88
88 112 112
88 112 120
88 120 80
88 120 88
88 120 112
88 120 120
112 80 80
112 80 88
112 80 112
112 80 120
112 88 80
112 88 88
112 88 112
112 88 120
112 112 80
112 112 88
112 112 112
112 112 120
112 120 80
112 120 88
112 120 112
112 120 120
120 80 80
120 80 88
120 80 112
120 80 120
120 88 80
120 88 88
120 88 112
120 88 120
120 112 80
120 112 88
120 112 112
120 112 120
120 120 80
120 120 88
120 120 112
120 120 120
