200
2 2 2
2 2 6
2 2 10
2 2 14
2 2 34
2 2 38
2 2 42
2 2 46
2 2 150
2 2 154
2 2 158
2 2 162
2 2 182
2 2 186
2 2 190
2 2 194
2 6 2
2 6 6
2 6 10
2 6 14
2 6 34
2 6 38
2 6 42
2 6 46
2 6 150
2 6 154
2 6 158
2 6 162
2 6 182
2 6 186
2 6 190
2 6 194
2 10 2
2 10 6
2 10 10
2 10 14
2 10 34
2 10 38
2 10 42
2 10 46
2 10 150
2 10 154
2 10 158
2 10 162
2 10 182
2 10 186
2 10 190
2 10 194
2 14 2
2 14 6
2 14 10
2 14 14
2 14 34
2 14 38
2 14 42
2 14 46
2 14 150
2 14 154
2 14 158
2 14 162
2 14 182
2 14 186
2 14 190
2 14 194
2 34 2
2 34 6
2 34 10
2 34 14
2 34 34
2 34 38
2 34 42
2 34 46
2 34 150
2 34 154
2 34 158
2 34 162
2 34 182
2 34 186
2 34 190
2 34 194
2 38 2
2 38 6
2 38 10
2 38 14
2 38 34
2 38 38
2 38 42
2 38 46
2 38 150
2 38 154
2 38 158
2 38 162
2 38 182
2 38 186
2 38 190
2 38 194
2 42 2
2 42 6
2 42 10
2 42 14
2 42 34
2 42 38
2 42 42
2 42 46
2 42 150
2 42 154
2 42 158
2 42 162
2 42 182
2 42 186
2 42 190
2 42 194
2 46 2
2 46 6
2 46 10
2 46 14
2 46 34
2 46 38
2 46 42
2 46 46
2 46 150
2 46 154
2 46 158
2 46 162
2 46 182
2 46 186
2 46 190
2 46 194
2 150 2
2 150 6
2 150 10
2 150 14
2 150 34
2 150 38
2 150 42
2 150 46
2 150 150
2 150 154
2 150 158
2 150 162
2 150 182
2 150 186
2 150 190
2 150 194
2 154 2
2 154 6
2 154 10
2 154 14
2 154 34
2 154 38
2 154 42
2 154 46
2 154 150
2 154 154
2 154 158
2 154 162
2 154 182
2 154 186
2 154 190
2 154 194
2 158 2
2 158 6
2 158 10
2 158 14
2 158 34
2 158 38
2 158 42
2 158 46
2 158 150
2 158 154
2 158 158
2 158 162
2 158 182
2 158 186
2 158 190
2 158 194
2 162 2
2 162 6
2 162 10
2 162 14
2 162 34
2 162 38
2 162 42
2 162 46
2 162 150
2 162 154
2 162 158
2 162 162
2 162 182
2 162 186
2 162 190
2 162 194
2 182 2
2 182 6
2 182 10
2 182 14
2 182 34
2 182 38
2 182 42
2 182 46
2 182 150
2 182 154
2 182 158
2 182 162
2 182 182
2 182 186
2 182 190
2 182 194
2 186 2
2 186 6
2 186 10
2 186 14
2 186 34
2 186 38
2 186 42
2 186 46
2 186 150
2 186 154
2 186 158
2 186 162
2 186 182
2 186 186
2 186 190
2 186 194
2 190 2
2 190 6
2 190 10
2 190 14
2 190 34
2 190 38
2 190 42
2 190 46
2 190 150
2 190 154
2 190 158
2 190 162
2 190 182
2 190 186
2 190 190
2 190 194
2 194 2
2 194 6
2 194 10
2 194 14
2 194 34
2 194 38
2 194 42
2 194 46
2 194 150
2 194 154
2 194 158
2 194 162
2 194 182
2 194 186
2 194 190
2 194 194
6 2 2
6 2 6
6 2 10
6 2 14
6 2 34
6 2 38
6 2 42
6 2 46
6 2 150
6 2 154
6 2 158
6 2 162
6 2 182
6 2 186
6 2 190
6 2 194
6 6 2
6 6 6
6 6 10
6 6 14
6 6 34
6 6 38
6 6 42
6 6 46
6 6 150
6 6 154
6 6 158
6 6 162
6 6 182
6 6 186
6 6 190
6 6 194
6 10 2
6 10 6
6 10 10
6 10 14
6 10 34
6 10 38
6 10 42
6 10 46
6 10 150
6 10 154
6 10 158
6 10 162
6 10 182
6 10 186
6 10 190
6 10 194
6 14 2
6 14 6
6 14 10
6 14 14
6 14 34
6 14 38
6 14 42
6 14 46
6 14 150
6 14 154
6 14 158
6 14 162
6 14 182
6 14 186
6 14 190
6 14 194
6 34 2
6 34 6
6 34 10
6 34 14
6 34 34
6 34 38
6 34 42
6 34 46
6 34 150
6 34 154
6 34 158
6 34 162
6 34 182
6 34 186
6 34 190
6 34 194
6 38 2
6 38 6
6 38 10
6 38 14
6 38 34
6 38 38
6 38 42
6 38 46
6 38 150
6 38 154
6 38 158
6 38 162
6 38 182
6 38 186
6 38 190
6 38 194
6 42 2
6 42 6
6 42 10
6 42 14
6 42 34
6 42 38
6 42 42
6 42 46
6 42 150
6 42 154
6 42 158
6 42 162
6 42 182
6 42 186
6 42 190
6 42 194
6 46 2
6 46 6
6 46 10
6 46 14
6 46 34
6 46 38
6 46 42
6 46 46
6 46 150
6 46 154
6 46 158
6 46 162
6 46 182
6 46 186
6 46 190
6 46 194
6 150 2
6 150 6
6 150 10
6 150 14
6 150 34
6 150 38
6 150 42
6 150 46
6 150 150
6 150 154
6 150 158
6 150 162
6 150 182
6 150 186
6 150 190
6 150 194
6 154 2
6 154 6
6 154 10
6 154 14
6 154 34
6 154 38
6 154 42
6 154 46
6 154 150
6 154 154
6 154 158
6 154 162
6 154 182
6 154 186
6 154 190
6 154 194
6 158 2
6 158 6
6 158 10
6 158 14
6 158 34
6 158 38
6 158 42
6 158 46
6 158 150
6 158 154
6 158 158
6 158 162
6 158 182
6 158 186
6 158 190
6 158 194
6 162 2
6 162 6
6 162 10
6 162 14
6 162 34
6 162 38
6 162 42
6 162 46
6 162 150
6 162 154
6 162 158
6 162 162
6 162 182
6 162 186
6 162 190
6 162 194
6 182 2
6 182 6
6 182 10
6 182 14
6 182 34
6 182 38
6 182 42
6 182 46
6 182 150
6 182 154
6 182 158
6 182 162
6 182 182
6 182 186
6 182 190
6 182 194
6 186 2
6 186 6
6 186 10
6 186 14
6 186 34
6 186 38
6 186 42
6 186 46
6 186 150
6 186 154
6 186 158
6 186 162
6 186 182
6 186 186
6 186 190
6 186 194
6 190 2
6 190 6
6 190 10
6 190 14
6 190 34
6 190 38
6 190 42
6 190 46
6 190 150
6 190 154
6 190 158
6 190 162
6 190 182
6 190 186
6 190 190
6 190 194
6 194 2
6 194 6
6 194 10
6 194 14
6 194 34
6 194 38
6 194 42
6 194 46
6 194 150
6 194 154
6 194 158
6 194 162
6 194 182
6 194 186
6 194 190
6 194 194
10 2 2
10 2 6
10 2 10
10 2 14
10 2 34
10 2 38
10 2 42
10 2 46
10 2 150
10 2 154
10 2 158
10 2 162
10 2 182
10 2 186
10 2 190
10 2 194
10 6 2
10 6 6
10 6 10
10 6 14
10 6 34
10 6 38
10 6 42
10 6 46
10 6 150
10 6 154
10 6 158
10 6 162
10 6 182
10 6 186
10 6 190
10 6 194
10 10 2
10 10 6
10 10 10
10 10 14
10 10 34
10 10 38
10 10 42
10 10 46
10 10 150
10 10 154
10 10 158
10 10 162
10 10 182
10 10 186
10 10 190
10 10 194
10 14 2
10 14 6
10 14 10
10 14 14
10 14 34
10 14 38
10 14 42
10 14 46
10 14 150
10 14 154
10 14 158
10 14 162
10 14 182
10 14 186
10 14 190
10 14 194
10 34 2
10 34 6
10 34 10
10 34 14
10 34 34
10 34 38
10 34 42
10 34 46
10 34 150
10 34 154
10 34 158
10 34 162
10 34 182
10 34 186
10 34 190
10 34 194
10 38 2
10 38 6
10 38 10
10 38 14
10 38 34
10 38 38
10 38 42
10 38 46
10 38 150
10 38 154
10 38 158
10 38 162
10 38 182
10 38 186
10 38 190
10 38 194
10 42 2
10 42 6
10 42 10
10 42 14
10 42 34
10 42 38
10 42 42
10 42 46
10 42 150
10 42 154
10 42 158
10 42 162
10 42 182
10 42 186
10 42 190
10 42 194
10 46 2
10 46 6
10 46 10
10 46 14
10 46 34
10 46 38
10 46 42
10 46 46
10 46 150
10 46 154
10 46 158
10 46 162
10 46 182
10 46 186
10 46 190
10 46 194
10 150 2
10 150 6
10 150 10
10 150 14
10 150 34
10 150 38
10 150 42
10 150 46
10 150 150
10 150 154
10 150 158
10 150 162
10 150 182
10 150 186
10 150 190
10 150 194
10 154 2
10 154 6
10 154 10
10 154 14
10 154 34
10 154 38
10 154 42
10 154 46
10 154 150
10 154 154
10 154 158
10 154 162
10 154 182
10 154 186
10 154 190
10 154 194
10 158 2
10 158 6
10 158 10
10 158 14
10 158 34
10 158 38
10 158 42
10 158 46
10 158 150
10 158 154
10 158 158
10 158 162
10 158 182
10 158 186
10 158 190
10 158 194
10 162 2
10 162 6
10 162 10
10 162 14
10 162 34
10 162 38
10 162 42
10 162 46
10 162 150
10 162 154
10 162 158
10 162 162
10 162 182
10 162 186
10 162 190
10 162 194
10 182 2
10 182 6
10 182 10
10 182 14
10 182 34
10 182 38
10 182 42
10 182 46
10 182 150
10 182 154
10 182 158
10 182 162
10 182 182
10 182 186
10 182 190
10 182 194
10 186 2
10 186 6
10 186 10
10 186 14
10 186 34
10 186 38
10 186 42
10 186 46
10 186 150
10 186 154
10 186 158
10 186 162
10 186 182
10 186 186
10 186 190
10 186 194
10 190 2
10 190 6
10 190 10
10 190 14
10 190 34
10 190 38
10 190 42
10 190 46
10 190 150
10 190 154
10 190 158
10 190 162
10 190 182
10 190 186
10 190 190
10 190 194
10 194 2
10 194 6
10 194 10
10 194 14
10 194 34
10 194 38
10 194 42
10 194 46
10 194 150
10 194 154
10 194 158
10 194 162
10 194 182
10 194 186
10 194 190
10 194 194
14 2 2
14 2 6
14 2 10
14 2 14
14 2 34
14 2 38
14 2 42
14 2 46
14 2 150
14 2 154
14 2 158
14 2 162
14 2 182
14 2 186
14 2 190
14 2 194
14 6 2
14 6 6
14 6 10
14 6 14
14 6 34
14 6 38
14 6 42
14 6 46
14 6 150
14 6 154
14 6 158
14 6 162
14 6 182
14 6 186
14 6 190
14 6 194
14 10 2
14 10 6
14 10 10
14 10 14
14 10 34
14 10 38
14 10 42
14 10 46
14 10 150
14 10 154
14 10 158
14 10 162
14 10 182
14 10 186
14 10 190
14 10 194
14 14 2
14 14 6
14 14 10
14 14 14
14 14 34
14 14 38
14 14 42
14 14 46
14 14 150
14 14 154
14 14 158
14 14 162
14 14 182
14 14 186
14 14 190
14 14 194
14 34 2
14 34 6
14 34 10
14 34 14
14 34 34
14 34 38
14 34 42
14 34 46
14 34 150
14 34 154
14 34 158
14 34 162
14 34 182
14 34 186
14 34 190
14 34 194
14 38 2
14 38 6
14 38 10
14 38 14
14 38 34
14 38 38
14 38 42
14 38 46
14 38 150
14 38 154
14 38 158
14 38 162
14 38 182
14 38 186
14 38 190
14 38 194
14 42 2
14 42 6
14 42 10
14 42 14
14 42 34
14 42 38
14 42 42
14 42 46
14 42 150
14 42 154
14 42 158
14 42 162
14 42 182
14 42 186
14 42 190
14 42 194
14 46 2
14 46 6
14 46 10
14 46 14
14 46 34
14 46 38
14 46 42
14 46 46
14 46 150
14 46 154
14 46 158
14 46 162
14 46 182
14 46 186
14 46 190
14 46 194
14 150 2
14 150 6
14 150 10
14 150 14
14 150 34
14 150 38
14 150 42
14 150 46
14 150 150
14 150 154
14 150 158
14 150 162
14 150 182
14 150 186
14 150 190
14 150 194
14 154 2
14 154 6
14 154 10
14 154 14
14 154 34
14 154 38
14 154 42
14 154 46
14 154 150
14 154 154
14 154 158
14 154 162
14 154 182
14 154 186
14 154 190
14 154 194
14 158 2
14 158 6
14 158 10
14 158 14
14 158 34
14 158 38
14 158 42
14 158 46
14 158 150
14 158 154
14 158 158
14 158 162
14 158 182
14 158 186
14 158 190
14 158 194
14 162 2
14 162 6
14 162 10
14 162 14
14 162 34
14 162 38
14 162 42
14 162 46
14 162 150
14 162 154
14 162 158
14 162 162
14 162 182
14 162 186
14 162 190
14 162 194
14 182 2
14 182 6
14 182 10
14 182 14
14 182 34
14 182 38
14 182 42
14 182 46
14 182 150
14 182 154
14 182 158
14 182 162
14 182 182
14 182 186
14 182 190
14 182 194
14 186 2
14 186 6
14 186 10
14 186 14
14 186 34
14 186 38
14 186 42
14 186 46
14 186 150
14 186 154
14 186 158
14 186 162
14 186 182
14 186 186
14 186 190
14 186 194
14 190 2
14 190 6
14 190 10
14 190 14
14 190 34
14 190 38
14 190 42
14 190 46
14 190 150
14 190 154
14 190 158
14 190 162
14 190 182
14 190 186
14 190 190
14 190 194
14 194 2
14 194 6
14 194 10
14 194 14
14 194 34
14 194 38
14 194 42
14 194 46
14 194 150
14 194 154
14 194 158
14 194 162
14 194 182
14 194 186
14 194 190
14 194 194
34 2 2
34 2 6
34 2 10
34 2 14
34 2 34
34 2 38
34 2 42
34 2 46
34 2 150
34 2 154
34 2 158
34 2 162
34 2 182
34 2 186
34 2 190
34 2 194
34 6 2
34 6 6
34 6 10
34 6 14
34 6 34
34 6 38
34 6 42
34 6 46
34 6 150
34 6 154
34 6 158
34 6 162
34 6 182
34 6 186
34 6 190
34 6 194
34 10 2
34 10 6
34 10 10
34 10 14
34 10 34
34 10 38
34 10 42
34 10 46
34 10 150
34 10 154
34 10 158
34 10 162
34 10 182
34 10 186
34 10 190
34 10 194
34 14 2
34 14 6
34 14 10
34 14 14
34 14 34
34 14 38
34 14 42
34 14 46
34 14 150
34 14 154
34 14 158
34 14 162
34 14 182
34 14 186
34 14 190
34 14 194
34 34 2
34 34 6
34 34 10
34 34 14
34 34 34
34 34 38
34 34 42
34 34 46
34 34 150
34 34 154
34 34 158
34 34 162
34 34 182
34 34 186
34 34 190
34 34 194
34 38 2
34 38 6
34 38 10
34 38 14
34 38 34
34 38 38
34 38 42
34 38 46
34 38 150
34 38 154
34 38 158
34 38 162
34 38 182
34 38 186
34 38 190
34 38 194
34 42 2
34 42 6
34 42 10
34 42 14
34 42 34
34 42 38
34 42 42
34 42 46
34 42 150
34 42 154
34 42 158
34 42 162
34 42 182
34 42 186
34 42 190
34 42 194
34 46 2
34 46 6
34 46 10
34 46 14
34 46 34
34 46 38
34 46 42
34 46 46
34 46 150
34 46 154
34 46 158
34 46 162
34 46 182
34 46 186
34 46 190
34 46 194
34 150 2
34 150 6
34 150 10
34 150 14
34 150 34
34 150 38
34 150 42
34 150 46
34 150 150
34 150 154
34 150 158
34 150 162
34 150 182
34 150 186
34 150 190
34 150 194
34 154 2
34 154 6
34 154 10
34 154 14
34 154 34
34 154 38
34 154 42
34 154 46
34 154 150
34 154 154
34 154 158
34 154 162
34 154 182
34 154 186
34 154 190
34 154 194
34 158 2
34 158 6
34 158 10
34 158 14
34 158 34
34 158 38
34 158 42
34 158 46
34 158 150
34 158 154
34 158 158
34 158 162
34 158 182
34 158 186
34 158 190
34 158 194
34 162 2
34 162 6
34 162 10
34 162 14
34 162 34
34 162 38
34 162 42
34 162 46
34 162 150
34 162 154
34 162 158
34 162 162
34 162 182
34 162 186
34 162 190
34 162 194
34 182 2
34 182 6
34 182 10
34 182 14
34 182 34
34 182 38
34 182 42
34 182 46
34 182 150
34 182 154
34 182 158
34 182 162
34 182 182
34 182 186
34 182 190
34 182 194
34 186 2
34 186 6
34 186 10
34 186 14
34 186 34
34 186 38
34 186 42
34 186 46
34 186 150
34 186 154
34 186 158
34 186 162
34 186 182
34 186 186
34 186 190
34 186 194
34 190 2
34 190 6
34 190 10
34 190 14
34 190 34
34 190 38
34 190 42
34 190 46
34 190 150
34 190 154
34 190 158
34 190 162
34 190 182
34 190 186
34 190 190
34 190 194
34 194 2
34 194 6
34 194 10
34 194 14
34 194 34
34 194 38
34 194 42
34 194 46
34 194 150
34 194 154
34 194 158
34 194 162
34 194 182
34 194 186
34 194 190
34 194 194
38 2 2
38 2 6
38 2 10
38 2 14
38 2 34
38 2 38
38 2 42
38 2 46
38 2 150
38 2 154
38 2 158
38 2 162
38 2 182
38 2 186
38 2 190
38 2 194
38 6 2
38 6 6
38 6 10
38 6 14
38 6 34
38 6 38
38 6 42
38 6 46
38 6 150
38 6 154
38 6 158
38 6 162
38 6 182
38 6 186
38 6 190
38 6 194
38 10 2
38 10 6
38 10 10
38 10 14
38 10 34
38 10 38
38 10 42
38 10 46
38 10 150
38 10 154
38 10 158
38 10 162
38 10 182
38 10 186
38 10 190
38 10 194
38 14 2
38 14 6
38 14 10
38 14 14
38 14 34
38 14 38
38 14 42
38 14 46
38 14 150
38 14 154
38 14 158
38 14 162
38 14 182
38 14 186
38 14 190
38 14 194
38 34 2
38 34 6
38 34 10
38 34 14
38 34 34
38 34 38
38 34 42
38 34 46
38 34 150
38 34 154
38 34 158
38 34 162
38 34 182
38 34 186
38 34 190
38 34 194
38 38 2
38 38 6
38 38 10
38 38 14
38 38 34
38 38 38
38 38 42
38 38 46
38 38 150
38 38 154
38 38 158
38 38 162
38 38 182
38 38 186
38 38 190
38 38 194
38 42 2
38 42 6
38 42 10
38 42 14
38 42 34
38 42 38
38 42 42
38 42 46
38 42 150
38 42 154
38 42 158
38 42 162
38 42 182
38 42 186
38 42 190
38 42 194
38 46 2
38 46 6
38 46 10
38 46 14
38 46 34
38 46 38
38 46 42
38 46 46
38 46 150
38 46 154
38 46 158
38 46 162
38 46 182
38 46 186
38 46 190
38 46 194
38 150 2
38 150 6
38 150 10
38 150 14
38 150 34
38 150 38
38 150 42
38 150 46
38 150 150
38 150 154
38 150 158
38 150 162
38 150 182
38 150 186
38 150 190
38 150 194
38 154 2
38 154 6
38 154 10
38 154 14
38 154 34
38 154 38
38 154 42
38 154 46
38 154 150
38 154 154
38 154 158
38 154 162
38 154 182
38 154 186
38 154 190
38 154 194
38 158 2
38 158 6
38 158 10
38 158 14
38 158 34
38 158 38
38 158 42
38 158 46
38 158 150
38 158 154
38 158 158
38 158 162
38 158 182
38 158 186
38 158 190
38 158 194
38 162 2
38 162 6
38 162 10
38 162 14
38 162 34
38 162 38
38 162 42
38 162 46
38 162 150
38 162 154
38 162 158
38 162 162
38 162 182
38 162 186
38 162 190
38 162 194
38 182 2
38 182 6
38 182 10
38 182 14
38 182 34
38 182 38
38 182 42
38 182 46
38 182 150
38 182 154
38 182 158
38 182 162
38 182 182
38 182 186
38 182 190
38 182 194
38 186 2
38 186 6
38 186 10
38 186 14
38 186 34
38 186 38
38 186 42
38 186 46
38 186 150
38 186 154
38 186 158
38 186 162
38 186 182
38 186 186
38 186 190
38 186 194
38 190 2
38 190 6
38 190 10
38 190 14
38 190 34
38 190 38
38 190 42
38 190 46
38 190 150
38 190 154
38 190 158
38 190 162
38 190 182
38 190 186
38 190 190
38 190 194
38 194 2
38 194 6
38 194 10
38 194 14
38 194 34
38 194 38
38 194 42
38 194 46
38 194 150
38 194 154
38 194 158
38 194 162
38 194 182
38 194 186
38 194 190
38 194 194
42 2 2
42 2 6
42 2 10
42 2 14
42 2 34
42 2 38
42 2 42
42 2 46
42 2 150
42 2 154
42 2 158
42 2 162
42 2 182
42 2 186
42 2 190
42 2 194
42 6 2
42 6 6
42 6 10
42 6 14
42 6 34
42 6 38
42 6 42
42 6 46
42 6 150
42 6 154
42 6 158
42 6 162
42 6 182
42 6 186
42 6 190
42 6 194
42 10 2
42 10 6
42 10 10
42 10 14
42 10 34
42 10 38
42 10 42
42 10 46
42 10 150
42 10 154
42 10 158
42 10 162
42 10 182
42 10 186
42 10 190
42 10 194
42 14 2
42 14 6
42 14 10
42 14 14
42 14 34
42 14 38
42 14 42
42 14 46
42 14 150
42 14 154
42 14 158
42 14 162
42 14 182
42 14 186
42 14 190
42 14 194
42 34 2
42 34 6
42 34 10
42 34 14
42 34 34
42 34 38
42 34 42
42 34 46
42 34 150
42 34 154
42 34 158
42 34 162
42 34 182
42 34 186
42 34 190
42 34 194
42 38 2
42 38 6
42 38 10
42 38 14
42 38 34
42 38 38
42 38 42
42 38 46
42 38 150
42 38 154
42 38 158
42 38 162
42 38 182
42 38 186
42 38 190
42 38 194
42 42 2
42 42 6
42 42 10
42 42 14
42 42 34
42 42 38
42 42 42
42 42 46
42 42 150
42 42 154
42 42 158
42 42 162
42 42 182
42 42 186
42 42 190
42 42 194
42 46 2
42 46 6
42 46 10
42 46 14
42 46 34
42 46 38
42 46 42
42 46 46
42 46 150
42 46 154
42 46 158
42 46 162
42 46 182
42 46 186
42 46 190
42 46 194
42 150 2
42 150 6
42 150 10
42 150 14
42 150 34
42 150 38
42 150 42
42 150 46
42 150 150
42 150 154
42 150 158
42 150 162
42 150 182
42 150 186
42 150 190
42 150 194
42 154 2
42 154 6
42 154 10
42 154 14
42 154 34
42 154 38
42 154 42
42 154 46
42 154 150
42 154 154
42 154 158
42 154 162
42 154 182
42 154 186
42 154 190
42 154 194
42 158 2
42 158 6
42 158 10
42 158 14
42 158 34
42 158 38
42 158 42
42 158 46
42 158 150
42 158 154
42 158 158
42 158 162
42 158 182
42 158 186
42 158 190
42 158 194
42 162 2
42 162 6
42 162 10
42 162 14
42 162 34
42 162 38
42 162 42
42 162 46
42 162 150
42 162 154
42 162 158
42 162 162
42 162 182
42 162 186
42 162 190
42 162 194
42 182 2
42 182 6
42 182 10
42 182 14
42 182 34
42 182 38
42 182 42
42 182 46
42 182 150
42 182 154
42 182 158
42 182 162
42 182 182
42 182 186
42 182 190
42 182 194
42 186 2
42 186 6
42 186 10
42 186 14
42 186 34
42 186 38
42 186 42
42 186 46
42 186 150
42 186 154
42 186 158
42 186 162
42 186 182
42 186 186
42 186 190
42 186 194
42 190 2
42 190 6
42 190 10
42 190 14
42 190 34
42 190 38
42 190 42
42 190 46
42 190 150
42 190 154
42 190 158
42 190 162
42 190 182
42 190 186
42 190 190
42 190 194
42 194 2
42 194 6
42 194 10
42 194 14
42 194 34
42 194 38
42 194 42
42 194 46
42 194 150
42 194 154
42 194 158
42 194 162
42 194 182
42 194 186
42 194 190
42 194 194
46 2 2
46 2 6
46 2 10
46 2 14
46 2 34
46 2 38
46 2 42
46 2 46
46 2 150
46 2 154
46 2 158
46 2 162
46 2 182
46 2 186
46 2 190
46 2 194
46 6 2
46 6 6
46 6 10
46 6 14
46 6 34
46 6 38
46 6 42
46 6 46
46 6 150
46 6 154
46 6 158
46 6 162
46 6 182
46 6 186
46 6 190
46 6 194
46 10 2
46 10 6
46 10 10
46 10 14
46 10 34
46 10 38
46 10 42
46 10 46
46 10 150
46 10 154
46 10 158
46 10 162
46 10 182
46 10 186
46 10 190
46 10 194
46 14 2
46 14 6
46 14 10
46 14 14
46 14 34
46 14 38
46 14 42
46 14 46
46 14 150
46 14 154
46 14 158
46 14 162
46 14 182
46 14 186
46 14 190
46 14 194
46 34 2
46 34 6
46 34 10
46 34 14
46 34 34
46 34 38
46 34 42
46 34 46
46 34 150
46 34 154
46 34 158
46 34 162
46 34 182
46 34 186
46 34 190
46 34 194
46 38 2
46 38 6
46 38 10
46 38 14
46 38 34
46 38 38
46 38 42
46 38 46
46 38 150
46 38 154
46 38 158
46 38 162
46 38 182
46 38 186
46 38 190
46 38 194
46 42 2
46 42 6
46 42 10
46 42 14
46 42 34
46 42 38
46 42 42
46 42 46
46 42 150
46 42 154
46 42 158
46 42 162
46 42 182
46 42 186
46 42 190
46 42 194
46 46 2
46 46 6
46 46 10
46 46 14
46 46 34
46 46 38
46 46 42
46 46 46
46 46 150
46 46 154
46 46 158
46 46 162
46 46 182
46 46 186
46 46 190
46 46 194
46 150 2
46 150 6
46 150 10
46 150 14
46 150 34
46 150 38
46 150 42
46 150 46
46 150 150
46 150 154
46 150 158
46 150 162
46 150 182
46 150 186
46 150 190
46 150 194
46 154 2
46 154 6
46 154 10
46 154 14
46 154 34
46 154 38
46 154 42
46 154 46
46 154 150
46 154 154
46 154 158
46 154 162
46 154 182
46 154 186
46 154 190
46 154 194
46 158 2
46 158 6
46 158 10
46 158 14
46 158 34
46 158 38
46 158 42
46 158 46
46 158 150
46 158 154
46 158 158
46 158 162
46 158 182
46 158 186
46 158 190
46 158 194
46 162 2
46 162 6
46 162 10
46 162 14
46 162 34
46 162 38
46 162 42
46 162 46
46 162 150
46 162 154
46 162 158
46 162 162
46 162 182
46 162 186
46 162 190
46 162 194
46 182 2
46 182 6
46 182 10
46 182 14
46 182 34
46 182 38
46 182 42
46 182 46
46 182 150
46 182 154
46 182 158
46 182 162
46 182 182
46 182 186
46 182 190
46 182 194
46 186 2
46 186 6
46 186 10
46 186 14
46 186 34
46 186 38
46 186 42
46 186 46
46 186 150
46 186 154
46 186 158
46 186 162
46 186 182
46 186 186
46 186 190
46 186 194
46 190 2
46 190 6
46 190 10
46 190 14
46 190 34
46 190 38
46 190 42
46 190 46
46 190 150
46 190 154
46 190 158
46 190 162
46 190 182
46 190 186
46 190 190
46 190 194
46 194 2
46 194 6
46 194 10
46 194 14
46 194 34
46 194 38
46 194 42
46 194 46
46 194 150
46 194 154
46 194 158
46 194 162
46 194 182
46 194 186
46 194 190
46 194 194
150 2 2
150 2 6
150 2 10
150 2 14
150 2 34
150 2 38
150 2 42
150 2 46
150 2 150
150 2 154
150 2 158
150 2 162
150 2 182
150 2 186
150 2 190
150 2 194
150 6 2
150 6 6
150 6 10
150 6 14
150 6 34
150 6 38
150 6 42
150 6 46
150 6 150
150 6 154
150 6 158
150 6 162
150 6 182
150 6 186
150 6 190
150 6 194
150 10 2
150 10 6
150 10 10
150 10 14
150 10 34
150 10 38
150 10 42
150 10 46
150 10 150
150 10 154
150 10 158
150 10 162
150 10 182
150 10 186
150 10 190
150 10 194
150 14 2
150 14 6
150 14 10
150 14 14
150 14 34
150 14 38
150 14 42
150 14 46
150 14 150
150 14 154
150 14 158
150 14 162
150 14 182
150 14 186
150 14 190
150 14 194
150 34 2
150 34 6
150 34 10
150 34 14
150 34 34
150 34 38
150 34 42
150 34 46
150 34 150
150 34 154
150 34 158
150 34 162
150 34 182
150 34 186
150 34 190
150 34 194
150 38 2
150 38 6
150 38 10
150 38 14
150 38 34
150 38 38
150 38 42
150 38 46
150 38 150
150 38 154
150 38 158
150 38 162
150 38 182
150 38 186
150 38 190
150 38 194
150 42 2
150 42 6
150 42 10
150 42 14
150 42 34
150 42 38
150 42 42
150 42 46
150 42 150
150 42 154
150 42 158
150 42 162
150 42 182
150 42 186
150 42 190
150 42 194
150 46 2
150 46 6
150 46 10
150 46 14
150 46 34
150 46 38
150 46 42
150 46 46
150 46 150
150 46 154
150 46 158
150 46 162
150 46 182
150 46 186
150 46 190
150 46 194
150 150 2
150 150 6
150 150 10
150 150 14
150 150 34
150 150 38
150 150 42
150 150 46
150 150 150
150 150 154
150 150 158
150 150 162
150 150 182
150 150 186
150 150 190
150 150 194
150 154 2
150 154 6
150 154 10
150 154 14
150 154 34
150 154 38
150 154 42
150 154 46
150 154 150
150 154 154
150 154 158
150 154 162
150 154 182
150 154 186
150 154 190
150 154 194
150 158 2
150 158 6
150 158 10
150 158 14
150 158 34
150 158 38
150 158 42
150 158 46
150 158 150
150 158 154
150 158 158
150 158 162
150 158 182
150 158 186
150 158 190
150 158 194
150 162 2
150 162 6
150 162 10
150 162 14
150 162 34
150 162 38
150 162 42
150 162 46
150 162 150
150 162 154
150 162 158
150 162 162
150 162 182
150 162 186
150 162 190
150 162 194
150 182 2
150 182 6
150 182 10
150 182 14
150 182 34
150 182 38
150 182 42
150 182 46
150 182 150
150 182 154
150 182 158
150 182 162
150 182 182
150 182 186
150 182 190
150 182 194
150 186 2
150 186 6
150 186 10
150 186 14
150 186 34
150 186 38
150 186 42
150 186 46
150 186 150
150 186 154
150 186 158
150 186 162
150 186 182
150 186 186
150 186 190
150 186 194
150 190 2
150 190 6
150 190 10
150 190 14
150 190 34
150 190 38
150 190 42
150 190 46
150 190 150
150 190 154
150 190 158
150 190 162
150 190 182
150 190 186
150 190 190
150 190 194
150 194 2
150 194 6
150 194 10
150 194 14
150 194 34
150 194 38
150 194 42
150 194 46
150 194 150
150 194 154
150 194 158
150 194 162
150 194 182
150 194 186
150 194 190
150 194 194
154 2 2
154 2 6
154 2 10
154 2 14
154 2 34
154 2 38
154 2 42
154 2 46
154 2 150
154 2 154
154 2 158
154 2 162
154 2 182
154 2 186
154 2 190
154 2 194
154 6 2
154 6 6
154 6 10
154 6 14
154 6 34
154 6 38
154 6 42
154 6 46
154 6 150
154 6 154
154 6 158
154 6 162
154 6 182
154 6 186
154 6 190
154 6 194
154 10 2
154 10 6
154 10 10
154 10 14
154 10 34
154 10 38
154 10 42
154 10 46
154 10 150
154 10 154
154 10 158
154 10 162
154 10 182
154 10 186
154 10 190
154 10 194
154 14 2
154 14 6
154 14 10
154 14 14
154 14 34
154 14 38
154 14 42
154 14 46
154 14 150
154 14 154
154 14 158
154 14 162
154 14 182
154 14 186
154 14 190
154 14 194
154 34 2
154 34 6
154 34 10
154 34 14
154 34 34
154 34 38
154 34 42
154 34 46
154 34 150
154 34 154
154 34 158
154 34 162
154 34 182
154 34 186
154 34 190
154 34 194
154 38 2
154 38 6
154 38 10
154 38 14
154 38 34
154 38 38
154 38 42
154 38 46
154 38 150
154 38 154
154 38 158
154 38 162
154 38 182
154 38 186
154 38 190
154 38 194
154 42 2
154 42 6
154 42 10
154 42 14
154 42 34
154 42 38
154 42 42
154 42 46
154 42 150
154 42 154
154 42 158
154 42 162
154 42 182
154 42 186
154 42 190
154 42 194
154 46 2
154 46 6
154 46 10
154 46 14
154 46 34
154 46 38
154 46 42
154 46 46
154 46 150
154 46 154
154 46 158
154 46 162
154 46 182
154 46 186
154 46 190
154 46 194
154 150 2
154 150 6
154 150 10
154 150 14
154 150 34
154 150 38
154 150 42
154 150 46
154 150 150
154 150 154
154 150 158
154 150 162
154 150 182
154 150 186
154 150 190
154 150 194
154 154 2
154 154 6
154 154 10
154 154 14
154 154 34
154 154 38
154 154 42
154 154 46
154 154 150
154 154 154
154 154 158
154 154 162
154 154 182
154 154 186
154 154 190
154 154 194
154 158 2
154 158 6
154 158 10
154 158 14
154 158 34
154 158 38
154 158 42
154 158 46
154 158 150
154 158 154
154 158 158
154 158 162
154 158 182
154 158 186
154 158 190
154 158 194
154 162 2
154 162 6
154 162 10
154 162 14
154 162 34
154 162 38
154 162 42
154 162 46
154 162 150
154 162 154
154 162 158
154 162 162
154 162 182
154 162 186
154 162 190
154 162 194
154 182 2
154 182 6
154 182 10
154 182 14
154 182 34
154 182 38
154 182 42
154 182 46
154 182 150
154 182 154
154 182 158
154 182 162
154 182 182
154 182 186
154 182 190
154 182 194
154 186 2
154 186 6
154 186 10
154 186 14
154 186 34
154 186 38
154 186 42
154 186 46
154 186 150
154 186 154
154 186 158
154 186 162
154 186 182
154 186 186
154 186 190
154 186 194
154 190 2
154 190 6
154 190 10
154 190 14
154 190 34
154 190 38
154 190 42
154 190 46
154 190 150
154 190 154
154 190 158
154 190 162
154 190 182
154 190 186
154 190 190
154 190 194
154 194 2
154 194 6
154 194 10
154 194 14
154 194 34
154 194 38
154 194 42
154 194 46
154 194 150
154 194 154
154 194 158
154 194 162
154 194 182
154 194 186
154 194 190
154 194 194
158 2 2
158 2 6
158 2 10
158 2 14
158 2 34
158 2 38
158 2 42
158 2 46
158 2 150
158 2 154
158 2 158
158 2 162
158 2 182
158 2 186
158 2 190
158 2 194
158 6 2
158 6 6
158 6 10
158 6 14
158 6 34
158 6 38
158 6 42
158 6 46
158 6 150
158 6 154
158 6 158
158 6 162
158 6 182
158 6 186
158 6 190
158 6 194
158 10 2
158 10 6
158 10 10
158 10 14
158 10 34
158 10 38
158 10 42
158 10 46
158 10 150
158 10 154
158 10 158
158 10 162
158 10 182
158 10 186
158 10 190
158 10 194
158 14 2
158 14 6
158 14 10
158 14 14
158 14 34
158 14 38
158 14 42
158 14 46
158 14 150
158 14 154
158 14 158
158 14 162
158 14 182
158 14 186
158 14 190
158 14 194
158 34 2
158 34 6
158 34 10
158 34 14
158 34 34
158 34 38
158 34 42
158 34 46
158 34 150
158 34 154
158 34 158
158 34 162
158 34 182
158 34 186
158 34 190
158 34 194
158 38 2
158 38 6
158 38 10
158 38 14
158 38 34
158 38 38
158 38 42
158 38 46
158 38 150
158 38 154
158 38 158
158 38 162
158 38 182
158 38 186
158 38 190
158 38 194
158 42 2
158 42 6
158 42 10
158 42 14
158 42 34
158 42 38
158 42 42
158 42 46
158 42 150
158 42 154
158 42 158
158 42 162
158 42 182
158 42 186
158 42 190
158 42 194
158 46 2
158 46 6
158 46 10
158 46 14
158 46 34
158 46 38
158 46 42
158 46 46
158 46 150
158 46 154
158 46 158
158 46 162
158 46 182
158 46 186
158 46 190
158 46 194
158 150 2
158 150 6
158 150 10
158 150 14
158 150 34
158 150 38
158 150 42
158 150 46
158 150 150
158 150 154
158 150 158
158 150 162
158 150 182
158 150 186
158 150 190
158 150 194
158 154 2
158 154 6
158 154 10
158 154 14
158 154 34
158 154 38
158 154 42
158 154 46
158 154 150
158 154 154
158 154 158
158 154 162
158 154 182
158 154 186
158 154 190
158 154 194
158 158 2
158 158 6
158 158 10
158 158 14
158 158 34
158 158 38
158 158 42
158 158 46
158 158 150
158 158 154
158 158 158
158 158 162
158 158 182
158 158 186
158 158 190
158 158 194
158 162 2
158 162 6
158 162 10
158 162 14
158 162 34
158 162 38
158 162 42
158 162 46
158 162 150
158 162 154
158 162 158
158 162 162
158 162 182
158 162 186
158 162 190
158 162 194
158 182 2
158 182 6
158 182 10
158 182 14
158 182 34
158 182 38
158 182 42
158 182 46
158 182 150
158 182 154
158 182 158
158 182 162
158 182 182
158 182 186
158 182 190
158 182 194
158 186 2
158 186 6
158 186 10
158 186 14
158 186 34
158 186 38
158 186 42
158 186 46
158 186 150
158 186 154
158 186 158
158 186 162
158 186 182
158 186 186
158 186 190
158 186 194
158 190 2
158 190 6
158 190 10
158 190 14
158 190 34
158 190 38
158 190 42
158 190 46
158 190 150
158 190 154
158 190 158
158 190 162
158 190 182
158 190 186
158 190 190
158 190 194
158 194 2
158 194 6
158 194 10
158 194 14
158 194 34
158 194 38
158 194 42
158 194 46
158 194 150
158 194 154
158 194 158
158 194 162
158 194 182
158 194 186
158 194 190
158 194 194
162 2 2
162 2 6
162 2 10
162 2 14
162 2 34
162 2 38
162 2 42
162 2 46
162 2 150
162 2 154
162 2 158
162 2 162
162 2 182
162 2 186
162 2 190
162 2 194
162 6 2
162 6 6
162 6 10
162 6 14
162 6 34
162 6 38
162 6 42
162 6 46
162 6 150
162 6 154
162 6 158
162 6 162
162 6 182
162 6 186
162 6 190
162 6 194
162 10 2
162 10 6
162 10 10
162 10 14
162 10 34
162 10 38
162 10 42
162 10 46
162 10 150
162 10 154
162 10 158
162 10 162
162 10 182
162 10 186
162 10 190
162 10 194
162 14 2
162 14 6
162 14 10
162 14 14
162 14 34
162 14 38
162 14 42
162 14 46
162 14 150
162 14 154
162 14 158
162 14 162
162 14 182
162 14 186
162 14 190
162 14 194
162 34 2
162 34 6
162 34 10
162 34 14
162 34 34
162 34 38
162 34 42
162 34 46
162 34 150
162 34 154
162 34 158
162 34 162
162 34 182
162 34 186
162 34 190
162 34 194
162 38 2
162 38 6
162 38 10
162 38 14
162 38 34
162 38 38
162 38 42
162 38 46
162 38 150
162 38 154
162 38 158
162 38 162
162 38 182
162 38 186
162 38 190
162 38 194
162 42 2
162 42 6
162 42 10
162 42 14
162 42 34
162 42 38
162 42 42
162 42 46
162 42 150
162 42 154
162 42 158
162 42 162
162 42 182
162 42 186
162 42 190
162 42 194
162 46 2
162 46 6
162 46 10
162 46 14
162 46 34
162 46 38
162 46 42
162 46 46
162 46 150
162 46 154
162 46 158
162 46 162
162 46 182
162 46 186
162 46 190
162 46 194
162 150 2
162 150 6
162 150 10
162 150 14
162 150 34
162 150 38
162 150 42
162 150 46
162 150 150
162 150 154
162 150 158
162 150 162
162 150 182
162 150 186
162 150 190
162 150 194
162 154 2
162 154 6
162 154 10
162 154 14
162 154 34
162 154 38
162 154 42
162 154 46
162 154 150
162 154 154
162 154 158
162 154 162
162 154 182
162 154 186
162 154 190
162 154 194
162 158 2
162 158 6
162 158 10
162 158 14
162 158 34
162 158 38
162 158 42
162 158 46
162 158 150
162 158 154
162 158 158
162 158 162
162 158 182
162 158 186
162 158 190
162 158 194
162 162 2
162 162 6
162 162 10
162 162 14
162 162 34
162 162 38
162 162 42
162 162 46
162 162 150
162 162 154
162 162 158
162 162 162
162 162 182
162 162 186
162 162 190
162 162 194
162 182 2
162 182 6
162 182 10
162 182 14
162 182 34
162 182 38
162 182 42
162 182 46
162 182 150
162 182 154
162 182 158
162 182 162
162 182 182
162 182 186
162 182 190
162 182 194
162 186 2
162 186 6
162 186 10
162 186 14
162 186 34
162 186 38
162 186 42
162 186 46
162 186 150
162 186 154
162 186 158
162 186 162
162 186 182
162 186 186
162 186 190
162 186 194
162 190 2
162 190 6
162 190 10
162 190 14
162 190 34
162 190 38
162 190 42
162 190 46
162 190 150
162 190 154
162 190 158
162 190 162
162 190 182
162 190 186
162 190 190
162 190 194
162 194 2
162 194 6
162 194 10
162 194 14
162 194 34
162 194 38
162 194 42
162 194 46
162 194 150
162 194 154
162 194 158
162 194 162
162 194 182
162 194 186
162 194 190
162 194 194
182 2 2
182 2 6
182 2 10
182 2 14
182 2 34
182 2 38
182 2 42
182 2 46
182 2 150
182 2 154
182 2 158
182 2 162
182 2 182
182 2 186
182 2 190
182 2 194
182 6 2
182 6 6
182 6 10
182 6 14
182 6 34
182 6 38
182 6 42
182 6 46
182 6 150
182 6 154
182 6 158
182 6 162
182 6 182
182 6 186
182 6 190
182 6 194
182 10 2
182 10 6
182 10 10
182 10 14
182 10 34
182 10 38
182 10 42
182 10 46
182 10 150
182 10 154
182 10 158
182 10 162
182 10 182
182 10 186
182 10 190
182 10 194
182 14 2
182 14 6
182 14 10
182 14 14
182 14 34
182 14 38
182 14 42
182 14 46
182 14 150
182 14 154
182 14 158
182 14 162
182 14 182
182 14 186
182 14 190
182 14 194
182 34 2
182 34 6
182 34 10
182 34 14
182 34 34
182 34 38
182 34 42
182 34 46
182 34 150
182 34 154
182 34 158
182 34 162
182 34 182
182 34 186
182 34 190
182 34 194
182 38 2
182 38 6
182 38 10
182 38 14
182 38 34
182 38 38
182 38 42
182 38 46
182 38 150
182 38 154
182 38 158
182 38 162
182 38 182
182 38 186
182 38 190
182 38 194
182 42 2
182 42 6
182 42 10
182 42 14
182 42 34
182 42 38
182 42 42
182 42 46
182 42 150
182 42 154
182 42 158
182 42 162
182 42 182
182 42 186
182 42 190
182 42 194
182 46 2
182 46 6
182 46 10
182 46 14
182 46 34
182 46 38
182 46 42
182 46 46
182 46 150
182 46 154
182 46 158
182 46 162
182 46 182
182 46 186
182 46 190
182 46 194
182 150 2
182 150 6
182 150 10
182 150 14
182 150 34
182 150 38
182 150 42
182 150 46
182 150 150
182 150 154
182 150 158
182 150 162
182 150 182
182 150 186
182 150 190
182 150 194
182 154 2
182 154 6
182 154 10
182 154 14
182 154 34
182 154 38
182 154 42
182 154 46
182 154 150
182 154 154
182 154 158
182 154 162
182 154 182
182 154 186
182 154 190
182 154 194
182 158 2
182 158 6
182 158 10
182 158 14
182 158 34
182 158 38
182 158 42
182 158 46
182 158 150
182 158 154
182 158 158
182 158 162
182 158 182
182 158 186
182 158 190
182 158 194
182 162 2
182 162 6
182 162 10
182 162 14
182 162 34
182 162 38
182 162 42
182 162 46
182 162 150
182 162 154
182 162 158
182 162 162
182 162 182
182 162 186
182 162 190
182 162 194
182 182 2
182 182 6
182 182 10
182 182 14
182 182 34
182 182 38
182 182 42
182 182 46
182 182 150
182 182 154
182 182 158
182 182 162
182 182 182
182 182 186
182 182 190
182 182 194
182 186 2
182 186 6
182 186 10
182 186 14
182 186 34
182 186 38
182 186 42
182 186 46
182 186 150
182 186 154
182 186 158
182 186 162
182 186 182
182 186 186
182 186 190
182 186 194
182 190 2
182 190 6
182 190 10
182 190 14
182 190 34
182 190 38
182 190 42
182 190 46
182 190 150
182 190 154
182 190 158
182 190 162
182 190 182
182 190 186
182 190 190
182 190 194
182 194 2
182 194 6
182 194 10
182 194 14
182 194 34
182 194 38
182 194 42
182 194 46
182 194 150
182 194 154
182 194 158
182 194 162
182 194 182
182 194 186
182 194 190
182 194 194
186 2 2
186 2 6
186 2 10
186 2 14
186 2 34
186 2 38
186 2 42
186 2 46
186 2 150
186 2 154
186 2 158
186 2 162
186 2 182
186 2 186
186 2 190
186 2 194
186 6 2
186 6 6
186 6 10
186 6 14
186 6 34
186 6 38
186 6 42
186 6 46
186 6 150
186 6 154
186 6 158
186 6 162
186 6 182
186 6 186
186 6 190
186 6 194
186 10 2
186 10 6
186 10 10
186 10 14
186 10 34
186 10 38
186 10 42
186 10 46
186 10 150
186 10 154
186 10 158
186 10 162
186 10 182
186 10 186
186 10 190
186 10 194
186 14 2
186 14 6
186 14 10
186 14 14
186 14 34
186 14 38
186 14 42
186 14 46
186 14 150
186 14 154
186 14 158
186 14 162
186 14 182
186 14 186
186 14 190
186 14 194
186 34 2
186 34 6
186 34 10
186 34 14
186 34 34
186 34 38
186 34 42
186 34 46
186 34 150
186 34 154
186 34 158
186 34 162
186 34 182
186 34 186
186 34 190
186 34 194
186 38 2
186 38 6
186 38 10
186 38 14
186 38 34
186 38 38
186 38 42
186 38 46
186 38 150
186 38 154
186 38 158
186 38 162
186 38 182
186 38 186
186 38 190
186 38 194
186 42 2
186 42 6
186 42 10
186 42 14
186 42 34
186 42 38
186 42 42
186 42 46
186 42 150
186 42 154
186 42 158
186 42 162
186 42 182
186 42 186
186 42 190
186 42 194
186 46 2
186 46 6
186 46 10
186 46 14
186 46 34
186 46 38
186 46 42
186 46 46
186 46 150
186 46 154
186 46 158
186 46 162
186 46 182
186 46 186
186 46 190
186 46 194
186 150 2
186 150 6
186 150 10
186 150 14
186 150 34
186 150 38
186 150 42
186 150 46
186 150 150
186 150 154
186 150 158
186 150 162
186 150 182
186 150 186
186 150 190
186 150 194
186 154 2
186 154 6
186 154 10
186 154 14
186 154 34
186 154 38
186 154 42
186 154 46
186 154 150
186 154 154
186 154 158
186 154 162
186 154 182
186 154 186
186 154 190
186 154 194
186 158 2
186 158 6
186 158 10
186 158 14
186 158 34
186 158 38
186 158 42
186 158 46
186 158 150
186 158 154
186 158 158
186 158 162
186 158 182
186 158 186
186 158 190
186 158 194
186 162 2
186 162 6
186 162 10
186 162 14
186 162 34
186 162 38
186 162 42
186 162 46
186 162 150
186 162 154
186 162 158
186 162 162
186 162 182
186 162 186
186 162 190
186 162 194
186 182 2
186 182 6
186 182 10
186 182 14
186 182 34
186 182 38
186 182 42
186 182 46
186 182 150
186 182 154
186 182 158
186 182 162
186 182 182
186 182 186
186 182 190
186 182 194
186 186 2
186 186 6
186 186 10
186 186 14
186 186 34
186 186 38
186 186 42
186 186 46
186 186 150
186 186 154
186 186 158
186 186 162
186 186 182
186 186 186
186 186 190
186 186 194
186 190 2
186 190 6
186 190 10
186 190 14
186 190 34
186 190 38
186 190 42
186 190 46
186 190 150
186 190 154
186 190 158
186 190 162
186 190 182
186 190 186
186 190 190
186 190 194
186 194 2
186 194 6
186 194 10
186 194 14
186 194 34
186 194 38
186 194 42
186 194 46
186 194 150
186 194 154
186 194 158
186 194 162
186 194 182
186 194 186
186 194 190
186 194 194
190 2 2
190 2 6
190 2 10
190 2 14
190 2 34
190 2 38
190 2 42
190 2 46
190 2 150
190 2 154
190 2 158
190 2 162
190 2 182
190 2 186
190 2 190
190 2 194
190 6 2
190 6 6
190 6 10
190 6 14
190 6 34
190 6 38
190 6 42
190 6 46
190 6 150
190 6 154
190 6 158
190 6 162
190 6 182
190 6 186
190 6 190
190 6 194
190 10 2
190 10 6
190 10 10
190 10 14
190 10 34
190 10 38
190 10 42
190 10 46
190 10 150
190 10 154
190 10 158
190 10 162
190 10 182
190 10 186
190 10 190
190 10 194
190 14 2
190 14 6
190 14 10
190 14 14
190 14 34
190 14 38
190 14 42
190 14 46
190 14 150
190 14 154
190 14 158
190 14 162
190 14 182
190 14 186
190 14 190
190 14 194
190 34 2
190 34 6
190 34 10
190 34 14
190 34 34
190 34 38
190 34 42
190 34 46
190 34 150
190 34 154
190 34 158
190 34 162
190 34 182
190 34 186
190 34 190
190 34 194
190 38 2
190 38 6
190 38 10
190 38 14
190 38 34
190 38 38
190 38 42
190 38 46
190 38 150
190 38 154
190 38 158
190 38 162
190 38 182
190 38 186
190 38 190
190 38 194
190 42 2
190 42 6
190 42 10
190 42 14
190 42 34
190 42 38
190 42 42
190 42 46
190 42 150
190 42 154
190 42 158
190 42 162
190 42 182
190 42 186
190 42 190
190 42 194
190 46 2
190 46 6
190 46 10
190 46 14
190 46 34
190 46 38
190 46 42
190 46 46
190 46 150
190 46 154
190 46 158
190 46 162
190 46 182
190 46 186
190 46 190
190 46 194
190 150 2
190 150 6
190 150 10
190 150 14
190 150 34
190 150 38
190 150 42
190 150 46
190 150 150
190 150 154
190 150 158
190 150 162
190 150 182
190 150 186
190 150 190
190 150 194
190 154 2
190 154 6
190 154 10
190 154 14
190 154 34
190 154 38
190 154 42
190 154 46
190 154 150
190 154 154
190 154 158
190 154 162
190 154 182
190 154 186
190 154 190
190 154 194
190 158 2
190 158 6
190 158 10
190 158 14
190 158 34
190 158 38
190 158 42
190 158 46
190 158 150
190 158 154
190 158 158
190 158 162
190 158 182
190 158 186
190 158 190
190 158 194
190 162 2
190 162 6
190 162 10
190 162 14
190 162 34
190 162 38
190 162 42
190 162 46
190 162 150
190 162 154
190 162 158
190 162 162
190 162 182
190 162 186
190 162 190
190 162 194
190 182 2
190 182 6
190 182 10
190 182 14
190 182 34
190 182 38
190 182 42
190 182 46
190 182 150
190 182 154
190 182 158
190 182 162
190 182 182
190 182 186
190 182 190
190 182 194
190 186 2
190 186 6
190 186 10
190 186 14
190 186 34
190 186 38
190 186 42
190 186 46
190 186 150
190 186 154
190 186 158
190 186 162
190 186 182
190 186 186
190 186 190
190 186 194
190 190 2
190 190 6
190 190 10
190 190 14
190 190 34
190 190 38
190 190 42
190 190 46
190 190 150
190 190 154
190 190 158
190 190 162
190 190 182
190 190 186
190 190 190
190 190 194
190 194 2
190 194 6
190 194 10
190 194 14
190 194 34
190 194 38
190 194 42
190 194 46
190 194 150
190 194 154
190 194 158
190 194 162
190 194 182
190 194 186
190 194 190
190 194 194
194 2 2
194 2 6
194 2 10
194 2 14
194 2 34
194 2 38
194 2 42
194 2 46
194 2 150
194 2 154
194 2 158
194 2 162
194 2 182
194 2 186
194 2 190
194 2 194
194 6 2
194 6 6
194 6 10
194 6 14
194 6 34
194 6 38
194 6 42
194 6 46
194 6 150
194 6 154
194 6 158
194 6 162
194 6 182
194 6 186
194 6 190
194 6 194
194 10 2
194 10 6
194 10 10
194 10 14
194 10 34
194 10 38
194 10 42
194 10 46
194 10 150
194 10 154
194 10 158
194 10 162
194 10 182
194 10 186
194 10 190
194 10 194
194 14 2
194 14 6
194 14 10
194 14 14
194 14 34
194 14 38
194 14 42
194 14 46
194 14 150
194 14 154
194 14 158
194 14 162
194 14 182
194 14 186
194 14 190
194 14 194
194 34 2
194 34 6
194 34 10
194 34 14
194 34 34
194 34 38
194 34 42
194 34 46
194 34 150
194 34 154
194 34 158
194 34 162
194 34 182
194 34 186
194 34 190
194 34 194
194 38 2
194 38 6
194 38 10
194 38 14
194 38 34
194 38 38
194 38 42
194 38 46
194 38 150
194 38 154
194 38 158
194 38 162
194 38 182
194 38 186
194 38 190
194 38 194
194 42 2
194 42 6
194 42 10
194 42 14
194 42 34
194 42 38
194 42 42
194 42 46
194 42 150
194 42 154
194 42 158
194 42 162
194 42 182
194 42 186
194 42 190
194 42 194
194 46 2
194 46 6
194 46 10
194 46 14
194 46 34
194 46 38
194 46 42
194 46 46
194 46 150
194 46 154
194 46 158
194 46 162
194 46 182
194 46 186
194 46 190
194 46 194
194 150 2
194 150 6
194 150 10
194 150 14
194 150 34
194 150 38
194 150 42
194 150 46
194 150 150
194 150 154
194 150 158
194 150 162
194 150 182
194 150 186
194 150 190
194 150 194
194 154 2
194 154 6
194 154 10
194 154 14
194 154 34
194 154 38
194 154 42
194 154 46
194 154 150
194 154 154
194 154 158
194 154 162
194 154 182
194 154 186
194 154 190
194 154 194
194 158 2
194 158 6
194 158 10
194 158 14
194 158 34
194 158 38
194 158 42
194 158 46
194 158 150
194 158 154
194 158 158
194 158 162
194 158 182
194 158 186
194 158 190
194 158 194
194 162 2
194 162 6
194 162 10
194 162 14
194 162 34
194 162 38
194 162 42
194 162 46
194 162 150
194 162 154
194 162 158
194 162 162
194 162 182
194 162 186
194 162 190
194 162 194
194 182 2
194 182 6
194 182 10
194 182 14
194 182 34
194 182 38
194 182 42
194 182 46
194 182 150
194 182 154
194 182 158
194 182 162
194 182 182
194 182 186
194 182 190
194 182 194
194 186 2
194 186 6
194 186 10
194 186 14
194 186 34
194 186 38
194 186 42
194 186 46
194 186 150
194 186 154
194 186 158
194 186 162
194 186 182
194 186 186
194 186 190
194 186 194
194 190 2
194 190 6
194 190 10
194 190 14
194 190 34
194 190 38
194 190 42
194 190 46
194 190 150
194 190 154
194 190 158
194 190 162
194 190 182
194 190 186
194 190 190
194 190 194
194 194 2
194 194 6
194 194 10
194 194 14
194 194 34
194 194 38
194 194 42
194 194 46
194 194 150
194 194 154
194 194 158
194 194 162
194 194 182
194 194 186
194 194 190
194 194 194
