200
24 24 24
24 24 32
24 24 40
24 24 48
24 24 152
24 24 160
24 24 168
24 24 176
24 32 24
24 32 32
24 32 40
24 32 48
24 32 152
24 32 160
24 32 168
24 32 176
24 40 24
24 40 32
24 40 40
24 40 48
24 40 152
24 40 160
24 40 168
24 40 176
24 48 24
24 48 32
24 48 40
24 48 48
24 48 152
24 48 160
24 48 168
24 48 176
24 152 24
24 152 32
24 152 40
24 152 48
24 152 152
24 152 160
24 152 168
24 152 176
24 160 24
24 160 32
24 160 40
24 160 48
24 160 152
24 160 160
24 160 168
24 160 176
24 168 24
24 168 32
24 168 40
24 168 48
24 168 152
24 168 160
24 168 168
24 168 176
24 176 24
24 176 32
24 176 40
24 176 48
24 176 152
24 176 160
24 176 168
24 176 176
32 24 24
32 24 32
32 24 40
32 24 48
32 24 152
32 24 160
32 24 168
32 24 176
32 32 24
32 32 32
32 32 40
32 32 48
32 32 152
32 32 160
32 32 168
32 32 176
32 40 24
32 40 32
32 40 40
32 40 48
32 40 152
32 40 160
32 40 168
32 40 176
32 48 24
32 48 32
32 48 40
32 48 48
32 48 152
32 48 160
32 48 168
32 48 176
32 152 24
32 152 32
32 152 40
32 152 48
32 152 152
32 152 160
32 152 168
32 152 176
32 160 24
32 160 32
32 160 40
32 160 48
32 160 152
32 160 160
32 160 168
32 160 176
32 168 24
32 168 32
32 168 40
32 168 48
32 168 152
32 168 160
32 168 168
32 168 176
32 176 24
32 176 32
32 176 40
32 176 48
32 176 152
32 176 160
32 176 168
32 176 176
40 24 24
40 24 32
40 24 40
40 24 48
40 24 152
40 24 160
40 24 168
40 24 176
40 32 24
40 32 32
40 32 40
40 32 48
40 32 152
40 32 160
40 32 168
40 32 176
40 40 24
40 40 32
40 40 40
40 40 48
40 40 152
40 40 160
40 40 168
40 40 176
40 48 24
40 48 32
40 48 40
40 48 48
40 48 152
40 48 160
40 48 168
40 48 176
40 152 24
40 152 32
40 152 40
40 152 48
40 152 152
40 152 160
40 152 168
40 152 176
40 160 24
40 160 32
40 160 40
40 160 48
40 160 152
40 160 160
40 160 168
40 160 176
40 168 24
40 168 32
40 168 40
40 168 48
40 168 152
40 168 160
40 168 168
40 168 176
40 176 24
40 176 32
40 176 40
40 176 48
40 176 152
40 176 160
40 176 168
40 176 176
48 24 24
48 24 32
48 24 40
48 24 48
48 24 152
48 24 160
48 24 168
48 24 176
48 32 24
48 32 32
48 32 40
48 32 48
48 32 152
48 32 160
48 32 168
48 32 176
48 40 24
48 40 32
48 40 40
48 40 48
48 40 152
48 40 160
48 40 168
48 40 176
48 48 24
48 48 32
48 48 40
48 48 48
48 48 152
48 48 160
48 48 168
48 48 176
48 152 24
48 152 32
48 152 40
48 152 48
48 152 152
48 152 160
48 152 168
48 152 176
48 160 24
48 160 32
48 160 40
48 160 48
48 160 152
48 160 160
48 160 168
48 160 176
48 168 24
48 168 32
48 168 40
48 168 48
48 168 152
48 168 160
48 168 168
48 168 176
48 176 24
48 176 32
48 176 40
48 176 48
48 176 152
48 176 160
48 176 168
48 176 176
152 24 24
152 24 32
152 24 40
152 24 48
152 24 152
152 24 160
152 24 168
152 24 176
152 32 24
152 32 32
152 32 40
152 32 48
152 32 152
152 32 160
152 32 168
152 32 176
152 40 24
152 40 32
152 40 40
152 40 48
152 40 152
152 40 160
152 40 168
152 40 176
152 48 24
152 48 32
152 48 40
152 48 48
152 48 152
152 48 160
152 48 168
152 48 176
152 152 24
152 152 32
152 152 40
152 152 48
152 152 152
152 152 160
152 152 168
152 152 176
152 160 24
152 160 32
152 160 40
152 160 48
152 160 152
152 160 160
152 160 168
152 160 176
152 168 24
152 168 32
152 168 40
152 168 48
152 168 152
152 168 160
152 168 168
152 168 176
152 176 24
152 176 32
152 176 40
152 176 48
152 176 152
152 176 160
152 176 168
152 176 176
160 24 24
160 24 32
160 24 40
160 24 48
160 24 152
160 24 160
160 24 168
160 24 176
160 32 24
160 32 32
160 32 40
160 32 48
160 32 152
160 32 160
160 32 168
160 32 176
160 40 24
160 40 32
160 40 40
160 40 48
160 40 152
160 40 160
160 40 168
160 40 176
160 48 24
160 48 32
160 48 40
160 48 48
160 48 152
160 48 160
160 48 168
160 48 176
160 152 24
160 152 32
160 152 40
160 152 48
160 152 152
160 152 160
160 152 168
160 152 176
160 160 24
160 160 32
160 160 40
160 160 48
160 160 152
160 160 160
160 160 168
160 160 176
160 168 24
160 168 32
160 168 40
160 168 48
160 168 152
160 168 160
160 168 168
160 168 176
160 176 24
160 176 32
160 176 40
160 176 48
160 176 152
160 176 160
160 176 168
160 176 176
168 24 24
168 24 32
168 24 40
168 24 48
168 24 152
168 24 160
168 24 168
168 24 176
168 32 24
168 32 32
168 32 40
168 32 48
168 32 152
168 32 160
168 32 168
168 32 176
168 40 24
168 40 32
168 40 40
168 40 48
168 40 152
168 40 160
168 40 168
168 40 176
168 48 24
168 48 32
168 48 40
168 48 48
168 48 152
168 48 160
168 48 168
168 48 176
168 152 24
168 152 32
168 152 40
168 152 48
168 152 152
168 152 160
168 152 168
168 152 176
168 160 24
168 160 32
168 160 40
168 160 48
168 160 152
168 160 160
168 160 168
168 160 176
168 168 24
168 168 32
168 168 40
168 168 48
168 168 152
168 168 160
168 168 168
168 168 176
168 176 24
168 176 32
168 176 40
168 176 48
168 176 152
168 176 160
168 176 168
168 176 176
176 24 24
176 24 32
176 24 40
176 24 48
176 24 152
176 24 160
176 24 168
176 24 176
176 32 24
176 32 32
176 32 40
176 32 48
176 32 152
176 32 160
176 32 168
176 32 176
176 40 24
176 40 32
176 40 40
176 40 48
176 40 152
176 40 160
176 40 168
176 40 176
176 48 24
176 48 32
176 48 40
176 48 48
176 48 152
176 48 160
176 48 168
176 48 176
176 152 24
176 152 32
176 152 40
176 152 48
176 152 152
176 152 160
176 152 168
176 152 176
176 160 24
176 160 32
176 160 40
176 160 48
176 160 152
176 160 160
176 160 168
176 160 176
176 168 24
176 168 32
176 168 40
176 168 48
176 168 152
176 168 160
176 168 168
176 168 176
176 176 24
176 176 32
176 176 40
176 176 48
176 176 152
176 176 160
176 176 168
176 176 176
