200
83 83 83
83 83 84
83 83 85
83 83 115
83 83 116
83 83 117
83 84 83
83 84 84
83 84 85
83 84 115
83 84 116
83 84 117
83 85 83
83 85 84
83 85 85
83 85 115
83 85 116
83 85 117
83 115 83
83 115 84
83 115 85
83 115 115
83 115 116
83 115 117
83 116 83
83 116 84
83 116 85
83 116 115
83 116 116
83 116 117
83 117 83
83 117 84
83 117 85
83 117 115
83 117 116
83 117 117
84 83 83
84 83 84
84 83 85
84 83 115
84 83 116
84 83 117
84 84 83
84 84 85
84 84 115
84 84 117
84 85 83
84 85 84
84 85 85
84 85 115
84 85 116
84 85 117
84 115 83
84 115 84
84 115 85
84 115 115
84 115 116
84 115 117
84 116 83
84 116 85
84 116 115
84 116 117
84 117 83
84 117 84
84 117 85
84 117 115
84 117 116
84 117 117
85 83 83
85 83 84
85 83 85
85 83 115
85 83 116
85 83 117
85 84 83
85 84 84
85 84 85
85 84 115
85 84 116
85 84 117
85 85 83
85 85 84
85 85 85
85 85 115
85 85 116
85 85 117
85 115 83
85 115 84
85 115 85
85 115 115
85 115 116
85 115 117
85 116 83
85 116 84
85 116 85
85 116 115
85 116 116
85 116 117
85 117 83
85 117 84
85 117 85
85 117 115
85 117 116
85 117 117
115 83 83
115 83 84
115 83 85
115 83 115
115 83 116
115 83 117
115 84 83
115 84 84
115 84 85
115 84 115
115 84 116
115 84 117
115 85 83
115 85 84
115 85 85
115 85 115
115 85 116
115 85 117
115 115 83
115 115 84
115 115 85
115 115 115
115 115 116
115 115 117
115 116 83
115 116 84
115 116 85
115 116 115
115 116 116
115 116 117
115 117 83
115 117 84
115 117 85
115 117 115
115 117 116
115 117 117
116 83 83
116 83 84
116 83 85
116 83 115
116 83 116
116 83 117
116 84 83
116 84 85
116 84 115
116 84 117
116 85 83
116 85 84
116 85 85
116 85 115
116 85 116
116 85 117
116 115 83
116 115 84
116 115 85
116 115 115
116 115 116
116 115 117
116 116 83
116 116 85
116 116 115
116 116 117
116 117 83
116 117 84
116 117 85
116 117 115
116 117 116
116 117 117
117 83 83
117 83 84
117 83 85
117 83 115
117 83 116
117 83 117
117 84 83
117 84 84
117 84 85
117 84 115
117 84 116
117 84 117
117 85 83
117 85 84
117 85 85
117 85 115
117 85 116
117 85 117
117 115 83
117 115 84
117 115 85
117 115 115
117 115 116
117 115 117
117 116 83
117 116 84
117 116 85
117 116 115
117 116 116
117 116 117
117 117 83
117 117 84
117 117 85
117 117 115
117 117 116
117 117 117
