200
16 16 16
16 16 24
16 16 48
16 16 56
16 16 144
16 16 152
16 16 176
16 16 184
16 24 16
16 24 24
16 24 48
16 24 56
16 24 144
16 24 152
16 24 176
16 24 184
16 48 16
16 48 24
16 48 48
16 48 56
16 48 144
16 48 152
16 48 176
16 48 184
16 56 16
16 56 24
16 56 48
16 56 56
16 56 144
16 56 152
16 56 176
16 56 184
16 144 16
16 144 24
16 144 48
16 144 56
16 144 144
16 144 152
16 144 176
16 144 184
16 152 16
16 152 24
16 152 48
16 152 56
16 152 144
16 152 152
16 152 176
16 152 184
16 176 16
16 176 24
16 176 48
16 176 56
16 176 144
16 176 152
16 176 176
16 176 184
16 184 16
16 184 24
16 184 48
16 184 56
16 184 144
16 184 152
16 184 176
16 184 184
24 16 16
24 16 24
24 16 48
24 16 56
24 16 144
24 16 152
24 16 176
24 16 184
24 24 16
24 24 24
24 24 48
24 24 56
24 24 144
24 24 152
24 24 176
24 24 184
24 48 16
24 48 24
24 48 48
24 48 56
24 48 144
24 48 152
24 48 176
24 48 184
24 56 16
24 56 24
24 56 48
24 56 56
24 56 144
24 56 152
24 56 176
24 56 184
24 144 16
24 144 24
24 144 48
24 144 56
24 144 144
24 144 152
24 144 176
24 144 184
24 152 16
24 152 24
24 152 48
24 152 56
24 152 144
24 152 152
24 152 176
24 152 184
24 176 16
24 176 24
24 176 48
24 176 56
24 176 144
24 176 152
24 176 176
24 176 184
24 184 16
24 184 24
24 184 48
24 184 56
24 184 144
24 184 152
24 184 176
24 184 184
48 16 16
48 16 24
48 16 48
48 16 56
48 16 144
48 16 152
48 16 176
48 16 184
48 24 16
48 24 24
48 24 48
48 24 56
48 24 144
48 24 152
48 24 176
48 24 184
48 48 16
48 48 24
48 48 48
48 48 56
48 48 144
48 48 152
48 48 176
48 48 184
48 56 16
48 56 24
48 56 48
48 56 56
48 56 144
48 56 152
48 56 176
48 56 184
48 144 16
48 144 24
48 144 48
48 144 56
48 144 144
48 144 152
48 144 176
48 144 184
48 152 16
48 152 24
48 152 48
48 152 56
48 152 144
48 152 152
48 152 176
48 152 184
48 176 16
48 176 24
48 176 48
48 176 56
48 176 144
48 176 152
48 176 176
48 176 184
48 184 16
48 184 24
48 184 48
48 184 56
48 184 144
48 184 152
48 184 176
48 184 184
56 16 16
56 16 24
56 16 48
56 16 56
56 16 144
56 16 152
56 16 176
56 16 184
56 24 16
56 24 24
56 24 48
56 24 56
56 24 144
56 24 152
56 24 176
56 24 184
56 48 16
56 48 24
56 48 48
56 48 56
56 48 144
56 48 152
56 48 176
56 48 184
56 56 16
56 56 24
56 56 48
56 56 56
56 56 144
56 56 152
56 56 176
56 56 184
56 144 16
56 144 24
56 144 48
56 144 56
56 144 144
56 144 152
56 144 176
56 144 184
56 152 16
56 152 24
56 152 48
56 152 56
56 152 144
56 152 152
56 152 176
56 152 184
56 176 16
56 176 24
56 176 48
56 176 56
56 176 144
56 176 152
56 176 176
56 176 184
56 184 16
56 184 24
56 184 48
56 184 56
56 184 144
56 184 152
56 184 176
56 184 184
144 16 16
144 16 24
144 16 48
144 16 56
144 16 144
144 16 152
144 16 176
144 16 184
144 24 16
144 24 24
144 24 48
144 24 56
144 24 144
144 24 152
144 24 176
144 24 184
144 48 16
144 48 24
144 48 48
144 48 56
144 48 144
144 48 152
144 48 176
144 48 184
144 56 16
144 56 24
144 56 48
144 56 56
144 56 144
144 56 152
144 56 176
144 56 184
144 144 16
144 144 24
144 144 48
144 144 56
144 144 144
144 144 152
144 144 176
144 144 184
144 152 16
144 152 24
144 152 48
144 152 56
144 152 144
144 152 152
144 152 176
144 152 184
144 176 16
144 176 24
144 176 48
144 176 56
144 176 144
144 176 152
144 176 176
144 176 184
144 184 16
144 184 24
144 184 48
144 184 56
144 184 144
144 184 152
144 184 176
144 184 184
152 16 16
152 16 24
152 16 48
152 16 56
152 16 144
152 16 152
152 16 176
152 16 184
152 24 16
152 24 24
152 24 48
152 24 56
152 24 144
152 24 152
152 24 176
152 24 184
152 48 16
152 48 24
152 48 48
152 48 56
152 48 144
152 48 152
152 48 176
152 48 184
152 56 16
152 56 24
152 56 48
152 56 56
152 56 144
152 56 152
152 56 176
152 56 184
152 144 16
152 144 24
152 144 48
152 144 56
152 144 144
152 144 152
152 144 176
152 144 184
152 152 16
152 152 24
152 152 48
152 152 56
152 152 144
152 152 152
152 152 176
152 152 184
152 176 16
152 176 24
152 176 48
152 176 56
152 176 144
152 176 152
152 176 176
152 176 184
152 184 16
152 184 24
152 184 48
152 184 56
152 184 144
152 184 152
152 184 176
152 184 184
176 16 16
176 16 24
176 16 48
176 16 56
176 16 144
176 16 152
176 16 176
176 16 184
176 24 16
176 24 24
176 24 48
176 24 56
176 24 144
176 24 152
176 24 176
176 24 184
176 48 16
176 48 24
176 48 48
176 48 56
176 48 144
176 48 152
176 48 176
176 48 184
176 56 16
176 56 24
176 56 48
176 56 56
176 56 144
176 56 152
176 56 176
176 56 184
176 144 16
176 144 24
176 144 48
176 144 56
176 144 144
176 144 152
176 144 176
176 144 184
176 152 16
176 152 24
176 152 48
176 152 56
176 152 144
176 152 152
176 152 176
176 152 184
176 176 16
176 176 24
176 176 48
176 176 56
176 176 144
176 176 152
176 176 176
176 176 184
176 184 16
176 184 24
176 184 48
176 184 56
176 184 144
176 184 152
176 184 176
176 184 184
184 16 16
184 16 24
184 16 48
184 16 56
184 16 144
184 16 152
184 16 176
184 16 184
184 24 16
184 24 24
184 24 48
184 24 56
184 24 144
184 24 152
184 24 176
184 24 184
184 48 16
184 48 24
184 48 48
184 48 56
184 48 144
184 48 152
184 48 176
184 48 184
184 56 16
184 56 24
184 56 48
184 56 56
184 56 144
184 56 152
184 56 176
184 56 184
184 144 16
184 144 24
184 144 48
184 144 56
184 144 144
184 144 152
184 144 176
184 144 184
184 152 16
184 152 24
184 152 48
184 152 56
184 152 144
184 152 152
184 152 176
184 152 184
184 176 16
184 176 24
184 176 48
184 176 56
184 176 144
184 176 152
184 176 176
184 176 184
184 184 16
184 184 24
184 184 48
184 184 56
184 184 144
184 184 152
184 184 176
184 184 184
