200
22 22 22
22 22 26
22 22 30
22 22 34
22 22 38
22 22 42
22 22 46
22 22 50
22 22 150
22 22 154
22 22 158
22 22 162
22 22 166
22 22 170
22 22 174
22 22 178
22 26 22
22 26 26
22 26 30
22 26 34
22 26 38
22 26 42
22 26 46
22 26 50
22 26 150
22 26 154
22 26 158
22 26 162
22 26 166
22 26 170
22 26 174
22 26 178
22 30 22
22 30 26
22 30 30
22 30 34
22 30 38
22 30 42
22 30 46
22 30 50
22 30 150
22 30 154
22 30 158
22 30 162
22 30 166
22 30 170
22 30 174
22 30 178
22 34 22
22 34 26
22 34 30
22 34 34
22 34 38
22 34 42
22 34 46
22 34 50
22 34 150
22 34 154
22 34 158
22 34 162
22 34 166
22 34 170
22 34 174
22 34 178
22 38 22
22 38 26
22 38 30
22 38 34
22 38 38
22 38 42
22 38 46
22 38 50
22 38 150
22 38 154
22 38 158
22 38 162
22 38 166
22 38 170
22 38 174
22 38 178
22 42 22
22 42 26
22 42 30
22 42 34
22 42 38
22 42 42
22 42 46
22 42 50
22 42 150
22 42 154
22 42 158
22 42 162
22 42 166
22 42 170
22 42 174
22 42 178
22 46 22
22 46 26
22 46 30
22 46 34
22 46 38
22 46 42
22 46 46
22 46 50
22 46 150
22 46 154
22 46 158
22 46 162
22 46 166
22 46 170
22 46 174
22 46 178
22 50 22
22 50 26
22 50 30
22 50 34
22 50 38
22 50 42
22 50 46
22 50 50
22 50 150
22 50 154
22 50 158
22 50 162
22 50 166
22 50 170
22 50 174
22 50 178
22 150 22
22 150 26
22 150 30
22 150 34
22 150 38
22 150 42
22 150 46
22 150 50
22 150 150
22 150 154
22 150 158
22 150 162
22 150 166
22 150 170
22 150 174
22 150 178
22 154 22
22 154 26
22 154 30
22 154 34
22 154 38
22 154 42
22 154 46
22 154 50
22 154 150
22 154 154
22 154 158
22 154 162
22 154 166
22 154 170
22 154 174
22 154 178
22 158 22
22 158 26
22 158 30
22 158 34
22 158 38
22 158 42
22 158 46
22 158 50
22 158 150
22 158 154
22 158 158
22 158 162
22 158 166
22 158 170
22 158 174
22 158 178
22 162 22
22 162 26
22 162 30
22 162 34
22 162 38
22 162 42
22 162 46
22 162 50
22 162 150
22 162 154
22 162 158
22 162 162
22 162 166
22 162 170
22 162 174
22 162 178
22 166 22
22 166 26
22 166 30
22 166 34
22 166 38
22 166 42
22 166 46
22 166 50
22 166 150
22 166 154
22 166 158
22 166 162
22 166 166
22 166 170
22 166 174
22 166 178
22 170 22
22 170 26
22 170 30
22 170 34
22 170 38
22 170 42
22 170 46
22 170 50
22 170 150
22 170 154
22 170 158
22 170 162
22 170 166
22 170 170
22 170 174
22 170 178
22 174 22
22 174 26
22 174 30
22 174 34
22 174 38
22 174 42
22 174 46
22 174 50
22 174 150
22 174 154
22 174 158
22 174 162
22 174 166
22 174 170
22 174 174
22 174 178
22 178 22
22 178 26
22 178 30
22 178 34
22 178 38
22 178 42
22 178 46
22 178 50
22 178 150
22 178 154
22 178 158
22 178 162
22 178 166
22 178 170
22 178 174
22 178 178
26 22 22
26 22 26
26 22 30
26 22 34
26 22 38
26 22 42
26 22 46
26 22 50
26 22 150
26 22 154
26 22 158
26 22 162
26 22 166
26 22 170
26 22 174
26 22 178
26 26 22
26 26 26
26 26 30
26 26 34
26 26 38
26 26 42
26 26 46
26 26 50
26 26 150
26 26 154
26 26 158
26 26 162
26 26 166
26 26 170
26 26 174
26 26 178
26 30 22
26 30 26
26 30 30
26 30 34
26 30 38
26 30 42
26 30 46
26 30 50
26 30 150
26 30 154
26 30 158
26 30 162
26 30 166
26 30 170
26 30 174
26 30 178
26 34 22
26 34 26
26 34 30
26 34 34
26 34 38
26 34 42
26 34 46
26 34 50
26 34 150
26 34 154
26 34 158
26 34 162
26 34 166
26 34 170
26 34 174
26 34 178
26 38 22
26 38 26
26 38 30
26 38 34
26 38 38
26 38 42
26 38 46
26 38 50
26 38 150
26 38 154
26 38 158
26 38 162
26 38 166
26 38 170
26 38 174
26 38 178
26 42 22
26 42 26
26 42 30
26 42 34
26 42 38
26 42 42
26 42 46
26 42 50
26 42 150
26 42 154
26 42 158
26 42 162
26 42 166
26 42 170
26 42 174
26 42 178
26 46 22
26 46 26
26 46 30
26 46 34
26 46 38
26 46 42
26 46 46
26 46 50
26 46 150
26 46 154
26 46 158
26 46 162
26 46 166
26 46 170
26 46 174
26 46 178
26 50 22
26 50 26
26 50 30
26 50 34
26 50 38
26 50 42
26 50 46
26 50 50
26 50 150
26 50 154
26 50 158
26 50 162
26 50 166
26 50 170
26 50 174
26 50 178
26 150 22
26 150 26
26 150 30
26 150 34
26 150 38
26 150 42
26 150 46
26 150 50
26 150 150
26 150 154
26 150 158
26 150 162
26 150 166
26 150 170
26 150 174
26 150 178
26 154 22
26 154 26
26 154 30
26 154 34
26 154 38
26 154 42
26 154 46
26 154 50
26 154 150
26 154 154
26 154 158
26 154 162
26 154 166
26 154 170
26 154 174
26 154 178
26 158 22
26 158 26
26 158 30
26 158 34
26 158 38
26 158 42
26 158 46
26 158 50
26 158 150
26 158 154
26 158 158
26 158 162
26 158 166
26 158 170
26 158 174
26 158 178
26 162 22
26 162 26
26 162 30
26 162 34
26 162 38
26 162 42
26 162 46
26 162 50
26 162 150
26 162 154
26 162 158
26 162 162
26 162 166
26 162 170
26 162 174
26 162 178
26 166 22
26 166 26
26 166 30
26 166 34
26 166 38
26 166 42
26 166 46
26 166 50
26 166 150
26 166 154
26 166 158
26 166 162
26 166 166
26 166 170
26 166 174
26 166 178
26 170 22
26 170 26
26 170 30
26 170 34
26 170 38
26 170 42
26 170 46
26 170 50
26 170 150
26 170 154
26 170 158
26 170 162
26 170 166
26 170 170
26 170 174
26 170 178
26 174 22
26 174 26
26 174 30
26 174 34
26 174 38
26 174 42
26 174 46
26 174 50
26 174 150
26 174 154
26 174 158
26 174 162
26 174 166
26 174 170
26 174 174
26 174 178
26 178 22
26 178 26
26 178 30
26 178 34
26 178 38
26 178 42
26 178 46
26 178 50
26 178 150
26 178 154
26 178 158
26 178 162
26 178 166
26 178 170
26 178 174
26 178 178
30 22 22
30 22 26
30 22 30
30 22 34
30 22 38
30 22 42
30 22 46
30 22 50
30 22 150
30 22 154
30 22 158
30 22 162
30 22 166
30 22 170
30 22 174
30 22 178
30 26 22
30 26 26
30 26 30
30 26 34
30 26 38
30 26 42
30 26 46
30 26 50
30 26 150
30 26 154
30 26 158
30 26 162
30 26 166
30 26 170
30 26 174
30 26 178
30 30 22
30 30 26
30 30 30
30 30 34
30 30 38
30 30 42
30 30 46
30 30 50
30 30 150
30 30 154
30 30 158
30 30 162
30 30 166
30 30 170
30 30 174
30 30 178
30 34 22
30 34 26
30 34 30
30 34 34
30 34 38
30 34 42
30 34 46
30 34 50
30 34 150
30 34 154
30 34 158
30 34 162
30 34 166
30 34 170
30 34 174
30 34 178
30 38 22
30 38 26
30 38 30
30 38 34
30 38 38
30 38 42
30 38 46
30 38 50
30 38 150
30 38 154
30 38 158
30 38 162
30 38 166
30 38 170
30 38 174
30 38 178
30 42 22
30 42 26
30 42 30
30 42 34
30 42 38
30 42 42
30 42 46
30 42 50
30 42 150
30 42 154
30 42 158
30 42 162
30 42 166
30 42 170
30 42 174
30 42 178
30 46 22
30 46 26
30 46 30
30 46 34
30 46 38
30 46 42
30 46 46
30 46 50
30 46 150
30 46 154
30 46 158
30 46 162
30 46 166
30 46 170
30 46 174
30 46 178
30 50 22
30 50 26
30 50 30
30 50 34
30 50 38
30 50 42
30 50 46
30 50 50
30 50 150
30 50 154
30 50 158
30 50 162
30 50 166
30 50 170
30 50 174
30 50 178
30 150 22
30 150 26
30 150 30
30 150 34
30 150 38
30 150 42
30 150 46
30 150 50
30 150 150
30 150 154
30 150 158
30 150 162
30 150 166
30 150 170
30 150 174
30 150 178
30 154 22
30 154 26
30 154 30
30 154 34
30 154 38
30 154 42
30 154 46
30 154 50
30 154 150
30 154 154
30 154 158
30 154 162
30 154 166
30 154 170
30 154 174
30 154 178
30 158 22
30 158 26
30 158 30
30 158 34
30 158 38
30 158 42
30 158 46
30 158 50
30 158 150
30 158 154
30 158 158
30 158 162
30 158 166
30 158 170
30 158 174
30 158 178
30 162 22
30 162 26
30 162 30
30 162 34
30 162 38
30 162 42
30 162 46
30 162 50
30 162 150
30 162 154
30 162 158
30 162 162
30 162 166
30 162 170
30 162 174
30 162 178
30 166 22
30 166 26
30 166 30
30 166 34
30 166 38
30 166 42
30 166 46
30 166 50
30 166 150
30 166 154
30 166 158
30 166 162
30 166 166
30 166 170
30 166 174
30 166 178
30 170 22
30 170 26
30 170 30
30 170 34
30 170 38
30 170 42
30 170 46
30 170 50
30 170 150
30 170 154
30 170 158
30 170 162
30 170 166
30 170 170
30 170 174
30 170 178
30 174 22
30 174 26
30 174 30
30 174 34
30 174 38
30 174 42
30 174 46
30 174 50
30 174 150
30 174 154
30 174 158
30 174 162
30 174 166
30 174 170
30 174 174
30 174 178
30 178 22
30 178 26
30 178 30
30 178 34
30 178 38
30 178 42
30 178 46
30 178 50
30 178 150
30 178 154
30 178 158
30 178 162
30 178 166
30 178 170
30 178 174
30 178 178
34 22 22
34 22 26
34 22 30
34 22 34
34 22 38
34 22 42
34 22 46
34 22 50
34 22 150
34 22 154
34 22 158
34 22 162
34 22 166
34 22 170
34 22 174
34 22 178
34 26 22
34 26 26
34 26 30
34 26 34
34 26 38
34 26 42
34 26 46
34 26 50
34 26 150
34 26 154
34 26 158
34 26 162
34 26 166
34 26 170
34 26 174
34 26 178
34 30 22
34 30 26
34 30 30
34 30 34
34 30 38
34 30 42
34 30 46
34 30 50
34 30 150
34 30 154
34 30 158
34 30 162
34 30 166
34 30 170
34 30 174
34 30 178
34 34 22
34 34 26
34 34 30
34 34 34
34 34 38
34 34 42
34 34 46
34 34 50
34 34 150
34 34 154
34 34 158
34 34 162
34 34 166
34 34 170
34 34 174
34 34 178
34 38 22
34 38 26
34 38 30
34 38 34
34 38 38
34 38 42
34 38 46
34 38 50
34 38 150
34 38 154
34 38 158
34 38 162
34 38 166
34 38 170
34 38 174
34 38 178
34 42 22
34 42 26
34 42 30
34 42 34
34 42 38
34 42 42
34 42 46
34 42 50
34 42 150
34 42 154
34 42 158
34 42 162
34 42 166
34 42 170
34 42 174
34 42 178
34 46 22
34 46 26
34 46 30
34 46 34
34 46 38
34 46 42
34 46 46
34 46 50
34 46 150
34 46 154
34 46 158
34 46 162
34 46 166
34 46 170
34 46 174
34 46 178
34 50 22
34 50 26
34 50 30
34 50 34
34 50 38
34 50 42
34 50 46
34 50 50
34 50 150
34 50 154
34 50 158
34 50 162
34 50 166
34 50 170
34 50 174
34 50 178
34 150 22
34 150 26
34 150 30
34 150 34
34 150 38
34 150 42
34 150 46
34 150 50
34 150 150
34 150 154
34 150 158
34 150 162
34 150 166
34 150 170
34 150 174
34 150 178
34 154 22
34 154 26
34 154 30
34 154 34
34 154 38
34 154 42
34 154 46
34 154 50
34 154 150
34 154 154
34 154 158
34 154 162
34 154 166
34 154 170
34 154 174
34 154 178
34 158 22
34 158 26
34 158 30
34 158 34
34 158 38
34 158 42
34 158 46
34 158 50
34 158 150
34 158 154
34 158 158
34 158 162
34 158 166
34 158 170
34 158 174
34 158 178
34 162 22
34 162 26
34 162 30
34 162 34
34 162 38
34 162 42
34 162 46
34 162 50
34 162 150
34 162 154
34 162 158
34 162 162
34 162 166
34 162 170
34 162 174
34 162 178
34 166 22
34 166 26
34 166 30
34 166 34
34 166 38
34 166 42
34 166 46
34 166 50
34 166 150
34 166 154
34 166 158
34 166 162
34 166 166
34 166 170
34 166 174
34 166 178
34 170 22
34 170 26
34 170 30
34 170 34
34 170 38
34 170 42
34 170 46
34 170 50
34 170 150
34 170 154
34 170 158
34 170 162
34 170 166
34 170 170
34 170 174
34 170 178
34 174 22
34 174 26
34 174 30
34 174 34
34 174 38
34 174 42
34 174 46
34 174 50
34 174 150
34 174 154
34 174 158
34 174 162
34 174 166
34 174 170
34 174 174
34 174 178
34 178 22
34 178 26
34 178 30
34 178 34
34 178 38
34 178 42
34 178 46
34 178 50
34 178 150
34 178 154
34 178 158
34 178 162
34 178 166
34 178 170
34 178 174
34 178 178
38 22 22
38 22 26
38 22 30
38 22 34
38 22 38
38 22 42
38 22 46
38 22 50
38 22 150
38 22 154
38 22 158
38 22 162
38 22 166
38 22 170
38 22 174
38 22 178
38 26 22
38 26 26
38 26 30
38 26 34
38 26 38
38 26 42
38 26 46
38 26 50
38 26 150
38 26 154
38 26 158
38 26 162
38 26 166
38 26 170
38 26 174
38 26 178
38 30 22
38 30 26
38 30 30
38 30 34
38 30 38
38 30 42
38 30 46
38 30 50
38 30 150
38 30 154
38 30 158
38 30 162
38 30 166
38 30 170
38 30 174
38 30 178
38 34 22
38 34 26
38 34 30
38 34 34
38 34 38
38 34 42
38 34 46
38 34 50
38 34 150
38 34 154
38 34 158
38 34 162
38 34 166
38 34 170
38 34 174
38 34 178
38 38 22
38 38 26
38 38 30
38 38 34
38 38 38
38 38 42
38 38 46
38 38 50
38 38 150
38 38 154
38 38 158
38 38 162
38 38 166
38 38 170
38 38 174
38 38 178
38 42 22
38 42 26
38 42 30
38 42 34
38 42 38
38 42 42
38 42 46
38 42 50
38 42 150
38 42 154
38 42 158
38 42 162
38 42 166
38 42 170
38 42 174
38 42 178
38 46 22
38 46 26
38 46 30
38 46 34
38 46 38
38 46 42
38 46 46
38 46 50
38 46 150
38 46 154
38 46 158
38 46 162
38 46 166
38 46 170
38 46 174
38 46 178
38 50 22
38 50 26
38 50 30
38 50 34
38 50 38
38 50 42
38 50 46
38 50 50
38 50 150
38 50 154
38 50 158
38 50 162
38 50 166
38 50 170
38 50 174
38 50 178
38 150 22
38 150 26
38 150 30
38 150 34
38 150 38
38 150 42
38 150 46
38 150 50
38 150 150
38 150 154
38 150 158
38 150 162
38 150 166
38 150 170
38 150 174
38 150 178
38 154 22
38 154 26
38 154 30
38 154 34
38 154 38
38 154 42
38 154 46
38 154 50
38 154 150
38 154 154
38 154 158
38 154 162
38 154 166
38 154 170
38 154 174
38 154 178
38 158 22
38 158 26
38 158 30
38 158 34
38 158 38
38 158 42
38 158 46
38 158 50
38 158 150
38 158 154
38 158 158
38 158 162
38 158 166
38 158 170
38 158 174
38 158 178
38 162 22
38 162 26
38 162 30
38 162 34
38 162 38
38 162 42
38 162 46
38 162 50
38 162 150
38 162 154
38 162 158
38 162 162
38 162 166
38 162 170
38 162 174
38 162 178
38 166 22
38 166 26
38 166 30
38 166 34
38 166 38
38 166 42
38 166 46
38 166 50
38 166 150
38 166 154
38 166 158
38 166 162
38 166 166
38 166 170
38 166 174
38 166 178
38 170 22
38 170 26
38 170 30
38 170 34
38 170 38
38 170 42
38 170 46
38 170 50
38 170 150
38 170 154
38 170 158
38 170 162
38 170 166
38 170 170
38 170 174
38 170 178
38 174 22
38 174 26
38 174 30
38 174 34
38 174 38
38 174 42
38 174 46
38 174 50
38 174 150
38 174 154
38 174 158
38 174 162
38 174 166
38 174 170
38 174 174
38 174 178
38 178 22
38 178 26
38 178 30
38 178 34
38 178 38
38 178 42
38 178 46
38 178 50
38 178 150
38 178 154
38 178 158
38 178 162
38 178 166
38 178 170
38 178 174
38 178 178
42 22 22
42 22 26
42 22 30
42 22 34
42 22 38
42 22 42
42 22 46
42 22 50
42 22 150
42 22 154
42 22 158
42 22 162
42 22 166
42 22 170
42 22 174
42 22 178
42 26 22
42 26 26
42 26 30
42 26 34
42 26 38
42 26 42
42 26 46
42 26 50
42 26 150
42 26 154
42 26 158
42 26 162
42 26 166
42 26 170
42 26 174
42 26 178
42 30 22
42 30 26
42 30 30
42 30 34
42 30 38
42 30 42
42 30 46
42 30 50
42 30 150
42 30 154
42 30 158
42 30 162
42 30 166
42 30 170
42 30 174
42 30 178
42 34 22
42 34 26
42 34 30
42 34 34
42 34 38
42 34 42
42 34 46
42 34 50
42 34 150
42 34 154
42 34 158
42 34 162
42 34 166
42 34 170
42 34 174
42 34 178
42 38 22
42 38 26
42 38 30
42 38 34
42 38 38
42 38 42
42 38 46
42 38 50
42 38 150
42 38 154
42 38 158
42 38 162
42 38 166
42 38 170
42 38 174
42 38 178
42 42 22
42 42 26
42 42 30
42 42 34
42 42 38
42 42 42
42 42 46
42 42 50
42 42 150
42 42 154
42 42 158
42 42 162
42 42 166
42 42 170
42 42 174
42 42 178
42 46 22
42 46 26
42 46 30
42 46 34
42 46 38
42 46 42
42 46 46
42 46 50
42 46 150
42 46 154
42 46 158
42 46 162
42 46 166
42 46 170
42 46 174
42 46 178
42 50 22
42 50 26
42 50 30
42 50 34
42 50 38
42 50 42
42 50 46
42 50 50
42 50 150
42 50 154
42 50 158
42 50 162
42 50 166
42 50 170
42 50 174
42 50 178
42 150 22
42 150 26
42 150 30
42 150 34
42 150 38
42 150 42
42 150 46
42 150 50
42 150 150
42 150 154
42 150 158
42 150 162
42 150 166
42 150 170
42 150 174
42 150 178
42 154 22
42 154 26
42 154 30
42 154 34
42 154 38
42 154 42
42 154 46
42 154 50
42 154 150
42 154 154
42 154 158
42 154 162
42 154 166
42 154 170
42 154 174
42 154 178
42 158 22
42 158 26
42 158 30
42 158 34
42 158 38
42 158 42
42 158 46
42 158 50
42 158 150
42 158 154
42 158 158
42 158 162
42 158 166
42 158 170
42 158 174
42 158 178
42 162 22
42 162 26
42 162 30
42 162 34
42 162 38
42 162 42
42 162 46
42 162 50
42 162 150
42 162 154
42 162 158
42 162 162
42 162 166
42 162 170
42 162 174
42 162 178
42 166 22
42 166 26
42 166 30
42 166 34
42 166 38
42 166 42
42 166 46
42 166 50
42 166 150
42 166 154
42 166 158
42 166 162
42 166 166
42 166 170
42 166 174
42 166 178
42 170 22
42 170 26
42 170 30
42 170 34
42 170 38
42 170 42
42 170 46
42 170 50
42 170 150
42 170 154
42 170 158
42 170 162
42 170 166
42 170 170
42 170 174
42 170 178
42 174 22
42 174 26
42 174 30
42 174 34
42 174 38
42 174 42
42 174 46
42 174 50
42 174 150
42 174 154
42 174 158
42 174 162
42 174 166
42 174 170
42 174 174
42 174 178
42 178 22
42 178 26
42 178 30
42 178 34
42 178 38
42 178 42
42 178 46
42 178 50
42 178 150
42 178 154
42 178 158
42 178 162
42 178 166
42 178 170
42 178 174
42 178 178
46 22 22
46 22 26
46 22 30
46 22 34
46 22 38
46 22 42
46 22 46
46 22 50
46 22 150
46 22 154
46 22 158
46 22 162
46 22 166
46 22 170
46 22 174
46 22 178
46 26 22
46 26 26
46 26 30
46 26 34
46 26 38
46 26 42
46 26 46
46 26 50
46 26 150
46 26 154
46 26 158
46 26 162
46 26 166
46 26 170
46 26 174
46 26 178
46 30 22
46 30 26
46 30 30
46 30 34
46 30 38
46 30 42
46 30 46
46 30 50
46 30 150
46 30 154
46 30 158
46 30 162
46 30 166
46 30 170
46 30 174
46 30 178
46 34 22
46 34 26
46 34 30
46 34 34
46 34 38
46 34 42
46 34 46
46 34 50
46 34 150
46 34 154
46 34 158
46 34 162
46 34 166
46 34 170
46 34 174
46 34 178
46 38 22
46 38 26
46 38 30
46 38 34
46 38 38
46 38 42
46 38 46
46 38 50
46 38 150
46 38 154
46 38 158
46 38 162
46 38 166
46 38 170
46 38 174
46 38 178
46 42 22
46 42 26
46 42 30
46 42 34
46 42 38
46 42 42
46 42 46
46 42 50
46 42 150
46 42 154
46 42 158
46 42 162
46 42 166
46 42 170
46 42 174
46 42 178
46 46 22
46 46 26
46 46 30
46 46 34
46 46 38
46 46 42
46 46 46
46 46 50
46 46 150
46 46 154
46 46 158
46 46 162
46 46 166
46 46 170
46 46 174
46 46 178
46 50 22
46 50 26
46 50 30
46 50 34
46 50 38
46 50 42
46 50 46
46 50 50
46 50 150
46 50 154
46 50 158
46 50 162
46 50 166
46 50 170
46 50 174
46 50 178
46 150 22
46 150 26
46 150 30
46 150 34
46 150 38
46 150 42
46 150 46
46 150 50
46 150 150
46 150 154
46 150 158
46 150 162
46 150 166
46 150 170
46 150 174
46 150 178
46 154 22
46 154 26
46 154 30
46 154 34
46 154 38
46 154 42
46 154 46
46 154 50
46 154 150
46 154 154
46 154 158
46 154 162
46 154 166
46 154 170
46 154 174
46 154 178
46 158 22
46 158 26
46 158 30
46 158 34
46 158 38
46 158 42
46 158 46
46 158 50
46 158 150
46 158 154
46 158 158
46 158 162
46 158 166
46 158 170
46 158 174
46 158 178
46 162 22
46 162 26
46 162 30
46 162 34
46 162 38
46 162 42
46 162 46
46 162 50
46 162 150
46 162 154
46 162 158
46 162 162
46 162 166
46 162 170
46 162 174
46 162 178
46 166 22
46 166 26
46 166 30
46 166 34
46 166 38
46 166 42
46 166 46
46 166 50
46 166 150
46 166 154
46 166 158
46 166 162
46 166 166
46 166 170
46 166 174
46 166 178
46 170 22
46 170 26
46 170 30
46 170 34
46 170 38
46 170 42
46 170 46
46 170 50
46 170 150
46 170 154
46 170 158
46 170 162
46 170 166
46 170 170
46 170 174
46 170 178
46 174 22
46 174 26
46 174 30
46 174 34
46 174 38
46 174 42
46 174 46
46 174 50
46 174 150
46 174 154
46 174 158
46 174 162
46 174 166
46 174 170
46 174 174
46 174 178
46 178 22
46 178 26
46 178 30
46 178 34
46 178 38
46 178 42
46 178 46
46 178 50
46 178 150
46 178 154
46 178 158
46 178 162
46 178 166
46 178 170
46 178 174
46 178 178
50 22 22
50 22 26
50 22 30
50 22 34
50 22 38
50 22 42
50 22 46
50 22 50
50 22 150
50 22 154
50 22 158
50 22 162
50 22 166
50 22 170
50 22 174
50 22 178
50 26 22
50 26 26
50 26 30
50 26 34
50 26 38
50 26 42
50 26 46
50 26 50
50 26 150
50 26 154
50 26 158
50 26 162
50 26 166
50 26 170
50 26 174
50 26 178
50 30 22
50 30 26
50 30 30
50 30 34
50 30 38
50 30 42
50 30 46
50 30 50
50 30 150
50 30 154
50 30 158
50 30 162
50 30 166
50 30 170
50 30 174
50 30 178
50 34 22
50 34 26
50 34 30
50 34 34
50 34 38
50 34 42
50 34 46
50 34 50
50 34 150
50 34 154
50 34 158
50 34 162
50 34 166
50 34 170
50 34 174
50 34 178
50 38 22
50 38 26
50 38 30
50 38 34
50 38 38
50 38 42
50 38 46
50 38 50
50 38 150
50 38 154
50 38 158
50 38 162
50 38 166
50 38 170
50 38 174
50 38 178
50 42 22
50 42 26
50 42 30
50 42 34
50 42 38
50 42 42
50 42 46
50 42 50
50 42 150
50 42 154
50 42 158
50 42 162
50 42 166
50 42 170
50 42 174
50 42 178
50 46 22
50 46 26
50 46 30
50 46 34
50 46 38
50 46 42
50 46 46
50 46 50
50 46 150
50 46 154
50 46 158
50 46 162
50 46 166
50 46 170
50 46 174
50 46 178
50 50 22
50 50 26
50 50 30
50 50 34
50 50 38
50 50 42
50 50 46
50 50 50
50 50 150
50 50 154
50 50 158
50 50 162
50 50 166
50 50 170
50 50 174
50 50 178
50 150 22
50 150 26
50 150 30
50 150 34
50 150 38
50 150 42
50 150 46
50 150 50
50 150 150
50 150 154
50 150 158
50 150 162
50 150 166
50 150 170
50 150 174
50 150 178
50 154 22
50 154 26
50 154 30
50 154 34
50 154 38
50 154 42
50 154 46
50 154 50
50 154 150
50 154 154
50 154 158
50 154 162
50 154 166
50 154 170
50 154 174
50 154 178
50 158 22
50 158 26
50 158 30
50 158 34
50 158 38
50 158 42
50 158 46
50 158 50
50 158 150
50 158 154
50 158 158
50 158 162
50 158 166
50 158 170
50 158 174
50 158 178
50 162 22
50 162 26
50 162 30
50 162 34
50 162 38
50 162 42
50 162 46
50 162 50
50 162 150
50 162 154
50 162 158
50 162 162
50 162 166
50 162 170
50 162 174
50 162 178
50 166 22
50 166 26
50 166 30
50 166 34
50 166 38
50 166 42
50 166 46
50 166 50
50 166 150
50 166 154
50 166 158
50 166 162
50 166 166
50 166 170
50 166 174
50 166 178
50 170 22
50 170 26
50 170 30
50 170 34
50 170 38
50 170 42
50 170 46
50 170 50
50 170 150
50 170 154
50 170 158
50 170 162
50 170 166
50 170 170
50 170 174
50 170 178
50 174 22
50 174 26
50 174 30
50 174 34
50 174 38
50 174 42
50 174 46
50 174 50
50 174 150
50 174 154
50 174 158
50 174 162
50 174 166
50 174 170
50 174 174
50 174 178
50 178 22
50 178 26
50 178 30
50 178 34
50 178 38
50 178 42
50 178 46
50 178 50
50 178 150
50 178 154
50 178 158
50 178 162
50 178 166
50 178 170
50 178 174
50 178 178
150 22 22
150 22 26
150 22 30
150 22 34
150 22 38
150 22 42
150 22 46
150 22 50
150 22 150
150 22 154
150 22 158
150 22 162
150 22 166
150 22 170
150 22 174
150 22 178
150 26 22
150 26 26
150 26 30
150 26 34
150 26 38
150 26 42
150 26 46
150 26 50
150 26 150
150 26 154
150 26 158
150 26 162
150 26 166
150 26 170
150 26 174
150 26 178
150 30 22
150 30 26
150 30 30
150 30 34
150 30 38
150 30 42
150 30 46
150 30 50
150 30 150
150 30 154
150 30 158
150 30 162
150 30 166
150 30 170
150 30 174
150 30 178
150 34 22
150 34 26
150 34 30
150 34 34
150 34 38
150 34 42
150 34 46
150 34 50
150 34 150
150 34 154
150 34 158
150 34 162
150 34 166
150 34 170
150 34 174
150 34 178
150 38 22
150 38 26
150 38 30
150 38 34
150 38 38
150 38 42
150 38 46
150 38 50
150 38 150
150 38 154
150 38 158
150 38 162
150 38 166
150 38 170
150 38 174
150 38 178
150 42 22
150 42 26
150 42 30
150 42 34
150 42 38
150 42 42
150 42 46
150 42 50
150 42 150
150 42 154
150 42 158
150 42 162
150 42 166
150 42 170
150 42 174
150 42 178
150 46 22
150 46 26
150 46 30
150 46 34
150 46 38
150 46 42
150 46 46
150 46 50
150 46 150
150 46 154
150 46 158
150 46 162
150 46 166
150 46 170
150 46 174
150 46 178
150 50 22
150 50 26
150 50 30
150 50 34
150 50 38
150 50 42
150 50 46
150 50 50
150 50 150
150 50 154
150 50 158
150 50 162
150 50 166
150 50 170
150 50 174
150 50 178
150 150 22
150 150 26
150 150 30
150 150 34
150 150 38
150 150 42
150 150 46
150 150 50
150 150 150
150 150 154
150 150 158
150 150 162
150 150 166
150 150 170
150 150 174
150 150 178
150 154 22
150 154 26
150 154 30
150 154 34
150 154 38
150 154 42
150 154 46
150 154 50
150 154 150
150 154 154
150 154 158
150 154 162
150 154 166
150 154 170
150 154 174
150 154 178
150 158 22
150 158 26
150 158 30
150 158 34
150 158 38
150 158 42
150 158 46
150 158 50
150 158 150
150 158 154
150 158 158
150 158 162
150 158 166
150 158 170
150 158 174
150 158 178
150 162 22
150 162 26
150 162 30
150 162 34
150 162 38
150 162 42
150 162 46
150 162 50
150 162 150
150 162 154
150 162 158
150 162 162
150 162 166
150 162 170
150 162 174
150 162 178
150 166 22
150 166 26
150 166 30
150 166 34
150 166 38
150 166 42
150 166 46
150 166 50
150 166 150
150 166 154
150 166 158
150 166 162
150 166 166
150 166 170
150 166 174
150 166 178
150 170 22
150 170 26
150 170 30
150 170 34
150 170 38
150 170 42
150 170 46
150 170 50
150 170 150
150 170 154
150 170 158
150 170 162
150 170 166
150 170 170
150 170 174
150 170 178
150 174 22
150 174 26
150 174 30
150 174 34
150 174 38
150 174 42
150 174 46
150 174 50
150 174 150
150 174 154
150 174 158
150 174 162
150 174 166
150 174 170
150 174 174
150 174 178
150 178 22
150 178 26
150 178 30
150 178 34
150 178 38
150 178 42
150 178 46
150 178 50
150 178 150
150 178 154
150 178 158
150 178 162
150 178 166
150 178 170
150 178 174
150 178 178
154 22 22
154 22 26
154 22 30
154 22 34
154 22 38
154 22 42
154 22 46
154 22 50
154 22 150
154 22 154
154 22 158
154 22 162
154 22 166
154 22 170
154 22 174
154 22 178
154 26 22
154 26 26
154 26 30
154 26 34
154 26 38
154 26 42
154 26 46
154 26 50
154 26 150
154 26 154
154 26 158
154 26 162
154 26 166
154 26 170
154 26 174
154 26 178
154 30 22
154 30 26
154 30 30
154 30 34
154 30 38
154 30 42
154 30 46
154 30 50
154 30 150
154 30 154
154 30 158
154 30 162
154 30 166
154 30 170
154 30 174
154 30 178
154 34 22
154 34 26
154 34 30
154 34 34
154 34 38
154 34 42
154 34 46
154 34 50
154 34 150
154 34 154
154 34 158
154 34 162
154 34 166
154 34 170
154 34 174
154 34 178
154 38 22
154 38 26
154 38 30
154 38 34
154 38 38
154 38 42
154 38 46
154 38 50
154 38 150
154 38 154
154 38 158
154 38 162
154 38 166
154 38 170
154 38 174
154 38 178
154 42 22
154 42 26
154 42 30
154 42 34
154 42 38
154 42 42
154 42 46
154 42 50
154 42 150
154 42 154
154 42 158
154 42 162
154 42 166
154 42 170
154 42 174
154 42 178
154 46 22
154 46 26
154 46 30
154 46 34
154 46 38
154 46 42
154 46 46
154 46 50
154 46 150
154 46 154
154 46 158
154 46 162
154 46 166
154 46 170
154 46 174
154 46 178
154 50 22
154 50 26
154 50 30
154 50 34
154 50 38
154 50 42
154 50 46
154 50 50
154 50 150
154 50 154
154 50 158
154 50 162
154 50 166
154 50 170
154 50 174
154 50 178
154 150 22
154 150 26
154 150 30
154 150 34
154 150 38
154 150 42
154 150 46
154 150 50
154 150 150
154 150 154
154 150 158
154 150 162
154 150 166
154 150 170
154 150 174
154 150 178
154 154 22
154 154 26
154 154 30
154 154 34
154 154 38
154 154 42
154 154 46
154 154 50
154 154 150
154 154 154
154 154 158
154 154 162
154 154 166
154 154 170
154 154 174
154 154 178
154 158 22
154 158 26
154 158 30
154 158 34
154 158 38
154 158 42
154 158 46
154 158 50
154 158 150
154 158 154
154 158 158
154 158 162
154 158 166
154 158 170
154 158 174
154 158 178
154 162 22
154 162 26
154 162 30
154 162 34
154 162 38
154 162 42
154 162 46
154 162 50
154 162 150
154 162 154
154 162 158
154 162 162
154 162 166
154 162 170
154 162 174
154 162 178
154 166 22
154 166 26
154 166 30
154 166 34
154 166 38
154 166 42
154 166 46
154 166 50
154 166 150
154 166 154
154 166 158
154 166 162
154 166 166
154 166 170
154 166 174
154 166 178
154 170 22
154 170 26
154 170 30
154 170 34
154 170 38
154 170 42
154 170 46
154 170 50
154 170 150
154 170 154
154 170 158
154 170 162
154 170 166
154 170 170
154 170 174
154 170 178
154 174 22
154 174 26
154 174 30
154 174 34
154 174 38
154 174 42
154 174 46
154 174 50
154 174 150
154 174 154
154 174 158
154 174 162
154 174 166
154 174 170
154 174 174
154 174 178
154 178 22
154 178 26
154 178 30
154 178 34
154 178 38
154 178 42
154 178 46
154 178 50
154 178 150
154 178 154
154 178 158
154 178 162
154 178 166
154 178 170
154 178 174
154 178 178
158 22 22
158 22 26
158 22 30
158 22 34
158 22 38
158 22 42
158 22 46
158 22 50
158 22 150
158 22 154
158 22 158
158 22 162
158 22 166
158 22 170
158 22 174
158 22 178
158 26 22
158 26 26
158 26 30
158 26 34
158 26 38
158 26 42
158 26 46
158 26 50
158 26 150
158 26 154
158 26 158
158 26 162
158 26 166
158 26 170
158 26 174
158 26 178
158 30 22
158 30 26
158 30 30
158 30 34
158 30 38
158 30 42
158 30 46
158 30 50
158 30 150
158 30 154
158 30 158
158 30 162
158 30 166
158 30 170
158 30 174
158 30 178
158 34 22
158 34 26
158 34 30
158 34 34
158 34 38
158 34 42
158 34 46
158 34 50
158 34 150
158 34 154
158 34 158
158 34 162
158 34 166
158 34 170
158 34 174
158 34 178
158 38 22
158 38 26
158 38 30
158 38 34
158 38 38
158 38 42
158 38 46
158 38 50
158 38 150
158 38 154
158 38 158
158 38 162
158 38 166
158 38 170
158 38 174
158 38 178
158 42 22
158 42 26
158 42 30
158 42 34
158 42 38
158 42 42
158 42 46
158 42 50
158 42 150
158 42 154
158 42 158
158 42 162
158 42 166
158 42 170
158 42 174
158 42 178
158 46 22
158 46 26
158 46 30
158 46 34
158 46 38
158 46 42
158 46 46
158 46 50
158 46 150
158 46 154
158 46 158
158 46 162
158 46 166
158 46 170
158 46 174
158 46 178
158 50 22
158 50 26
158 50 30
158 50 34
158 50 38
158 50 42
158 50 46
158 50 50
158 50 150
158 50 154
158 50 158
158 50 162
158 50 166
158 50 170
158 50 174
158 50 178
158 150 22
158 150 26
158 150 30
158 150 34
158 150 38
158 150 42
158 150 46
158 150 50
158 150 150
158 150 154
158 150 158
158 150 162
158 150 166
158 150 170
158 150 174
158 150 178
158 154 22
158 154 26
158 154 30
158 154 34
158 154 38
158 154 42
158 154 46
158 154 50
158 154 150
158 154 154
158 154 158
158 154 162
158 154 166
158 154 170
158 154 174
158 154 178
158 158 22
158 158 26
158 158 30
158 158 34
158 158 38
158 158 42
158 158 46
158 158 50
158 158 150
158 158 154
158 158 158
158 158 162
158 158 166
158 158 170
158 158 174
158 158 178
158 162 22
158 162 26
158 162 30
158 162 34
158 162 38
158 162 42
158 162 46
158 162 50
158 162 150
158 162 154
158 162 158
158 162 162
158 162 166
158 162 170
158 162 174
158 162 178
158 166 22
158 166 26
158 166 30
158 166 34
158 166 38
158 166 42
158 166 46
158 166 50
158 166 150
158 166 154
158 166 158
158 166 162
158 166 166
158 166 170
158 166 174
158 166 178
158 170 22
158 170 26
158 170 30
158 170 34
158 170 38
158 170 42
158 170 46
158 170 50
158 170 150
158 170 154
158 170 158
158 170 162
158 170 166
158 170 170
158 170 174
158 170 178
158 174 22
158 174 26
158 174 30
158 174 34
158 174 38
158 174 42
158 174 46
158 174 50
158 174 150
158 174 154
158 174 158
158 174 162
158 174 166
158 174 170
158 174 174
158 174 178
158 178 22
158 178 26
158 178 30
158 178 34
158 178 38
158 178 42
158 178 46
158 178 50
158 178 150
158 178 154
158 178 158
158 178 162
158 178 166
158 178 170
158 178 174
158 178 178
162 22 22
162 22 26
162 22 30
162 22 34
162 22 38
162 22 42
162 22 46
162 22 50
162 22 150
162 22 154
162 22 158
162 22 162
162 22 166
162 22 170
162 22 174
162 22 178
162 26 22
162 26 26
162 26 30
162 26 34
162 26 38
162 26 42
162 26 46
162 26 50
162 26 150
162 26 154
162 26 158
162 26 162
162 26 166
162 26 170
162 26 174
162 26 178
162 30 22
162 30 26
162 30 30
162 30 34
162 30 38
162 30 42
162 30 46
162 30 50
162 30 150
162 30 154
162 30 158
162 30 162
162 30 166
162 30 170
162 30 174
162 30 178
162 34 22
162 34 26
162 34 30
162 34 34
162 34 38
162 34 42
162 34 46
162 34 50
162 34 150
162 34 154
162 34 158
162 34 162
162 34 166
162 34 170
162 34 174
162 34 178
162 38 22
162 38 26
162 38 30
162 38 34
162 38 38
162 38 42
162 38 46
162 38 50
162 38 150
162 38 154
162 38 158
162 38 162
162 38 166
162 38 170
162 38 174
162 38 178
162 42 22
162 42 26
162 42 30
162 42 34
162 42 38
162 42 42
162 42 46
162 42 50
162 42 150
162 42 154
162 42 158
162 42 162
162 42 166
162 42 170
162 42 174
162 42 178
162 46 22
162 46 26
162 46 30
162 46 34
162 46 38
162 46 42
162 46 46
162 46 50
162 46 150
162 46 154
162 46 158
162 46 162
162 46 166
162 46 170
162 46 174
162 46 178
162 50 22
162 50 26
162 50 30
162 50 34
162 50 38
162 50 42
162 50 46
162 50 50
162 50 150
162 50 154
162 50 158
162 50 162
162 50 166
162 50 170
162 50 174
162 50 178
162 150 22
162 150 26
162 150 30
162 150 34
162 150 38
162 150 42
162 150 46
162 150 50
162 150 150
162 150 154
162 150 158
162 150 162
162 150 166
162 150 170
162 150 174
162 150 178
162 154 22
162 154 26
162 154 30
162 154 34
162 154 38
162 154 42
162 154 46
162 154 50
162 154 150
162 154 154
162 154 158
162 154 162
162 154 166
162 154 170
162 154 174
162 154 178
162 158 22
162 158 26
162 158 30
162 158 34
162 158 38
162 158 42
162 158 46
162 158 50
162 158 150
162 158 154
162 158 158
162 158 162
162 158 166
162 158 170
162 158 174
162 158 178
162 162 22
162 162 26
162 162 30
162 162 34
162 162 38
162 162 42
162 162 46
162 162 50
162 162 150
162 162 154
162 162 158
162 162 162
162 162 166
162 162 170
162 162 174
162 162 178
162 166 22
162 166 26
162 166 30
162 166 34
162 166 38
162 166 42
162 166 46
162 166 50
162 166 150
162 166 154
162 166 158
162 166 162
162 166 166
162 166 170
162 166 174
162 166 178
162 170 22
162 170 26
162 170 30
162 170 34
162 170 38
162 170 42
162 170 46
162 170 50
162 170 150
162 170 154
162 170 158
162 170 162
162 170 166
162 170 170
162 170 174
162 170 178
162 174 22
162 174 26
162 174 30
162 174 34
162 174 38
162 174 42
162 174 46
162 174 50
162 174 150
162 174 154
162 174 158
162 174 162
162 174 166
162 174 170
162 174 174
162 174 178
162 178 22
162 178 26
162 178 30
162 178 34
162 178 38
162 178 42
162 178 46
162 178 50
162 178 150
162 178 154
162 178 158
162 178 162
162 178 166
162 178 170
162 178 174
162 178 178
166 22 22
166 22 26
166 22 30
166 22 34
166 22 38
166 22 42
166 22 46
166 22 50
166 22 150
166 22 154
166 22 158
166 22 162
166 22 166
166 22 170
166 22 174
166 22 178
166 26 22
166 26 26
166 26 30
166 26 34
166 26 38
166 26 42
166 26 46
166 26 50
166 26 150
166 26 154
166 26 158
166 26 162
166 26 166
166 26 170
166 26 174
166 26 178
166 30 22
166 30 26
166 30 30
166 30 34
166 30 38
166 30 42
166 30 46
166 30 50
166 30 150
166 30 154
166 30 158
166 30 162
166 30 166
166 30 170
166 30 174
166 30 178
166 34 22
166 34 26
166 34 30
166 34 34
166 34 38
166 34 42
166 34 46
166 34 50
166 34 150
166 34 154
166 34 158
166 34 162
166 34 166
166 34 170
166 34 174
166 34 178
166 38 22
166 38 26
166 38 30
166 38 34
166 38 38
166 38 42
166 38 46
166 38 50
166 38 150
166 38 154
166 38 158
166 38 162
166 38 166
166 38 170
166 38 174
166 38 178
166 42 22
166 42 26
166 42 30
166 42 34
166 42 38
166 42 42
166 42 46
166 42 50
166 42 150
166 42 154
166 42 158
166 42 162
166 42 166
166 42 170
166 42 174
166 42 178
166 46 22
166 46 26
166 46 30
166 46 34
166 46 38
166 46 42
166 46 46
166 46 50
166 46 150
166 46 154
166 46 158
166 46 162
166 46 166
166 46 170
166 46 174
166 46 178
166 50 22
166 50 26
166 50 30
166 50 34
166 50 38
166 50 42
166 50 46
166 50 50
166 50 150
166 50 154
166 50 158
166 50 162
166 50 166
166 50 170
166 50 174
166 50 178
166 150 22
166 150 26
166 150 30
166 150 34
166 150 38
166 150 42
166 150 46
166 150 50
166 150 150
166 150 154
166 150 158
166 150 162
166 150 166
166 150 170
166 150 174
166 150 178
166 154 22
166 154 26
166 154 30
166 154 34
166 154 38
166 154 42
166 154 46
166 154 50
166 154 150
166 154 154
166 154 158
166 154 162
166 154 166
166 154 170
166 154 174
166 154 178
166 158 22
166 158 26
166 158 30
166 158 34
166 158 38
166 158 42
166 158 46
166 158 50
166 158 150
166 158 154
166 158 158
166 158 162
166 158 166
166 158 170
166 158 174
166 158 178
166 162 22
166 162 26
166 162 30
166 162 34
166 162 38
166 162 42
166 162 46
166 162 50
166 162 150
166 162 154
166 162 158
166 162 162
166 162 166
166 162 170
166 162 174
166 162 178
166 166 22
166 166 26
166 166 30
166 166 34
166 166 38
166 166 42
166 166 46
166 166 50
166 166 150
166 166 154
166 166 158
166 166 162
166 166 166
166 166 170
166 166 174
166 166 178
166 170 22
166 170 26
166 170 30
166 170 34
166 170 38
166 170 42
166 170 46
166 170 50
166 170 150
166 170 154
166 170 158
166 170 162
166 170 166
166 170 170
166 170 174
166 170 178
166 174 22
166 174 26
166 174 30
166 174 34
166 174 38
166 174 42
166 174 46
166 174 50
166 174 150
166 174 154
166 174 158
166 174 162
166 174 166
166 174 170
166 174 174
166 174 178
166 178 22
166 178 26
166 178 30
166 178 34
166 178 38
166 178 42
166 178 46
166 178 50
166 178 150
166 178 154
166 178 158
166 178 162
166 178 166
166 178 170
166 178 174
166 178 178
170 22 22
170 22 26
170 22 30
170 22 34
170 22 38
170 22 42
170 22 46
170 22 50
170 22 150
170 22 154
170 22 158
170 22 162
170 22 166
170 22 170
170 22 174
170 22 178
170 26 22
170 26 26
170 26 30
170 26 34
170 26 38
170 26 42
170 26 46
170 26 50
170 26 150
170 26 154
170 26 158
170 26 162
170 26 166
170 26 170
170 26 174
170 26 178
170 30 22
170 30 26
170 30 30
170 30 34
170 30 38
170 30 42
170 30 46
170 30 50
170 30 150
170 30 154
170 30 158
170 30 162
170 30 166
170 30 170
170 30 174
170 30 178
170 34 22
170 34 26
170 34 30
170 34 34
170 34 38
170 34 42
170 34 46
170 34 50
170 34 150
170 34 154
170 34 158
170 34 162
170 34 166
170 34 170
170 34 174
170 34 178
170 38 22
170 38 26
170 38 30
170 38 34
170 38 38
170 38 42
170 38 46
170 38 50
170 38 150
170 38 154
170 38 158
170 38 162
170 38 166
170 38 170
170 38 174
170 38 178
170 42 22
170 42 26
170 42 30
170 42 34
170 42 38
170 42 42
170 42 46
170 42 50
170 42 150
170 42 154
170 42 158
170 42 162
170 42 166
170 42 170
170 42 174
170 42 178
170 46 22
170 46 26
170 46 30
170 46 34
170 46 38
170 46 42
170 46 46
170 46 50
170 46 150
170 46 154
170 46 158
170 46 162
170 46 166
170 46 170
170 46 174
170 46 178
170 50 22
170 50 26
170 50 30
170 50 34
170 50 38
170 50 42
170 50 46
170 50 50
170 50 150
170 50 154
170 50 158
170 50 162
170 50 166
170 50 170
170 50 174
170 50 178
170 150 22
170 150 26
170 150 30
170 150 34
170 150 38
170 150 42
170 150 46
170 150 50
170 150 150
170 150 154
170 150 158
170 150 162
170 150 166
170 150 170
170 150 174
170 150 178
170 154 22
170 154 26
170 154 30
170 154 34
170 154 38
170 154 42
170 154 46
170 154 50
170 154 150
170 154 154
170 154 158
170 154 162
170 154 166
170 154 170
170 154 174
170 154 178
170 158 22
170 158 26
170 158 30
170 158 34
170 158 38
170 158 42
170 158 46
170 158 50
170 158 150
170 158 154
170 158 158
170 158 162
170 158 166
170 158 170
170 158 174
170 158 178
170 162 22
170 162 26
170 162 30
170 162 34
170 162 38
170 162 42
170 162 46
170 162 50
170 162 150
170 162 154
170 162 158
170 162 162
170 162 166
170 162 170
170 162 174
170 162 178
170 166 22
170 166 26
170 166 30
170 166 34
170 166 38
170 166 42
170 166 46
170 166 50
170 166 150
170 166 154
170 166 158
170 166 162
170 166 166
170 166 170
170 166 174
170 166 178
170 170 22
170 170 26
170 170 30
170 170 34
170 170 38
170 170 42
170 170 46
170 170 50
170 170 150
170 170 154
170 170 158
170 170 162
170 170 166
170 170 170
170 170 174
170 170 178
170 174 22
170 174 26
170 174 30
170 174 34
170 174 38
170 174 42
170 174 46
170 174 50
170 174 150
170 174 154
170 174 158
170 174 162
170 174 166
170 174 170
170 174 174
170 174 178
170 178 22
170 178 26
170 178 30
170 178 34
170 178 38
170 178 42
170 178 46
170 178 50
170 178 150
170 178 154
170 178 158
170 178 162
170 178 166
170 178 170
170 178 174
170 178 178
174 22 22
174 22 26
174 22 30
174 22 34
174 22 38
174 22 42
174 22 46
174 22 50
174 22 150
174 22 154
174 22 158
174 22 162
174 22 166
174 22 170
174 22 174
174 22 178
174 26 22
174 26 26
174 26 30
174 26 34
174 26 38
174 26 42
174 26 46
174 26 50
174 26 150
174 26 154
174 26 158
174 26 162
174 26 166
174 26 170
174 26 174
174 26 178
174 30 22
174 30 26
174 30 30
174 30 34
174 30 38
174 30 42
174 30 46
174 30 50
174 30 150
174 30 154
174 30 158
174 30 162
174 30 166
174 30 170
174 30 174
174 30 178
174 34 22
174 34 26
174 34 30
174 34 34
174 34 38
174 34 42
174 34 46
174 34 50
174 34 150
174 34 154
174 34 158
174 34 162
174 34 166
174 34 170
174 34 174
174 34 178
174 38 22
174 38 26
174 38 30
174 38 34
174 38 38
174 38 42
174 38 46
174 38 50
174 38 150
174 38 154
174 38 158
174 38 162
174 38 166
174 38 170
174 38 174
174 38 178
174 42 22
174 42 26
174 42 30
174 42 34
174 42 38
174 42 42
174 42 46
174 42 50
174 42 150
174 42 154
174 42 158
174 42 162
174 42 166
174 42 170
174 42 174
174 42 178
174 46 22
174 46 26
174 46 30
174 46 34
174 46 38
174 46 42
174 46 46
174 46 50
174 46 150
174 46 154
174 46 158
174 46 162
174 46 166
174 46 170
174 46 174
174 46 178
174 50 22
174 50 26
174 50 30
174 50 34
174 50 38
174 50 42
174 50 46
174 50 50
174 50 150
174 50 154
174 50 158
174 50 162
174 50 166
174 50 170
174 50 174
174 50 178
174 150 22
174 150 26
174 150 30
174 150 34
174 150 38
174 150 42
174 150 46
174 150 50
174 150 150
174 150 154
174 150 158
174 150 162
174 150 166
174 150 170
174 150 174
174 150 178
174 154 22
174 154 26
174 154 30
174 154 34
174 154 38
174 154 42
174 154 46
174 154 50
174 154 150
174 154 154
174 154 158
174 154 162
174 154 166
174 154 170
174 154 174
174 154 178
174 158 22
174 158 26
174 158 30
174 158 34
174 158 38
174 158 42
174 158 46
174 158 50
174 158 150
174 158 154
174 158 158
174 158 162
174 158 166
174 158 170
174 158 174
174 158 178
174 162 22
174 162 26
174 162 30
174 162 34
174 162 38
174 162 42
174 162 46
174 162 50
174 162 150
174 162 154
174 162 158
174 162 162
174 162 166
174 162 170
174 162 174
174 162 178
174 166 22
174 166 26
174 166 30
174 166 34
174 166 38
174 166 42
174 166 46
174 166 50
174 166 150
174 166 154
174 166 158
174 166 162
174 166 166
174 166 170
174 166 174
174 166 178
174 170 22
174 170 26
174 170 30
174 170 34
174 170 38
174 170 42
174 170 46
174 170 50
174 170 150
174 170 154
174 170 158
174 170 162
174 170 166
174 170 170
174 170 174
174 170 178
174 174 22
174 174 26
174 174 30
174 174 34
174 174 38
174 174 42
174 174 46
174 174 50
174 174 150
174 174 154
174 174 158
174 174 162
174 174 166
174 174 170
174 174 174
174 174 178
174 178 22
174 178 26
174 178 30
174 178 34
174 178 38
174 178 42
174 178 46
174 178 50
174 178 150
174 178 154
174 178 158
174 178 162
174 178 166
174 178 170
174 178 174
174 178 178
178 22 22
178 22 26
178 22 30
178 22 34
178 22 38
178 22 42
178 22 46
178 22 50
178 22 150
178 22 154
178 22 158
178 22 162
178 22 166
178 22 170
178 22 174
178 22 178
178 26 22
178 26 26
178 26 30
178 26 34
178 26 38
178 26 42
178 26 46
178 26 50
178 26 150
178 26 154
178 26 158
178 26 162
178 26 166
178 26 170
178 26 174
178 26 178
178 30 22
178 30 26
178 30 30
178 30 34
178 30 38
178 30 42
178 30 46
178 30 50
178 30 150
178 30 154
178 30 158
178 30 162
178 30 166
178 30 170
178 30 174
178 30 178
178 34 22
178 34 26
178 34 30
178 34 34
178 34 38
178 34 42
178 34 46
178 34 50
178 34 150
178 34 154
178 34 158
178 34 162
178 34 166
178 34 170
178 34 174
178 34 178
178 38 22
178 38 26
178 38 30
178 38 34
178 38 38
178 38 42
178 38 46
178 38 50
178 38 150
178 38 154
178 38 158
178 38 162
178 38 166
178 38 170
178 38 174
178 38 178
178 42 22
178 42 26
178 42 30
178 42 34
178 42 38
178 42 42
178 42 46
178 42 50
178 42 150
178 42 154
178 42 158
178 42 162
178 42 166
178 42 170
178 42 174
178 42 178
178 46 22
178 46 26
178 46 30
178 46 34
178 46 38
178 46 42
178 46 46
178 46 50
178 46 150
178 46 154
178 46 158
178 46 162
178 46 166
178 46 170
178 46 174
178 46 178
178 50 22
178 50 26
178 50 30
178 50 34
178 50 38
178 50 42
178 50 46
178 50 50
178 50 150
178 50 154
178 50 158
178 50 162
178 50 166
178 50 170
178 50 174
178 50 178
178 150 22
178 150 26
178 150 30
178 150 34
178 150 38
178 150 42
178 150 46
178 150 50
178 150 150
178 150 154
178 150 158
178 150 162
178 150 166
178 150 170
178 150 174
178 150 178
178 154 22
178 154 26
178 154 30
178 154 34
178 154 38
178 154 42
178 154 46
178 154 50
178 154 150
178 154 154
178 154 158
178 154 162
178 154 166
178 154 170
178 154 174
178 154 178
178 158 22
178 158 26
178 158 30
178 158 34
178 158 38
178 158 42
178 158 46
178 158 50
178 158 150
178 158 154
178 158 158
178 158 162
178 158 166
178 158 170
178 158 174
178 158 178
178 162 22
178 162 26
178 162 30
178 162 34
178 162 38
178 162 42
178 162 46
178 162 50
178 162 150
178 162 154
178 162 158
178 162 162
178 162 166
178 162 170
178 162 174
178 162 178
178 166 22
178 166 26
178 166 30
178 166 34
178 166 38
178 166 42
178 166 46
178 166 50
178 166 150
178 166 154
178 166 158
178 166 162
178 166 166
178 166 170
178 166 174
178 166 178
178 170 22
178 170 26
178 170 30
178 170 34
178 170 38
178 170 42
178 170 46
178 170 50
178 170 150
178 170 154
178 170 158
178 170 162
178 170 166
178 170 170
178 170 174
178 170 178
178 174 22
178 174 26
178 174 30
178 174 34
178 174 38
178 174 42
178 174 46
178 174 50
178 174 150
178 174 154
178 174 158
178 174 162
178 174 166
178 174 170
178 174 174
178 174 178
178 178 22
178 178 26
178 178 30
178 178 34
178 178 38
178 178 42
178 178 46
178 178 50
178 178 150
178 178 154
178 178 158
178 178 162
178 178 166
178 178 170
178 178 174
178 178 178
