200
2 2 2
2 2 14
2 2 18
2 2 30
2 2 34
2 2 46
2 2 50
2 2 146
2 2 150
2 2 162
2 2 166
2 2 178
2 2 182
2 2 194
2 2 198
2 14 2
2 14 14
2 14 18
2 14 30
2 14 34
2 14 46
2 14 50
2 14 146
2 14 150
2 14 162
2 14 166
2 14 178
2 14 182
2 14 194
2 14 198
2 18 2
2 18 14
2 18 18
2 18 30
2 18 34
2 18 46
2 18 50
2 18 146
2 18 150
2 18 162
2 18 166
2 18 178
2 18 182
2 18 194
2 18 198
2 30 2
2 30 14
2 30 18
2 30 30
2 30 34
2 30 46
2 30 50
2 30 146
2 30 150
2 30 162
2 30 166
2 30 178
2 30 182
2 30 194
2 30 198
2 34 2
2 34 14
2 34 18
2 34 30
2 34 34
2 34 46
2 34 50
2 34 146
2 34 150
2 34 162
2 34 166
2 34 178
2 34 182
2 34 194
2 34 198
2 46 2
2 46 14
2 46 18
2 46 30
2 46 34
2 46 46
2 46 50
2 46 146
2 46 150
2 46 162
2 46 166
2 46 178
2 46 182
2 46 194
2 46 198
2 50 2
2 50 14
2 50 18
2 50 30
2 50 34
2 50 46
2 50 50
2 50 146
2 50 150
2 50 162
2 50 166
2 50 178
2 50 182
2 50 194
2 50 198
2 146 2
2 146 14
2 146 18
2 146 30
2 146 34
2 146 46
2 146 50
2 146 146
2 146 150
2 146 162
2 146 166
2 146 178
2 146 182
2 146 194
2 146 198
2 150 2
2 150 14
2 150 18
2 150 30
2 150 34
2 150 46
2 150 50
2 150 146
2 150 150
2 150 162
2 150 166
2 150 178
2 150 182
2 150 194
2 150 198
2 162 2
2 162 14
2 162 18
2 162 30
2 162 34
2 162 46
2 162 50
2 162 146
2 162 150
2 162 162
2 162 166
2 162 178
2 162 182
2 162 194
2 162 198
2 166 2
2 166 14
2 166 18
2 166 30
2 166 34
2 166 46
2 166 50
2 166 146
2 166 150
2 166 162
2 166 166
2 166 178
2 166 182
2 166 194
2 166 198
2 178 2
2 178 14
2 178 18
2 178 30
2 178 34
2 178 46
2 178 50
2 178 146
2 178 150
2 178 162
2 178 166
2 178 178
2 178 182
2 178 194
2 178 198
2 182 2
2 182 14
2 182 18
2 182 30
2 182 34
2 182 46
2 182 50
2 182 146
2 182 150
2 182 162
2 182 166
2 182 178
2 182 182
2 182 194
2 182 198
2 194 2
2 194 14
2 194 18
2 194 30
2 194 34
2 194 46
2 194 50
2 194 146
2 194 150
2 194 162
2 194 166
2 194 178
2 194 182
2 194 194
2 194 198
2 198 2
2 198 14
2 198 18
2 198 30
2 198 34
2 198 46
2 198 50
2 198 146
2 198 150
2 198 162
2 198 166
2 198 178
2 198 182
2 198 194
2 198 198
14 2 2
14 2 14
14 2 18
14 2 30
14 2 34
14 2 46
14 2 50
14 2 146
14 2 150
14 2 162
14 2 166
14 2 178
14 2 182
14 2 194
14 2 198
14 14 2
14 14 14
14 14 18
14 14 30
14 14 34
14 14 46
14 14 50
14 14 146
14 14 150
14 14 162
14 14 166
14 14 178
14 14 182
14 14 194
14 14 198
14 18 2
14 18 14
14 18 18
14 18 30
14 18 34
14 18 46
14 18 50
14 18 146
14 18 150
14 18 162
14 18 166
14 18 178
14 18 182
14 18 194
14 18 198
14 30 2
14 30 14
14 30 18
14 30 30
14 30 34
14 30 46
14 30 50
14 30 146
14 30 150
14 30 162
14 30 166
14 30 178
14 30 182
14 30 194
14 30 198
14 34 2
14 34 14
14 34 18
14 34 30
14 34 34
14 34 46
14 34 50
14 34 146
14 34 150
14 34 162
14 34 166
14 34 178
14 34 182
14 34 194
14 34 198
14 46 2
14 46 14
14 46 18
14 46 30
14 46 34
14 46 46
14 46 50
14 46 146
14 46 150
14 46 162
14 46 166
14 46 178
14 46 182
14 46 194
14 46 198
14 50 2
14 50 14
14 50 18
14 50 30
14 50 34
14 50 46
14 50 50
14 50 146
14 50 150
14 50 162
14 50 166
14 50 178
14 50 182
14 50 194
14 50 198
14 146 2
14 146 14
14 146 18
14 146 30
14 146 34
14 146 46
14 146 50
14 146 146
14 146 150
14 146 162
14 146 166
14 146 178
14 146 182
14 146 194
14 146 198
14 150 2
14 150 14
14 150 18
14 150 30
14 150 34
14 150 46
14 150 50
14 150 146
14 150 150
14 150 162
14 150 166
14 150 178
14 150 182
14 150 194
14 150 198
14 162 2
14 162 14
14 162 18
14 162 30
14 162 34
14 162 46
14 162 50
14 162 146
14 162 150
14 162 162
14 162 166
14 162 178
14 162 182
14 162 194
14 162 198
14 166 2
14 166 14
14 166 18
14 166 30
14 166 34
14 166 46
14 166 50
14 166 146
14 166 150
14 166 162
14 166 166
14 166 178
14 166 182
14 166 194
14 166 198
14 178 2
14 178 14
14 178 18
14 178 30
14 178 34
14 178 46
14 178 50
14 178 146
14 178 150
14 178 162
14 178 166
14 178 178
14 178 182
14 178 194
14 178 198
14 182 2
14 182 14
14 182 18
14 182 30
14 182 34
14 182 46
14 182 50
14 182 146
14 182 150
14 182 162
14 182 166
14 182 178
14 182 182
14 182 194
14 182 198
14 194 2
14 194 14
14 194 18
14 194 30
14 194 34
14 194 46
14 194 50
14 194 146
14 194 150
14 194 162
14 194 166
14 194 178
14 194 182
14 194 194
14 194 198
14 198 2
14 198 14
14 198 18
14 198 30
14 198 34
14 198 46
14 198 50
14 198 146
14 198 150
14 198 162
14 198 166
14 198 178
14 198 182
14 198 194
14 198 198
18 2 2
18 2 14
18 2 18
18 2 30
18 2 34
18 2 46
18 2 50
18 2 146
18 2 150
18 2 162
18 2 166
18 2 178
18 2 182
18 2 194
18 2 198
18 14 2
18 14 14
18 14 18
18 14 30
18 14 34
18 14 46
18 14 50
18 14 146
18 14 150
18 14 162
18 14 166
18 14 178
18 14 182
18 14 194
18 14 198
18 18 2
18 18 14
18 18 18
18 18 30
18 18 34
18 18 46
18 18 50
18 18 146
18 18 150
18 18 162
18 18 166
18 18 178
18 18 182
18 18 194
18 18 198
18 30 2
18 30 14
18 30 18
18 30 30
18 30 34
18 30 46
18 30 50
18 30 146
18 30 150
18 30 162
18 30 166
18 30 178
18 30 182
18 30 194
18 30 198
18 34 2
18 34 14
18 34 18
18 34 30
18 34 34
18 34 46
18 34 50
18 34 146
18 34 150
18 34 162
18 34 166
18 34 178
18 34 182
18 34 194
18 34 198
18 46 2
18 46 14
18 46 18
18 46 30
18 46 34
18 46 46
18 46 50
18 46 146
18 46 150
18 46 162
18 46 166
18 46 178
18 46 182
18 46 194
18 46 198
18 50 2
18 50 14
18 50 18
18 50 30
18 50 34
18 50 46
18 50 50
18 50 146
18 50 150
18 50 162
18 50 166
18 50 178
18 50 182
18 50 194
18 50 198
18 146 2
18 146 14
18 146 18
18 146 30
18 146 34
18 146 46
18 146 50
18 146 146
18 146 150
18 146 162
18 146 166
18 146 178
18 146 182
18 146 194
18 146 198
18 150 2
18 150 14
18 150 18
18 150 30
18 150 34
18 150 46
18 150 50
18 150 146
18 150 150
18 150 162
18 150 166
18 150 178
18 150 182
18 150 194
18 150 198
18 162 2
18 162 14
18 162 18
18 162 30
18 162 34
18 162 46
18 162 50
18 162 146
18 162 150
18 162 162
18 162 166
18 162 178
18 162 182
18 162 194
18 162 198
18 166 2
18 166 14
18 166 18
18 166 30
18 166 34
18 166 46
18 166 50
18 166 146
18 166 150
18 166 162
18 166 166
18 166 178
18 166 182
18 166 194
18 166 198
18 178 2
18 178 14
18 178 18
18 178 30
18 178 34
18 178 46
18 178 50
18 178 146
18 178 150
18 178 162
18 178 166
18 178 178
18 178 182
18 178 194
18 178 198
18 182 2
18 182 14
18 182 18
18 182 30
18 182 34
18 182 46
18 182 50
18 182 146
18 182 150
18 182 162
18 182 166
18 182 178
18 182 182
18 182 194
18 182 198
18 194 2
18 194 14
18 194 18
18 194 30
18 194 34
18 194 46
18 194 50
18 194 146
18 194 150
18 194 162
18 194 166
18 194 178
18 194 182
18 194 194
18 194 198
18 198 2
18 198 14
18 198 18
18 198 30
18 198 34
18 198 46
18 198 50
18 198 146
18 198 150
18 198 162
18 198 166
18 198 178
18 198 182
18 198 194
18 198 198
30 2 2
30 2 14
30 2 18
30 2 30
30 2 34
30 2 46
30 2 50
30 2 146
30 2 150
30 2 162
30 2 166
30 2 178
30 2 182
30 2 194
30 2 198
30 14 2
30 14 14
30 14 18
30 14 30
30 14 34
30 14 46
30 14 50
30 14 146
30 14 150
30 14 162
30 14 166
30 14 178
30 14 182
30 14 194
30 14 198
30 18 2
30 18 14
30 18 18
30 18 30
30 18 34
30 18 46
30 18 50
30 18 146
30 18 150
30 18 162
30 18 166
30 18 178
30 18 182
30 18 194
30 18 198
30 30 2
30 30 14
30 30 18
30 30 30
30 30 34
30 30 46
30 30 50
30 30 146
30 30 150
30 30 162
30 30 166
30 30 178
30 30 182
30 30 194
30 30 198
30 34 2
30 34 14
30 34 18
30 34 30
30 34 34
30 34 46
30 34 50
30 34 146
30 34 150
30 34 162
30 34 166
30 34 178
30 34 182
30 34 194
30 34 198
30 46 2
30 46 14
30 46 18
30 46 30
30 46 34
30 46 46
30 46 50
30 46 146
30 46 150
30 46 162
30 46 166
30 46 178
30 46 182
30 46 194
30 46 198
30 50 2
30 50 14
30 50 18
30 50 30
30 50 34
30 50 46
30 50 50
30 50 146
30 50 150
30 50 162
30 50 166
30 50 178
30 50 182
30 50 194
30 50 198
30 146 2
30 146 14
30 146 18
30 146 30
30 146 34
30 146 46
30 146 50
30 146 146
30 146 150
30 146 162
30 146 166
30 146 178
30 146 182
30 146 194
30 146 198
30 150 2
30 150 14
30 150 18
30 150 30
30 150 34
30 150 46
30 150 50
30 150 146
30 150 150
30 150 162
30 150 166
30 150 178
30 150 182
30 150 194
30 150 198
30 162 2
30 162 14
30 162 18
30 162 30
30 162 34
30 162 46
30 162 50
30 162 146
30 162 150
30 162 162
30 162 166
30 162 178
30 162 182
30 162 194
30 162 198
30 166 2
30 166 14
30 166 18
30 166 30
30 166 34
30 166 46
30 166 50
30 166 146
30 166 150
30 166 162
30 166 166
30 166 178
30 166 182
30 166 194
30 166 198
30 178 2
30 178 14
30 178 18
30 178 30
30 178 34
30 178 46
30 178 50
30 178 146
30 178 150
30 178 162
30 178 166
30 178 178
30 178 182
30 178 194
30 178 198
30 182 2
30 182 14
30 182 18
30 182 30
30 182 34
30 182 46
30 182 50
30 182 146
30 182 150
30 182 162
30 182 166
30 182 178
30 182 182
30 182 194
30 182 198
30 194 2
30 194 14
30 194 18
30 194 30
30 194 34
30 194 46
30 194 50
30 194 146
30 194 150
30 194 162
30 194 166
30 194 178
30 194 182
30 194 194
30 194 198
30 198 2
30 198 14
30 198 18
30 198 30
30 198 34
30 198 46
30 198 50
30 198 146
30 198 150
30 198 162
30 198 166
30 198 178
30 198 182
30 198 194
30 198 198
34 2 2
34 2 14
34 2 18
34 2 30
34 2 34
34 2 46
34 2 50
34 2 146
34 2 150
34 2 162
34 2 166
34 2 178
34 2 182
34 2 194
34 2 198
34 14 2
34 14 14
34 14 18
34 14 30
34 14 34
34 14 46
34 14 50
34 14 146
34 14 150
34 14 162
34 14 166
34 14 178
34 14 182
34 14 194
34 14 198
34 18 2
34 18 14
34 18 18
34 18 30
34 18 34
34 18 46
34 18 50
34 18 146
34 18 150
34 18 162
34 18 166
34 18 178
34 18 182
34 18 194
34 18 198
34 30 2
34 30 14
34 30 18
34 30 30
34 30 34
34 30 46
34 30 50
34 30 146
34 30 150
34 30 162
34 30 166
34 30 178
34 30 182
34 30 194
34 30 198
34 34 2
34 34 14
34 34 18
34 34 30
34 34 34
34 34 46
34 34 50
34 34 146
34 34 150
34 34 162
34 34 166
34 34 178
34 34 182
34 34 194
34 34 198
34 46 2
34 46 14
34 46 18
34 46 30
34 46 34
34 46 46
34 46 50
34 46 146
34 46 150
34 46 162
34 46 166
34 46 178
34 46 182
34 46 194
34 46 198
34 50 2
34 50 14
34 50 18
34 50 30
34 50 34
34 50 46
34 50 50
34 50 146
34 50 150
34 50 162
34 50 166
34 50 178
34 50 182
34 50 194
34 50 198
34 146 2
34 146 14
34 146 18
34 146 30
34 146 34
34 146 46
34 146 50
34 146 146
34 146 150
34 146 162
34 146 166
34 146 178
34 146 182
34 146 194
34 146 198
34 150 2
34 150 14
34 150 18
34 150 30
34 150 34
34 150 46
34 150 50
34 150 146
34 150 150
34 150 162
34 150 166
34 150 178
34 150 182
34 150 194
34 150 198
34 162 2
34 162 14
34 162 18
34 162 30
34 162 34
34 162 46
34 162 50
34 162 146
34 162 150
34 162 162
34 162 166
34 162 178
34 162 182
34 162 194
34 162 198
34 166 2
34 166 14
34 166 18
34 166 30
34 166 34
34 166 46
34 166 50
34 166 146
34 166 150
34 166 162
34 166 166
34 166 178
34 166 182
34 166 194
34 166 198
34 178 2
34 178 14
34 178 18
34 178 30
34 178 34
34 178 46
34 178 50
34 178 146
34 178 150
34 178 162
34 178 166
34 178 178
34 178 182
34 178 194
34 178 198
34 182 2
34 182 14
34 182 18
34 182 30
34 182 34
34 182 46
34 182 50
34 182 146
34 182 150
34 182 162
34 182 166
34 182 178
34 182 182
34 182 194
34 182 198
34 194 2
34 194 14
34 194 18
34 194 30
34 194 34
34 194 46
34 194 50
34 194 146
34 194 150
34 194 162
34 194 166
34 194 178
34 194 182
34 194 194
34 194 198
34 198 2
34 198 14
34 198 18
34 198 30
34 198 34
34 198 46
34 198 50
34 198 146
34 198 150
34 198 162
34 198 166
34 198 178
34 198 182
34 198 194
34 198 198
46 2 2
46 2 14
46 2 18
46 2 30
46 2 34
46 2 46
46 2 50
46 2 146
46 2 150
46 2 162
46 2 166
46 2 178
46 2 182
46 2 194
46 2 198
46 14 2
46 14 14
46 14 18
46 14 30
46 14 34
46 14 46
46 14 50
46 14 146
46 14 150
46 14 162
46 14 166
46 14 178
46 14 182
46 14 194
46 14 198
46 18 2
46 18 14
46 18 18
46 18 30
46 18 34
46 18 46
46 18 50
46 18 146
46 18 150
46 18 162
46 18 166
46 18 178
46 18 182
46 18 194
46 18 198
46 30 2
46 30 14
46 30 18
46 30 30
46 30 34
46 30 46
46 30 50
46 30 146
46 30 150
46 30 162
46 30 166
46 30 178
46 30 182
46 30 194
46 30 198
46 34 2
46 34 14
46 34 18
46 34 30
46 34 34
46 34 46
46 34 50
46 34 146
46 34 150
46 34 162
46 34 166
46 34 178
46 34 182
46 34 194
46 34 198
46 46 2
46 46 14
46 46 18
46 46 30
46 46 34
46 46 46
46 46 50
46 46 146
46 46 150
46 46 162
46 46 166
46 46 178
46 46 182
46 46 194
46 46 198
46 50 2
46 50 14
46 50 18
46 50 30
46 50 34
46 50 46
46 50 50
46 50 146
46 50 150
46 50 162
46 50 166
46 50 178
46 50 182
46 50 194
46 50 198
46 146 2
46 146 14
46 146 18
46 146 30
46 146 34
46 146 46
46 146 50
46 146 146
46 146 150
46 146 162
46 146 166
46 146 178
46 146 182
46 146 194
46 146 198
46 150 2
46 150 14
46 150 18
46 150 30
46 150 34
46 150 46
46 150 50
46 150 146
46 150 150
46 150 162
46 150 166
46 150 178
46 150 182
46 150 194
46 150 198
46 162 2
46 162 14
46 162 18
46 162 30
46 162 34
46 162 46
46 162 50
46 162 146
46 162 150
46 162 162
46 162 166
46 162 178
46 162 182
46 162 194
46 162 198
46 166 2
46 166 14
46 166 18
46 166 30
46 166 34
46 166 46
46 166 50
46 166 146
46 166 150
46 166 162
46 166 166
46 166 178
46 166 182
46 166 194
46 166 198
46 178 2
46 178 14
46 178 18
46 178 30
46 178 34
46 178 46
46 178 50
46 178 146
46 178 150
46 178 162
46 178 166
46 178 178
46 178 182
46 178 194
46 178 198
46 182 2
46 182 14
46 182 18
46 182 30
46 182 34
46 182 46
46 182 50
46 182 146
46 182 150
46 182 162
46 182 166
46 182 178
46 182 182
46 182 194
46 182 198
46 194 2
46 194 14
46 194 18
46 194 30
46 194 34
46 194 46
46 194 50
46 194 146
46 194 150
46 194 162
46 194 166
46 194 178
46 194 182
46 194 194
46 194 198
46 198 2
46 198 14
46 198 18
46 198 30
46 198 34
46 198 46
46 198 50
46 198 146
46 198 150
46 198 162
46 198 166
46 198 178
46 198 182
46 198 194
46 198 198
50 2 2
50 2 14
50 2 18
50 2 30
50 2 34
50 2 46
50 2 50
50 2 146
50 2 150
50 2 162
50 2 166
50 2 178
50 2 182
50 2 194
50 2 198
50 14 2
50 14 14
50 14 18
50 14 30
50 14 34
50 14 46
50 14 50
50 14 146
50 14 150
50 14 162
50 14 166
50 14 178
50 14 182
50 14 194
50 14 198
50 18 2
50 18 14
50 18 18
50 18 30
50 18 34
50 18 46
50 18 50
50 18 146
50 18 150
50 18 162
50 18 166
50 18 178
50 18 182
50 18 194
50 18 198
50 30 2
50 30 14
50 30 18
50 30 30
50 30 34
50 30 46
50 30 50
50 30 146
50 30 150
50 30 162
50 30 166
50 30 178
50 30 182
50 30 194
50 30 198
50 34 2
50 34 14
50 34 18
50 34 30
50 34 34
50 34 46
50 34 50
50 34 146
50 34 150
50 34 162
50 34 166
50 34 178
50 34 182
50 34 194
50 34 198
50 46 2
50 46 14
50 46 18
50 46 30
50 46 34
50 46 46
50 46 50
50 46 146
50 46 150
50 46 162
50 46 166
50 46 178
50 46 182
50 46 194
50 46 198
50 50 2
50 50 14
50 50 18
50 50 30
50 50 34
50 50 46
50 50 50
50 50 146
50 50 150
50 50 162
50 50 166
50 50 178
50 50 182
50 50 194
50 50 198
50 146 2
50 146 14
50 146 18
50 146 30
50 146 34
50 146 46
50 146 50
50 146 146
50 146 150
50 146 162
50 146 166
50 146 178
50 146 182
50 146 194
50 146 198
50 150 2
50 150 14
50 150 18
50 150 30
50 150 34
50 150 46
50 150 50
50 150 146
50 150 150
50 150 162
50 150 166
50 150 178
50 150 182
50 150 194
50 150 198
50 162 2
50 162 14
50 162 18
50 162 30
50 162 34
50 162 46
50 162 50
50 162 146
50 162 150
50 162 162
50 162 166
50 162 178
50 162 182
50 162 194
50 162 198
50 166 2
50 166 14
50 166 18
50 166 30
50 166 34
50 166 46
50 166 50
50 166 146
50 166 150
50 166 162
50 166 166
50 166 178
50 166 182
50 166 194
50 166 198
50 178 2
50 178 14
50 178 18
50 178 30
50 178 34
50 178 46
50 178 50
50 178 146
50 178 150
50 178 162
50 178 166
50 178 178
50 178 182
50 178 194
50 178 198
50 182 2
50 182 14
50 182 18
50 182 30
50 182 34
50 182 46
50 182 50
50 182 146
50 182 150
50 182 162
50 182 166
50 182 178
50 182 182
50 182 194
50 182 198
50 194 2
50 194 14
50 194 18
50 194 30
50 194 34
50 194 46
50 194 50
50 194 146
50 194 150
50 194 162
50 194 166
50 194 178
50 194 182
50 194 194
50 194 198
50 198 2
50 198 14
50 198 18
50 198 30
50 198 34
50 198 46
50 198 50
50 198 146
50 198 150
50 198 162
50 198 166
50 198 178
50 198 182
50 198 194
50 198 198
146 2 2
146 2 14
146 2 18
146 2 30
146 2 34
146 2 46
146 2 50
146 2 146
146 2 150
146 2 162
146 2 166
146 2 178
146 2 182
146 2 194
146 2 198
146 14 2
146 14 14
146 14 18
146 14 30
146 14 34
146 14 46
146 14 50
146 14 146
146 14 150
146 14 162
146 14 166
146 14 178
146 14 182
146 14 194
146 14 198
146 18 2
146 18 14
146 18 18
146 18 30
146 18 34
146 18 46
146 18 50
146 18 146
146 18 150
146 18 162
146 18 166
146 18 178
146 18 182
146 18 194
146 18 198
146 30 2
146 30 14
146 30 18
146 30 30
146 30 34
146 30 46
146 30 50
146 30 146
146 30 150
146 30 162
146 30 166
146 30 178
146 30 182
146 30 194
146 30 198
146 34 2
146 34 14
146 34 18
146 34 30
146 34 34
146 34 46
146 34 50
146 34 146
146 34 150
146 34 162
146 34 166
146 34 178
146 34 182
146 34 194
146 34 198
146 46 2
146 46 14
146 46 18
146 46 30
146 46 34
146 46 46
146 46 50
146 46 146
146 46 150
146 46 162
146 46 166
146 46 178
146 46 182
146 46 194
146 46 198
146 50 2
146 50 14
146 50 18
146 50 30
146 50 34
146 50 46
146 50 50
146 50 146
146 50 150
146 50 162
146 50 166
146 50 178
146 50 182
146 50 194
146 50 198
146 146 2
146 146 14
146 146 18
146 146 30
146 146 34
146 146 46
146 146 50
146 146 146
146 146 150
146 146 162
146 146 166
146 146 178
146 146 182
146 146 194
146 146 198
146 150 2
146 150 14
146 150 18
146 150 30
146 150 34
146 150 46
146 150 50
146 150 146
146 150 150
146 150 162
146 150 166
146 150 178
146 150 182
146 150 194
146 150 198
146 162 2
146 162 14
146 162 18
146 162 30
146 162 34
146 162 46
146 162 50
146 162 146
146 162 150
146 162 162
146 162 166
146 162 178
146 162 182
146 162 194
146 162 198
146 166 2
146 166 14
146 166 18
146 166 30
146 166 34
146 166 46
146 166 50
146 166 146
146 166 150
146 166 162
146 166 166
146 166 178
146 166 182
146 166 194
146 166 198
146 178 2
146 178 14
146 178 18
146 178 30
146 178 34
146 178 46
146 178 50
146 178 146
146 178 150
146 178 162
146 178 166
146 178 178
146 178 182
146 178 194
146 178 198
146 182 2
146 182 14
146 182 18
146 182 30
146 182 34
146 182 46
146 182 50
146 182 146
146 182 150
146 182 162
146 182 166
146 182 178
146 182 182
146 182 194
146 182 198
146 194 2
146 194 14
146 194 18
146 194 30
146 194 34
146 194 46
146 194 50
146 194 146
146 194 150
146 194 162
146 194 166
146 194 178
146 194 182
146 194 194
146 194 198
146 198 2
146 198 14
146 198 18
146 198 30
146 198 34
146 198 46
146 198 50
146 198 146
146 198 150
146 198 162
146 198 166
146 198 178
146 198 182
146 198 194
146 198 198
150 2 2
150 2 14
150 2 18
150 2 30
150 2 34
150 2 46
150 2 50
150 2 146
150 2 150
150 2 162
150 2 166
150 2 178
150 2 182
150 2 194
150 2 198
150 14 2
150 14 14
150 14 18
150 14 30
150 14 34
150 14 46
150 14 50
150 14 146
150 14 150
150 14 162
150 14 166
150 14 178
150 14 182
150 14 194
150 14 198
150 18 2
150 18 14
150 18 18
150 18 30
150 18 34
150 18 46
150 18 50
150 18 146
150 18 150
150 18 162
150 18 166
150 18 178
150 18 182
150 18 194
150 18 198
150 30 2
150 30 14
150 30 18
150 30 30
150 30 34
150 30 46
150 30 50
150 30 146
150 30 150
150 30 162
150 30 166
150 30 178
150 30 182
150 30 194
150 30 198
150 34 2
150 34 14
150 34 18
150 34 30
150 34 34
150 34 46
150 34 50
150 34 146
150 34 150
150 34 162
150 34 166
150 34 178
150 34 182
150 34 194
150 34 198
150 46 2
150 46 14
150 46 18
150 46 30
150 46 34
150 46 46
150 46 50
150 46 146
150 46 150
150 46 162
150 46 166
150 46 178
150 46 182
150 46 194
150 46 198
150 50 2
150 50 14
150 50 18
150 50 30
150 50 34
150 50 46
150 50 50
150 50 146
150 50 150
150 50 162
150 50 166
150 50 178
150 50 182
150 50 194
150 50 198
150 146 2
150 146 14
150 146 18
150 146 30
150 146 34
150 146 46
150 146 50
150 146 146
150 146 150
150 146 162
150 146 166
150 146 178
150 146 182
150 146 194
150 146 198
150 150 2
150 150 14
150 150 18
150 150 30
150 150 34
150 150 46
150 150 50
150 150 146
150 150 150
150 150 162
150 150 166
150 150 178
150 150 182
150 150 194
150 150 198
150 162 2
150 162 14
150 162 18
150 162 30
150 162 34
150 162 46
150 162 50
150 162 146
150 162 150
150 162 162
150 162 166
150 162 178
150 162 182
150 162 194
150 162 198
150 166 2
150 166 14
150 166 18
150 166 30
150 166 34
150 166 46
150 166 50
150 166 146
150 166 150
150 166 162
150 166 166
150 166 178
150 166 182
150 166 194
150 166 198
150 178 2
150 178 14
150 178 18
150 178 30
150 178 34
150 178 46
150 178 50
150 178 146
150 178 150
150 178 162
150 178 166
150 178 178
150 178 182
150 178 194
150 178 198
150 182 2
150 182 14
150 182 18
150 182 30
150 182 34
150 182 46
150 182 50
150 182 146
150 182 150
150 182 162
150 182 166
150 182 178
150 182 182
150 182 194
150 182 198
150 194 2
150 194 14
150 194 18
150 194 30
150 194 34
150 194 46
150 194 50
150 194 146
150 194 150
150 194 162
150 194 166
150 194 178
150 194 182
150 194 194
150 194 198
150 198 2
150 198 14
150 198 18
150 198 30
150 198 34
150 198 46
150 198 50
150 198 146
150 198 150
150 198 162
150 198 166
150 198 178
150 198 182
150 198 194
150 198 198
162 2 2
162 2 14
162 2 18
162 2 30
162 2 34
162 2 46
162 2 50
162 2 146
162 2 150
162 2 162
162 2 166
162 2 178
162 2 182
162 2 194
162 2 198
162 14 2
162 14 14
162 14 18
162 14 30
162 14 34
162 14 46
162 14 50
162 14 146
162 14 150
162 14 162
162 14 166
162 14 178
162 14 182
162 14 194
162 14 198
162 18 2
162 18 14
162 18 18
162 18 30
162 18 34
162 18 46
162 18 50
162 18 146
162 18 150
162 18 162
162 18 166
162 18 178
162 18 182
162 18 194
162 18 198
162 30 2
162 30 14
162 30 18
162 30 30
162 30 34
162 30 46
162 30 50
162 30 146
162 30 150
162 30 162
162 30 166
162 30 178
162 30 182
162 30 194
162 30 198
162 34 2
162 34 14
162 34 18
162 34 30
162 34 34
162 34 46
162 34 50
162 34 146
162 34 150
162 34 162
162 34 166
162 34 178
162 34 182
162 34 194
162 34 198
162 46 2
162 46 14
162 46 18
162 46 30
162 46 34
162 46 46
162 46 50
162 46 146
162 46 150
162 46 162
162 46 166
162 46 178
162 46 182
162 46 194
162 46 198
162 50 2
162 50 14
162 50 18
162 50 30
162 50 34
162 50 46
162 50 50
162 50 146
162 50 150
162 50 162
162 50 166
162 50 178
162 50 182
162 50 194
162 50 198
162 146 2
162 146 14
162 146 18
162 146 30
162 146 34
162 146 46
162 146 50
162 146 146
162 146 150
162 146 162
162 146 166
162 146 178
162 146 182
162 146 194
162 146 198
162 150 2
162 150 14
162 150 18
162 150 30
162 150 34
162 150 46
162 150 50
162 150 146
162 150 150
162 150 162
162 150 166
162 150 178
162 150 182
162 150 194
162 150 198
162 162 2
162 162 14
162 162 18
162 162 30
162 162 34
162 162 46
162 162 50
162 162 146
162 162 150
162 162 162
162 162 166
162 162 178
162 162 182
162 162 194
162 162 198
162 166 2
162 166 14
162 166 18
162 166 30
162 166 34
162 166 46
162 166 50
162 166 146
162 166 150
162 166 162
162 166 166
162 166 178
162 166 182
162 166 194
162 166 198
162 178 2
162 178 14
162 178 18
162 178 30
162 178 34
162 178 46
162 178 50
162 178 146
162 178 150
162 178 162
162 178 166
162 178 178
162 178 182
162 178 194
162 178 198
162 182 2
162 182 14
162 182 18
162 182 30
162 182 34
162 182 46
162 182 50
162 182 146
162 182 150
162 182 162
162 182 166
162 182 178
162 182 182
162 182 194
162 182 198
162 194 2
162 194 14
162 194 18
162 194 30
162 194 34
162 194 46
162 194 50
162 194 146
162 194 150
162 194 162
162 194 166
162 194 178
162 194 182
162 194 194
162 194 198
162 198 2
162 198 14
162 198 18
162 198 30
162 198 34
162 198 46
162 198 50
162 198 146
162 198 150
162 198 162
162 198 166
162 198 178
162 198 182
162 198 194
162 198 198
166 2 2
166 2 14
166 2 18
166 2 30
166 2 34
166 2 46
166 2 50
166 2 146
166 2 150
166 2 162
166 2 166
166 2 178
166 2 182
166 2 194
166 2 198
166 14 2
166 14 14
166 14 18
166 14 30
166 14 34
166 14 46
166 14 50
166 14 146
166 14 150
166 14 162
166 14 166
166 14 178
166 14 182
166 14 194
166 14 198
166 18 2
166 18 14
166 18 18
166 18 30
166 18 34
166 18 46
166 18 50
166 18 146
166 18 150
166 18 162
166 18 166
166 18 178
166 18 182
166 18 194
166 18 198
166 30 2
166 30 14
166 30 18
166 30 30
166 30 34
166 30 46
166 30 50
166 30 146
166 30 150
166 30 162
166 30 166
166 30 178
166 30 182
166 30 194
166 30 198
166 34 2
166 34 14
166 34 18
166 34 30
166 34 34
166 34 46
166 34 50
166 34 146
166 34 150
166 34 162
166 34 166
166 34 178
166 34 182
166 34 194
166 34 198
166 46 2
166 46 14
166 46 18
166 46 30
166 46 34
166 46 46
166 46 50
166 46 146
166 46 150
166 46 162
166 46 166
166 46 178
166 46 182
166 46 194
166 46 198
166 50 2
166 50 14
166 50 18
166 50 30
166 50 34
166 50 46
166 50 50
166 50 146
166 50 150
166 50 162
166 50 166
166 50 178
166 50 182
166 50 194
166 50 198
166 146 2
166 146 14
166 146 18
166 146 30
166 146 34
166 146 46
166 146 50
166 146 146
166 146 150
166 146 162
166 146 166
166 146 178
166 146 182
166 146 194
166 146 198
166 150 2
166 150 14
166 150 18
166 150 30
166 150 34
166 150 46
166 150 50
166 150 146
166 150 150
166 150 162
166 150 166
166 150 178
166 150 182
166 150 194
166 150 198
166 162 2
166 162 14
166 162 18
166 162 30
166 162 34
166 162 46
166 162 50
166 162 146
166 162 150
166 162 162
166 162 166
166 162 178
166 162 182
166 162 194
166 162 198
166 166 2
166 166 14
166 166 18
166 166 30
166 166 34
166 166 46
166 166 50
166 166 146
166 166 150
166 166 162
166 166 166
166 166 178
166 166 182
166 166 194
166 166 198
166 178 2
166 178 14
166 178 18
166 178 30
166 178 34
166 178 46
166 178 50
166 178 146
166 178 150
166 178 162
166 178 166
166 178 178
166 178 182
166 178 194
166 178 198
166 182 2
166 182 14
166 182 18
166 182 30
166 182 34
166 182 46
166 182 50
166 182 146
166 182 150
166 182 162
166 182 166
166 182 178
166 182 182
166 182 194
166 182 198
166 194 2
166 194 14
166 194 18
166 194 30
166 194 34
166 194 46
166 194 50
166 194 146
166 194 150
166 194 162
166 194 166
166 194 178
166 194 182
166 194 194
166 194 198
166 198 2
166 198 14
166 198 18
166 198 30
166 198 34
166 198 46
166 198 50
166 198 146
166 198 150
166 198 162
166 198 166
166 198 178
166 198 182
166 198 194
166 198 198
178 2 2
178 2 14
178 2 18
178 2 30
178 2 34
178 2 46
178 2 50
178 2 146
178 2 150
178 2 162
178 2 166
178 2 178
178 2 182
178 2 194
178 2 198
178 14 2
178 14 14
178 14 18
178 14 30
178 14 34
178 14 46
178 14 50
178 14 146
178 14 150
178 14 162
178 14 166
178 14 178
178 14 182
178 14 194
178 14 198
178 18 2
178 18 14
178 18 18
178 18 30
178 18 34
178 18 46
178 18 50
178 18 146
178 18 150
178 18 162
178 18 166
178 18 178
178 18 182
178 18 194
178 18 198
178 30 2
178 30 14
178 30 18
178 30 30
178 30 34
178 30 46
178 30 50
178 30 146
178 30 150
178 30 162
178 30 166
178 30 178
178 30 182
178 30 194
178 30 198
178 34 2
178 34 14
178 34 18
178 34 30
178 34 34
178 34 46
178 34 50
178 34 146
178 34 150
178 34 162
178 34 166
178 34 178
178 34 182
178 34 194
178 34 198
178 46 2
178 46 14
178 46 18
178 46 30
178 46 34
178 46 46
178 46 50
178 46 146
178 46 150
178 46 162
178 46 166
178 46 178
178 46 182
178 46 194
178 46 198
178 50 2
178 50 14
178 50 18
178 50 30
178 50 34
178 50 46
178 50 50
178 50 146
178 50 150
178 50 162
178 50 166
178 50 178
178 50 182
178 50 194
178 50 198
178 146 2
178 146 14
178 146 18
178 146 30
178 146 34
178 146 46
178 146 50
178 146 146
178 146 150
178 146 162
178 146 166
178 146 178
178 146 182
178 146 194
178 146 198
178 150 2
178 150 14
178 150 18
178 150 30
178 150 34
178 150 46
178 150 50
178 150 146
178 150 150
178 150 162
178 150 166
178 150 178
178 150 182
178 150 194
178 150 198
178 162 2
178 162 14
178 162 18
178 162 30
178 162 34
178 162 46
178 162 50
178 162 146
178 162 150
178 162 162
178 162 166
178 162 178
178 162 182
178 162 194
178 162 198
178 166 2
178 166 14
178 166 18
178 166 30
178 166 34
178 166 46
178 166 50
178 166 146
178 166 150
178 166 162
178 166 166
178 166 178
178 166 182
178 166 194
178 166 198
178 178 2
178 178 14
178 178 18
178 178 30
178 178 34
178 178 46
178 178 50
178 178 146
178 178 150
178 178 162
178 178 166
178 178 178
178 178 182
178 178 194
178 178 198
178 182 2
178 182 14
178 182 18
178 182 30
178 182 34
178 182 46
178 182 50
178 182 146
178 182 150
178 182 162
178 182 166
178 182 178
178 182 182
178 182 194
178 182 198
178 194 2
178 194 14
178 194 18
178 194 30
178 194 34
178 194 46
178 194 50
178 194 146
178 194 150
178 194 162
178 194 166
178 194 178
178 194 182
178 194 194
178 194 198
178 198 2
178 198 14
178 198 18
178 198 30
178 198 34
178 198 46
178 198 50
178 198 146
178 198 150
178 198 162
178 198 166
178 198 178
178 198 182
178 198 194
178 198 198
182 2 2
182 2 14
182 2 18
182 2 30
182 2 34
182 2 46
182 2 50
182 2 146
182 2 150
182 2 162
182 2 166
182 2 178
182 2 182
182 2 194
182 2 198
182 14 2
182 14 14
182 14 18
182 14 30
182 14 34
182 14 46
182 14 50
182 14 146
182 14 150
182 14 162
182 14 166
182 14 178
182 14 182
182 14 194
182 14 198
182 18 2
182 18 14
182 18 18
182 18 30
182 18 34
182 18 46
182 18 50
182 18 146
182 18 150
182 18 162
182 18 166
182 18 178
182 18 182
182 18 194
182 18 198
182 30 2
182 30 14
182 30 18
182 30 30
182 30 34
182 30 46
182 30 50
182 30 146
182 30 150
182 30 162
182 30 166
182 30 178
182 30 182
182 30 194
182 30 198
182 34 2
182 34 14
182 34 18
182 34 30
182 34 34
182 34 46
182 34 50
182 34 146
182 34 150
182 34 162
182 34 166
182 34 178
182 34 182
182 34 194
182 34 198
182 46 2
182 46 14
182 46 18
182 46 30
182 46 34
182 46 46
182 46 50
182 46 146
182 46 150
182 46 162
182 46 166
182 46 178
182 46 182
182 46 194
182 46 198
182 50 2
182 50 14
182 50 18
182 50 30
182 50 34
182 50 46
182 50 50
182 50 146
182 50 150
182 50 162
182 50 166
182 50 178
182 50 182
182 50 194
182 50 198
182 146 2
182 146 14
182 146 18
182 146 30
182 146 34
182 146 46
182 146 50
182 146 146
182 146 150
182 146 162
182 146 166
182 146 178
182 146 182
182 146 194
182 146 198
182 150 2
182 150 14
182 150 18
182 150 30
182 150 34
182 150 46
182 150 50
182 150 146
182 150 150
182 150 162
182 150 166
182 150 178
182 150 182
182 150 194
182 150 198
182 162 2
182 162 14
182 162 18
182 162 30
182 162 34
182 162 46
182 162 50
182 162 146
182 162 150
182 162 162
182 162 166
182 162 178
182 162 182
182 162 194
182 162 198
182 166 2
182 166 14
182 166 18
182 166 30
182 166 34
182 166 46
182 166 50
182 166 146
182 166 150
182 166 162
182 166 166
182 166 178
182 166 182
182 166 194
182 166 198
182 178 2
182 178 14
182 178 18
182 178 30
182 178 34
182 178 46
182 178 50
182 178 146
182 178 150
182 178 162
182 178 166
182 178 178
182 178 182
182 178 194
182 178 198
182 182 2
182 182 14
182 182 18
182 182 30
182 182 34
182 182 46
182 182 50
182 182 146
182 182 150
182 182 162
182 182 166
182 182 178
182 182 182
182 182 194
182 182 198
182 194 2
182 194 14
182 194 18
182 194 30
182 194 34
182 194 46
182 194 50
182 194 146
182 194 150
182 194 162
182 194 166
182 194 178
182 194 182
182 194 194
182 194 198
182 198 2
182 198 14
182 198 18
182 198 30
182 198 34
182 198 46
182 198 50
182 198 146
182 198 150
182 198 162
182 198 166
182 198 178
182 198 182
182 198 194
182 198 198
194 2 2
194 2 14
194 2 18
194 2 30
194 2 34
194 2 46
194 2 50
194 2 146
194 2 150
194 2 162
194 2 166
194 2 178
194 2 182
194 2 194
194 2 198
194 14 2
194 14 14
194 14 18
194 14 30
194 14 34
194 14 46
194 14 50
194 14 146
194 14 150
194 14 162
194 14 166
194 14 178
194 14 182
194 14 194
194 14 198
194 18 2
194 18 14
194 18 18
194 18 30
194 18 34
194 18 46
194 18 50
194 18 146
194 18 150
194 18 162
194 18 166
194 18 178
194 18 182
194 18 194
194 18 198
194 30 2
194 30 14
194 30 18
194 30 30
194 30 34
194 30 46
194 30 50
194 30 146
194 30 150
194 30 162
194 30 166
194 30 178
194 30 182
194 30 194
194 30 198
194 34 2
194 34 14
194 34 18
194 34 30
194 34 34
194 34 46
194 34 50
194 34 146
194 34 150
194 34 162
194 34 166
194 34 178
194 34 182
194 34 194
194 34 198
194 46 2
194 46 14
194 46 18
194 46 30
194 46 34
194 46 46
194 46 50
194 46 146
194 46 150
194 46 162
194 46 166
194 46 178
194 46 182
194 46 194
194 46 198
194 50 2
194 50 14
194 50 18
194 50 30
194 50 34
194 50 46
194 50 50
194 50 146
194 50 150
194 50 162
194 50 166
194 50 178
194 50 182
194 50 194
194 50 198
194 146 2
194 146 14
194 146 18
194 146 30
194 146 34
194 146 46
194 146 50
194 146 146
194 146 150
194 146 162
194 146 166
194 146 178
194 146 182
194 146 194
194 146 198
194 150 2
194 150 14
194 150 18
194 150 30
194 150 34
194 150 46
194 150 50
194 150 146
194 150 150
194 150 162
194 150 166
194 150 178
194 150 182
194 150 194
194 150 198
194 162 2
194 162 14
194 162 18
194 162 30
194 162 34
194 162 46
194 162 50
194 162 146
194 162 150
194 162 162
194 162 166
194 162 178
194 162 182
194 162 194
194 162 198
194 166 2
194 166 14
194 166 18
194 166 30
194 166 34
194 166 46
194 166 50
194 166 146
194 166 150
194 166 162
194 166 166
194 166 178
194 166 182
194 166 194
194 166 198
194 178 2
194 178 14
194 178 18
194 178 30
194 178 34
194 178 46
194 178 50
194 178 146
194 178 150
194 178 162
194 178 166
194 178 178
194 178 182
194 178 194
194 178 198
194 182 2
194 182 14
194 182 18
194 182 30
194 182 34
194 182 46
194 182 50
194 182 146
194 182 150
194 182 162
194 182 166
194 182 178
194 182 182
194 182 194
194 182 198
194 194 2
194 194 14
194 194 18
194 194 30
194 194 34
194 194 46
194 194 50
194 194 146
194 194 150
194 194 162
194 194 166
194 194 178
194 194 182
194 194 194
194 194 198
194 198 2
194 198 14
194 198 18
194 198 30
194 198 34
194 198 46
194 198 50
194 198 146
194 198 150
194 198 162
194 198 166
194 198 178
194 198 182
194 198 194
194 198 198
198 2 2
198 2 14
198 2 18
198 2 30
198 2 34
198 2 46
198 2 50
198 2 146
198 2 150
198 2 162
198 2 166
198 2 178
198 2 182
198 2 194
198 2 198
198 14 2
198 14 14
198 14 18
198 14 30
198 14 34
198 14 46
198 14 50
198 14 146
198 14 150
198 14 162
198 14 166
198 14 178
198 14 182
198 14 194
198 14 198
198 18 2
198 18 14
198 18 18
198 18 30
198 18 34
198 18 46
198 18 50
198 18 146
198 18 150
198 18 162
198 18 166
198 18 178
198 18 182
198 18 194
198 18 198
198 30 2
198 30 14
198 30 18
198 30 30
198 30 34
198 30 46
198 30 50
198 30 146
198 30 150
198 30 162
198 30 166
198 30 178
198 30 182
198 30 194
198 30 198
198 34 2
198 34 14
198 34 18
198 34 30
198 34 34
198 34 46
198 34 50
198 34 146
198 34 150
198 34 162
198 34 166
198 34 178
198 34 182
198 34 194
198 34 198
198 46 2
198 46 14
198 46 18
198 46 30
198 46 34
198 46 46
198 46 50
198 46 146
198 46 150
198 46 162
198 46 166
198 46 178
198 46 182
198 46 194
198 46 198
198 50 2
198 50 14
198 50 18
198 50 30
198 50 34
198 50 46
198 50 50
198 50 146
198 50 150
198 50 162
198 50 166
198 50 178
198 50 182
198 50 194
198 50 198
198 146 2
198 146 14
198 146 18
198 146 30
198 146 34
198 146 46
198 146 50
198 146 146
198 146 150
198 146 162
198 146 166
198 146 178
198 146 182
198 146 194
198 146 198
198 150 2
198 150 14
198 150 18
198 150 30
198 150 34
198 150 46
198 150 50
198 150 146
198 150 150
198 150 162
198 150 166
198 150 178
198 150 182
198 150 194
198 150 198
198 162 2
198 162 14
198 162 18
198 162 30
198 162 34
198 162 46
198 162 50
198 162 146
198 162 150
198 162 162
198 162 166
198 162 178
198 162 182
198 162 194
198 162 198
198 166 2
198 166 14
198 166 18
198 166 30
198 166 34
198 166 46
198 166 50
198 166 146
198 166 150
198 166 162
198 166 166
198 166 178
198 166 182
198 166 194
198 166 198
198 178 2
198 178 14
198 178 18
198 178 30
198 178 34
198 178 46
198 178 50
198 178 146
198 178 150
198 178 162
198 178 166
198 178 178
198 178 182
198 178 194
198 178 198
198 182 2
198 182 14
198 182 18
198 182 30
198 182 34
198 182 46
198 182 50
198 182 146
198 182 150
198 182 162
198 182 166
198 182 178
198 182 182
198 182 194
198 182 198
198 194 2
198 194 14
198 194 18
198 194 30
198 194 34
198 194 46
198 194 50
198 194 146
198 194 150
198 194 162
198 194 166
198 194 178
198 194 182
198 194 194
198 194 198
198 198 2
198 198 14
198 198 18
198 198 30
198 198 34
198 198 46
198 198 50
198 198 146
198 198 150
198 198 162
198 198 166
198 198 178
198 198 182
198 198 194
198 198 198
