200
18 18 18
18 18 22
18 18 50
18 18 54
18 18 146
18 18 150
18 18 178
18 18 182
18 22 18
18 22 22
18 22 50
18 22 54
18 22 146
18 22 150
18 22 178
18 22 182
18 50 18
18 50 22
18 50 50
18 50 54
18 50 146
18 50 150
18 50 178
18 50 182
18 54 18
18 54 22
18 54 50
18 54 54
18 54 146
18 54 150
18 54 178
18 54 182
18 146 18
18 146 22
18 146 50
18 146 54
18 146 146
18 146 150
18 146 178
18 146 182
18 150 18
18 150 22
18 150 50
18 150 54
18 150 146
18 150 150
18 150 178
18 150 182
18 178 18
18 178 22
18 178 50
18 178 54
18 178 146
18 178 150
18 178 178
18 178 182
18 182 18
18 182 22
18 182 50
18 182 54
18 182 146
18 182 150
18 182 178
18 182 182
22 18 18
22 18 22
22 18 50
22 18 54
22 18 146
22 18 150
22 18 178
22 18 182
22 22 18
22 22 22
22 22 50
22 22 54
22 22 146
22 22 150
22 22 178
22 22 182
22 50 18
22 50 22
22 50 50
22 50 54
22 50 146
22 50 150
22 50 178
22 50 182
22 54 18
22 54 22
22 54 50
22 54 54
22 54 146
22 54 150
22 54 178
22 54 182
22 146 18
22 146 22
22 146 50
22 146 54
22 146 146
22 146 150
22 146 178
22 146 182
22 150 18
22 150 22
22 150 50
22 150 54
22 150 146
22 150 150
22 150 178
22 150 182
22 178 18
22 178 22
22 178 50
22 178 54
22 178 146
22 178 150
22 178 178
22 178 182
22 182 18
22 182 22
22 182 50
22 182 54
22 182 146
22 182 150
22 182 178
22 182 182
50 18 18
50 18 22
50 18 50
50 18 54
50 18 146
50 18 150
50 18 178
50 18 182
50 22 18
50 22 22
50 22 50
50 22 54
50 22 146
50 22 150
50 22 178
50 22 182
50 50 18
50 50 22
50 50 50
50 50 54
50 50 146
50 50 150
50 50 178
50 50 182
50 54 18
50 54 22
50 54 50
50 54 54
50 54 146
50 54 150
50 54 178
50 54 182
50 146 18
50 146 22
50 146 50
50 146 54
50 146 146
50 146 150
50 146 178
50 146 182
50 150 18
50 150 22
50 150 50
50 150 54
50 150 146
50 150 150
50 150 178
50 150 182
50 178 18
50 178 22
50 178 50
50 178 54
50 178 146
50 178 150
50 178 178
50 178 182
50 182 18
50 182 22
50 182 50
50 182 54
50 182 146
50 182 150
50 182 178
50 182 182
54 18 18
54 18 22
54 18 50
54 18 54
54 18 146
54 18 150
54 18 178
54 18 182
54 22 18
54 22 22
54 22 50
54 22 54
54 22 146
54 22 150
54 22 178
54 22 182
54 50 18
54 50 22
54 50 50
54 50 54
54 50 146
54 50 150
54 50 178
54 50 182
54 54 18
54 54 22
54 54 50
54 54 54
54 54 146
54 54 150
54 54 178
54 54 182
54 146 18
54 146 22
54 146 50
54 146 54
54 146 146
54 146 150
54 146 178
54 146 182
54 150 18
54 150 22
54 150 50
54 150 54
54 150 146
54 150 150
54 150 178
54 150 182
54 178 18
54 178 22
54 178 50
54 178 54
54 178 146
54 178 150
54 178 178
54 178 182
54 182 18
54 182 22
54 182 50
54 182 54
54 182 146
54 182 150
54 182 178
54 182 182
146 18 18
146 18 22
146 18 50
146 18 54
146 18 146
146 18 150
146 18 178
146 18 182
146 22 18
146 22 22
146 22 50
146 22 54
146 22 146
146 22 150
146 22 178
146 22 182
146 50 18
146 50 22
146 50 50
146 50 54
146 50 146
146 50 150
146 50 178
146 50 182
146 54 18
146 54 22
146 54 50
146 54 54
146 54 146
146 54 150
146 54 178
146 54 182
146 146 18
146 146 22
146 146 50
146 146 54
146 146 146
146 146 150
146 146 178
146 146 182
146 150 18
146 150 22
146 150 50
146 150 54
146 150 146
146 150 150
146 150 178
146 150 182
146 178 18
146 178 22
146 178 50
146 178 54
146 178 146
146 178 150
146 178 178
146 178 182
146 182 18
146 182 22
146 182 50
146 182 54
146 182 146
146 182 150
146 182 178
146 182 182
150 18 18
150 18 22
150 18 50
150 18 54
150 18 146
150 18 150
150 18 178
150 18 182
150 22 18
150 22 22
150 22 50
150 22 54
150 22 146
150 22 150
150 22 178
150 22 182
150 50 18
150 50 22
150 50 50
150 50 54
150 50 146
150 50 150
150 50 178
150 50 182
150 54 18
150 54 22
150 54 50
150 54 54
150 54 146
150 54 150
150 54 178
150 54 182
150 146 18
150 146 22
150 146 50
150 146 54
150 146 146
150 146 150
150 146 178
150 146 182
150 150 18
150 150 22
150 150 50
150 150 54
150 150 146
150 150 150
150 150 178
150 150 182
150 178 18
150 178 22
150 178 50
150 178 54
150 178 146
150 178 150
150 178 178
150 178 182
150 182 18
150 182 22
150 182 50
150 182 54
150 182 146
150 182 150
150 182 178
150 182 182
178 18 18
178 18 22
178 18 50
178 18 54
178 18 146
178 18 150
178 18 178
178 18 182
178 22 18
178 22 22
178 22 50
178 22 54
178 22 146
178 22 150
178 22 178
178 22 182
178 50 18
178 50 22
178 50 50
178 50 54
178 50 146
178 50 150
178 50 178
178 50 182
178 54 18
178 54 22
178 54 50
178 54 54
178 54 146
178 54 150
178 54 178
178 54 182
178 146 18
178 146 22
178 146 50
178 146 54
178 146 146
178 146 150
178 146 178
178 146 182
178 150 18
178 150 22
178 150 50
178 150 54
178 150 146
178 150 150
178 150 178
178 150 182
178 178 18
178 178 22
178 178 50
178 178 54
178 178 146
178 178 150
178 178 178
178 178 182
178 182 18
178 182 22
178 182 50
178 182 54
178 182 146
178 182 150
178 182 178
178 182 182
182 18 18
182 18 22
182 18 50
182 18 54
182 18 146
182 18 150
182 18 178
182 18 182
182 22 18
182 22 22
182 22 50
182 22 54
182 22 146
182 22 150
182 22 178
182 22 182
182 50 18
182 50 22
182 50 50
182 50 54
182 50 146
182 50 150
182 50 178
182 50 182
182 54 18
182 54 22
182 54 50
182 54 54
182 54 146
182 54 150
182 54 178
182 54 182
182 146 18
182 146 22
182 146 50
182 146 54
182 146 146
182 146 150
182 146 178
182 146 182
182 150 18
182 150 22
182 150 50
182 150 54
182 150 146
182 150 150
182 150 178
182 150 182
182 178 18
182 178 22
182 178 50
182 178 54
182 178 146
182 178 150
182 178 178
182 178 182
182 182 18
182 182 22
182 182 50
182 182 54
182 182 146
182 182 150
182 182 178
182 182 182
