20
0 1 13
0 2 12
0 3 5
0 3 16
0 3 17
0 4 1
0 4 4
0 5 1
0 5 2
0 5 4
0 5 5
0 6 2
0 6 4
0 7 3
0 7 5
0 7 6
0 9 4
0 9 5
0 9 6
1 0 12
1 0 14
1 0 15
1 0 16
1 0 17
1 1 15
1 1 16
1 2 2
1 2 4
1 2 5
1 2 16
1 2 17
1 2 18
1 3 1
1 3 5
1 3 13
1 3 15
1 3 17
1 3 18
1 4 5
1 4 12
1 4 17
1 5 1
1 5 2
1 6 2
1 6 5
1 6 15
1 7 2
1 7 6
1 7 7
1 7 13
1 7 14
1 7 16
1 8 2
1 8 7
1 8 16
1 9 3
1 9 5
1 9 16
2 0 13
2 0 15
2 0 16
2 0 17
2 1 5
2 1 13
2 2 5
2 2 7
2 2 13
2 2 14
2 2 17
2 2 18
2 3 3
2 3 6
2 3 13
2 3 15
2 3 16
2 3 18
2 4 1
2 4 2
2 4 4
2 4 5
2 6 6
2 6 8
2 6 9
2 7 2
2 7 5
2 7 6
2 7 7
2 7 8
2 7 10
2 7 15
2 8 2
2 8 9
2 8 10
2 8 12
2 8 15
2 8 18
2 9 8
2 9 15
2 9 18
2 10 6
3 0 4
3 0 11
3 1 3
3 1 5
3 1 10
3 1 12
3 1 17
3 2 5
3 2 7
3 2 17
3 2 18
3 3 4
3 3 6
3 3 8
3 3 19
3 4 3
3 4 6
3 5 6
3 5 18
3 5 19
3 6 2
3 6 3
3 6 7
3 6 8
3 7 1
3 7 2
3 7 5
3 7 7
3 7 8
3 7 14
3 7 18
3 8 3
3 8 14
3 8 18
3 9 3
3 9 5
3 9 8
3 9 11
3 10 17
3 10 18
3 11 15
3 11 17
3 12 16
4 0 4
4 0 5
4 0 7
4 0 8
4 0 9
4 0 10
4 1 2
4 1 9
4 1 10
4 1 15
4 2 1
4 2 11
4 2 12
4 3 1
4 3 12
4 3 13
4 3 15
4 3 18
4 4 7
4 4 14
4 5 9
4 5 14
4 5 18
4 6 2
4 6 3
4 6 6
4 6 18
4 7 1
4 7 3
4 7 5
4 7 7
4 7 19
4 8 1
4 8 2
4 8 15
4 9 15
4 10 12
4 11 10
5 0 5
5 0 6
5 0 7
5 0 8
5 0 9
5 0 11
5 0 12
5 0 13
5 1 8
5 1 9
5 1 10
5 1 13
5 2 7
5 2 10
5 3 7
5 3 14
5 3 15
5 4 7
5 4 13
5 5 16
5 5 17
5 5 18
5 6 3
5 6 17
5 7 1
5 7 3
5 7 13
5 7 19
5 8 1
5 8 2
5 8 7
5 8 8
5 8 10
5 8 14
5 9 2
5 9 5
5 9 11
5 9 12
5 9 14
5 9 15
5 9 16
5 9 19
5 10 10
5 10 12
5 10 14
5 10 18
5 11 9
5 11 11
5 11 15
5 11 17
6 0 4
6 0 7
6 0 12
6 0 13
6 0 14
6 1 8
6 1 12
6 1 14
6 2 3
6 2 8
6 2 10
6 2 11
6 3 3
6 3 9
6 5 16
6 6 3
6 6 17
6 7 2
6 7 10
6 8 1
6 8 2
6 8 8
6 8 9
6 8 13
6 9 5
6 9 6
6 9 12
6 9 13
6 9 14
6 9 15
6 9 19
6 10 6
6 10 7
6 10 8
6 10 9
6 10 10
6 10 13
6 11 8
6 11 9
6 11 11
6 11 15
6 11 17
6 12 11
7 0 5
7 0 12
7 1 6
7 1 14
7 1 15
7 1 16
7 2 11
7 2 16
7 3 9
7 3 13
7 4 8
7 4 13
7 5 3
7 5 13
7 5 14
7 5 15
7 5 16
7 6 8
7 6 9
7 6 10
7 6 11
7 6 12
7 6 16
7 6 17
7 7 8
7 7 17
7 8 7
7 8 8
7 9 13
7 9 17
7 10 7
7 10 8
7 10 12
7 10 13
7 11 11
7 11 12
8 0 6
8 0 12
8 0 15
8 0 16
8 1 4
8 1 6
8 1 8
8 1 10
8 1 11
8 1 12
8 2 4
8 2 5
8 2 8
8 2 11
8 2 12
8 2 14
8 2 15
8 2 17
8 3 4
8 3 14
8 3 15
8 4 14
8 4 15
8 4 16
8 5 5
8 5 6
8 5 7
8 5 8
8 5 9
8 5 17
8 6 11
8 6 14
8 6 15
8 7 13
8 7 16
8 7 17
8 9 7
8 10 11
8 10 12
8 11 11
9 0 7
9 0 8
9 0 9
9 0 11
9 0 15
9 0 16
9 1 6
9 1 10
9 1 11
9 1 12
9 2 6
9 2 10
9 2 11
9 2 14
9 3 7
9 3 17
9 5 18
9 7 12
9 7 18
9 8 13
9 8 15
9 8 16
9 9 15
10 0 8
10 1 10
10 1 16
10 2 14
10 2 16
10 3 7
10 3 18
10 4 18
10 5 8
10 5 14
10 6 9
10 6 10
10 7 11
10 7 12
10 7 14
10 7 18
10 8 12
10 8 13
10 8 14
11 1 7
11 1 8
11 1 9
11 2 7
11 2 11
11 2 17
11 3 8
11 3 14
11 3 18
11 4 9
11 4 11
11 4 14
11 4 16
11 4 17
11 4 18
11 5 11
11 5 18
11 6 9
11 6 10
11 6 17
11 7 10
11 7 17
11 8 10
11 8 15
12 2 11
12 2 16
12 3 12
12 3 14
12 3 16
12 3 17
12 4 9
12 4 11
12 4 14
12 6 10
12 6 13
13 2 10
13 3 10
13 3 11
13 3 13
13 3 14
13 4 10
13 4 11
13 4 12
13 4 14
13 5 11
13 7 11
13 7 12
14 4 11
14 4 13
