150
60 75 75
61 74 75
61 75 74
61 75 75
61 75 76
61 76 75
62 73 75
62 75 73
62 75 75
62 75 77
62 77 75
63 72 75
63 73 74
63 73 75
63 73 76
63 74 73
63 74 75
63 74 77
63 75 72
63 75 73
63 75 74
63 75 75
63 75 76
63 75 77
63 75 78
63 76 73
63 76 75
63 76 77
63 77 74
63 77 75
63 77 76
63 78 75
64 71 75
64 74 75
64 75 71
64 75 74
64 75 75
64 75 76
64 75 79
64 76 75
64 79 75
65 70 75
65 71 74
65 71 75
65 71 76
65 74 71
65 74 75
65 74 79
65 75 70
65 75 71
65 75 74
65 75 75
65 75 76
65 75 79
65 75 80
65 76 71
65 76 75
65 76 79
65 79 74
65 79 75
65 79 76
65 80 75
66 69 75
66 71 73
66 71 75
66 71 77
66 72 75
66 73 71
66 73 75
66 73 79
66 75 69
66 75 71
66 75 72
66 75 73
66 75 75
66 75 77
66 75 78
66 75 79
66 75 81
66 77 71
66 77 75
66 77 79
66 78 75
66 79 73
66 79 75
66 79 77
66 81 75
67 68 75
67 69 74
67 69 75
67 69 76
67 70 73
67 70 75
67 70 77
67 71 72
67 71 73
67 71 74
67 71 75
67 71 76
67 71 77
67 71 78
67 72 71
67 72 74
67 72 75
67 72 76
67 72 79
67 73 70
67 73 71
67 73 74
67 73 75
67 73 76
67 73 79
67 73 80
67 74 69
67 74 71
67 74 72
67 74 73
67 74 75
67 74 77
67 74 78
67 74 79
67 74 81
67 75 68
67 75 69
67 75 70
67 75 71
67 75 72
67 75 73
67 75 74
67 75 75
67 75 76
67 75 77
67 75 78
67 75 79
67 75 80
67 75 81
67 75 82
67 76 69
67 76 71
67 76 72
67 76 73
67 76 75
67 76 77
67 76 78
67 76 79
67 76 81
67 77 70
67 77 71
67 77 74
67 77 75
67 77 76
67 77 79
67 77 80
67 78 71
67 78 74
67 78 75
67 78 76
67 78 79
67 79 72
67 79 73
67 79 74
67 79 75
67 79 76
67 79 77
67 79 78
67 80 73
67 80 75
67 80 77
67 81 74
67 81 75
67 81 76
67 82 75
68 67 75
68 70 75
68 71 74
68 71 76
68 72 75
68 73 74
68 73 76
68 74 71
68 74 73
68 74 75
68 74 77
68 74 79
68 75 67
68 75 70
68 75 72
68 75 74
68 75 75
68 75 76
68 75 78
68 75 80
68 75 83
68 76 71
68 76 73
68 76 75
68 76 77
68 76 79
68 77 74
68 77 76
68 78 75
68 79 74
68 79 76
68 80 75
68 83 75
69 66 75
69 67 74
69 67 75
69 67 76
69 71 75
69 72 75
69 73 74
69 73 76
69 74 67
69 74 73
69 74 75
69 74 77
69 74 83
69 75 66
69 75 67
69 75 71
69 75 72
69 75 74
69 75 75
69 75 76
69 75 78
69 75 79
69 75 83
69 75 84
69 76 67
69 76 73
69 76 75
69 76 77
69 76 83
69 77 74
69 77 76
69 78 75
69 79 75
69 83 74
69 83 75
69 83 76
69 84 75
70 65 75
70 67 73
70 67 75
70 67 77
70 68 75
70 72 75
70 73 67
70 73 74
70 73 75
70 73 76
70 73 83
70 74 73
70 74 77
70 75 65
70 75 67
70 75 68
70 75 72
70 75 73
70 75 75
70 75 77
70 75 78
70 75 82
70 75 83
70 75 85
70 76 73
70 76 77
70 77 67
70 77 74
70 77 75
70 77 76
70 77 83
70 78 75
70 82 75
70 83 73
70 83 75
70 83 77
70 85 75
71 64 75
71 65 74
71 65 75
71 65 76
71 66 73
71 66 75
71 66 77
71 67 72
71 67 73
71 67 74
71 67 75
71 67 76
71 67 77
71 67 78
71 68 74
71 68 76
71 69 75
71 72 67
71 72 75
71 72 83
71 73 66
71 73 67
71 73 74
71 73 75
71 73 76
71 73 83
71 73 84
71 74 65
71 74 67
71 74 68
71 74 73
71 74 75
71 74 77
71 74 82
71 74 83
71 74 85
71 75 64
71 75 65
71 75 66
71 75 67
71 75 69
71 75 72
71 75 73
71 75 74
71 75 75
71 75 76
71 75 77
71 75 78
71 75 81
71 75 83
71 75 84
71 75 85
71 75 86
71 76 65
71 76 67
71 76 68
71 76 73
71 76 75
71 76 77
71 76 82
71 76 83
71 76 85
71 77 66
71 77 67
71 77 74
71 77 75
71 77 76
71 77 83
71 77 84
71 78 67
71 78 75
71 78 83
71 81 75
71 82 74
71 82 76
71 83 72
71 83 73
71 83 74
71 83 75
71 83 76
71 83 77
71 83 78
71 84 73
71 84 75
71 84 77
71 85 74
71 85 75
71 85 76
71 86 75
72 63 75
72 66 75
72 67 71
72 67 74
72 67 75
72 67 76
72 67 79
72 68 75
72 69 75
72 70 75
72 71 67
72 71 75
72 71 83
72 73 74
72 73 76
72 74 67
72 74 73
72 74 75
72 74 77
72 74 83
72 75 63
72 75 66
72 75 67
72 75 68
72 75 69
72 75 70
72 75 71
72 75 74
72 75 75
72 75 76
72 75 79
72 75 80
72 75 81
72 75 82
72 75 83
72 75 84
72 75 87
72 76 67
72 76 73
72 76 75
72 76 77
72 76 83
72 77 74
72 77 76
72 79 67
72 79 75
72 79 83
72 80 75
72 81 75
72 82 75
72 83 71
72 83 74
72 83 75
72 83 76
72 83 79
72 84 75
72 87 75
73 62 75
73 63 74
73 63 75
73 63 76
73 66 71
73 66 75
73 66 79
73 67 70
73 67 71
73 67 74
73 67 75
73 67 76
73 67 79
73 67 80
73 68 74
73 68 76
73 69 74
73 69 76
73 70 67
73 70 74
73 70 75
73 70 76
73 70 83
73 71 66
73 71 67
73 71 74
73 71 75
73 71 76
73 71 83
73 71 84
73 72 74
73 72 76
73 74 63
73 74 67
73 74 68
73 74 69
73 74 70
73 74 71
73 74 72
73 74 75
73 74 78
73 74 79
73 74 80
73 74 81
73 74 82
73 74 83
73 74 87
73 75 62
73 75 63
73 75 66
73 75 67
73 75 70
73 75 71
73 75 74
73 75 75
73 75 76
73 75 79
73 75 80
73 75 83
73 75 84
73 75 87
73 75 88
73 76 63
73 76 67
73 76 68
73 76 69
73 76 70
73 76 71
73 76 72
73 76 75
73 76 78
73 76 79
73 76 80
73 76 81
73 76 82
73 76 83
73 76 87
73 78 74
73 78 76
73 79 66
73 79 67
73 79 74
73 79 75
73 79 76
73 79 83
73 79 84
73 80 67
73 80 74
73 80 75
73 80 76
73 80 83
73 81 74
73 81 76
73 82 74
73 82 76
73 83 70
73 83 71
73 83 74
73 83 75
73 83 76
73 83 79
73 83 80
73 84 71
73 84 75
73 84 79
73 87 74
73 87 75
73 87 76
73 88 75
74 61 75
74 63 73
74 63 75
74 63 77
74 64 75
74 65 71
74 65 75
74 65 79
74 67 69
74 67 71
74 67 72
74 67 73
74 67 75
74 67 77
74 67 78
74 67 79
74 67 81
74 68 71
74 68 73
74 68 75
74 68 77
74 68 79
74 69 67
74 69 73
74 69 75
74 69 77
74 69 83
74 70 73
74 70 77
74 71 65
74 71 67
74 71 68
74 71 73
74 71 75
74 71 77
74 71 82
74 71 83
74 71 85
74 72 67
74 72 73
74 72 75
74 72 77
74 72 83
74 73 63
74 73 67
74 73 68
74 73 69
74 73 70
74 73 71
74 73 72
74 73 75
74 73 78
74 73 79
74 73 80
74 73 81
74 73 82
74 73 83
74 73 87
74 75 61
74 75 63
74 75 64
74 75 65
74 75 67
74 75 68
74 75 69
74 75 71
74 75 72
74 75 73
74 75 75
74 75 77
74 75 78
74 75 79
74 75 81
74 75 82
74 75 83
74 75 85
74 75 86
74 75 87
74 75 89
74 77 63
74 77 67
74 77 68
74 77 69
74 77 70
74 77 71
74 77 72
74 77 75
74 77 78
74 77 79
74 77 80
74 77 81
74 77 82
74 77 83
74 77 87
74 78 67
74 78 73
74 78 75
74 78 77
74 78 83
74 79 65
74 79 67
74 79 68
74 79 73
74 79 75
74 79 77
74 79 82
74 79 83
74 79 85
74 80 73
74 80 77
74 81 67
74 81 73
74 81 75
74 81 77
74 81 83
74 82 71
74 82 73
74 82 75
74 82 77
74 82 79
74 83 69
74 83 71
74 83 72
74 83 73
74 83 75
74 83 77
74 83 78
74 83 79
74 83 81
74 85 71
74 85 75
74 85 79
74 86 75
74 87 73
74 87 75
74 87 77
74 89 75
75 60 75
75 61 74
75 61 75
75 61 76
75 62 73
75 62 75
75 62 77
75 63 72
75 63 73
75 63 74
75 63 75
75 63 76
75 63 77
75 63 78
75 64 71
75 64 74
75 64 75
75 64 76
75 64 79
75 65 70
75 65 71
75 65 74
75 65 75
75 65 76
75 65 79
75 65 80
75 66 69
75 66 71
75 66 72
75 66 73
75 66 75
75 66 77
75 66 78
75 66 79
75 66 81
75 67 68
75 67 69
75 67 70
75 67 71
75 67 72
75 67 73
75 67 74
75 67 75
75 67 76
75 67 77
75 67 78
75 67 79
75 67 80
75 67 81
75 67 82
75 68 67
75 68 70
75 68 72
75 68 74
75 68 75
75 68 76
75 68 78
75 68 80
75 68 83
75 69 66
75 69 67
75 69 71
75 69 72
75 69 74
75 69 75
75 69 76
75 69 78
75 69 79
75 69 83
75 69 84
75 70 65
75 70 67
75 70 68
75 70 72
75 70 73
75 70 75
75 70 77
75 70 78
75 70 82
75 70 83
75 70 85
75 71 64
75 71 65
75 71 66
75 71 67
75 71 69
75 71 72
75 71 73
75 71 74
75 71 75
75 71 76
75 71 77
75 71 78
75 71 81
75 71 83
75 71 84
75 71 85
75 71 86
75 72 63
75 72 66
75 72 67
75 72 68
75 72 69
75 72 70
75 72 71
75 72 74
75 72 75
75 72 76
75 72 79
75 72 80
75 72 81
75 72 82
75 72 83
75 72 84
75 72 87
75 73 62
75 73 63
75 73 66
75 73 67
75 73 70
75 73 71
75 73 74
75 73 75
75 73 76
75 73 79
75 73 80
75 73 83
75 73 84
75 73 87
75 73 88
75 74 61
75 74 63
75 74 64
75 74 65
75 74 67
75 74 68
75 74 69
75 74 71
75 74 72
75 74 73
75 74 75
75 74 77
75 74 78
75 74 79
75 74 81
75 74 82
75 74 83
75 74 85
75 74 86
75 74 87
75 74 89
75 75 60
75 75 61
75 75 62
75 75 63
75 75 64
75 75 65
75 75 66
75 75 67
75 75 68
75 75 69
75 75 70
75 75 71
75 75 72
75 75 73
75 75 74
75 75 75
75 75 76
75 75 77
75 75 78
75 75 79
75 75 80
75 75 81
75 75 82
75 75 83
75 75 84
75 75 85
75 75 86
75 75 87
75 75 88
75 75 89
75 75 90
75 76 61
75 76 63
75 76 64
75 76 65
75 76 67
75 76 68
75 76 69
75 76 71
75 76 72
75 76 73
75 76 75
75 76 77
75 76 78
75 76 79
75 76 81
75 76 82
75 76 83
75 76 85
75 76 86
75 76 87
75 76 89
75 77 62
75 77 63
75 77 66
75 77 67
75 77 70
75 77 71
75 77 74
75 77 75
75 77 76
75 77 79
75 77 80
75 77 83
75 77 84
75 77 87
75 77 88
75 78 63
75 78 66
75 78 67
75 78 68
75 78 69
75 78 70
75 78 71
75 78 74
75 78 75
75 78 76
75 78 79
75 78 80
75 78 81
75 78 82
75 78 83
75 78 84
75 78 87
75 79 64
75 79 65
75 79 66
75 79 67
75 79 69
75 79 72
75 79 73
75 79 74
75 79 75
75 79 76
75 79 77
75 79 78
75 79 81
75 79 83
75 79 84
75 79 85
75 79 86
75 80 65
75 80 67
75 80 68
75 80 72
75 80 73
75 80 75
75 80 77
75 80 78
75 80 82
75 80 83
75 80 85
75 81 66
75 81 67
75 81 71
75 81 72
75 81 74
75 81 75
75 81 76
75 81 78
75 81 79
75 81 83
75 81 84
75 82 67
75 82 70
75 82 72
75 82 74
75 82 75
75 82 76
75 82 78
75 82 80
75 82 83
75 83 68
75 83 69
75 83 70
75 83 71
75 83 72
75 83 73
75 83 74
75 83 75
75 83 76
75 83 77
75 83 78
75 83 79
75 83 80
75 83 81
75 83 82
75 84 69
75 84 71
75 84 72
75 84 73
75 84 75
75 84 77
75 84 78
75 84 79
75 84 81
75 85 70
75 85 71
75 85 74
75 85 75
75 85 76
75 85 79
75 85 80
75 86 71
75 86 74
75 86 75
75 86 76
75 86 79
75 87 72
75 87 73
75 87 74
75 87 75
75 87 76
75 87 77
75 87 78
75 88 73
75 88 75
75 88 77
75 89 74
75 89 75
75 89 76
75 90 75
76 61 75
76 63 73
76 63 75
76 63 77
76 64 75
76 65 71
76 65 75
76 65 79
76 67 69
76 67 71
76 67 72
76 67 73
76 67 75
76 67 77
76 67 78
76 67 79
76 67 81
76 68 71
76 68 73
76 68 75
76 68 77
76 68 79
76 69 67
76 69 73
76 69 75
76 69 77
76 69 83
76 70 73
76 70 77
76 71 65
76 71 67
76 71 68
76 71 73
76 71 75
76 71 77
76 71 82
76 71 83
76 71 85
76 72 67
76 72 73
76 72 75
76 72 77
76 72 83
76 73 63
76 73 67
76 73 68
76 73 69
76 73 70
76 73 71
76 73 72
76 73 75
76 73 78
76 73 79
76 73 80
76 73 81
76 73 82
76 73 83
76 73 87
76 75 61
76 75 63
76 75 64
76 75 65
76 75 67
76 75 68
76 75 69
76 75 71
76 75 72
76 75 73
76 75 75
76 75 77
76 75 78
76 75 79
76 75 81
76 75 82
76 75 83
76 75 85
76 75 86
76 75 87
76 75 89
76 77 63
76 77 67
76 77 68
76 77 69
76 77 70
76 77 71
76 77 72
76 77 75
76 77 78
76 77 79
76 77 80
76 77 81
76 77 82
76 77 83
76 77 87
76 78 67
76 78 73
76 78 75
76 78 77
76 78 83
76 79 65
76 79 67
76 79 68
76 79 73
76 79 75
76 79 77
76 79 82
76 79 83
76 79 85
76 80 73
76 80 77
76 81 67
76 81 73
76 81 75
76 81 77
76 81 83
76 82 71
76 82 73
76 82 75
76 82 77
76 82 79
76 83 69
76 83 71
76 83 72
76 83 73
76 83 75
76 83 77
76 83 78
76 83 79
76 83 81
76 85 71
76 85 75
76 85 79
76 86 75
76 87 73
76 87 75
76 87 77
76 89 75
77 62 75
77 63 74
77 63 75
77 63 76
77 66 71
77 66 75
77 66 79
77 67 70
77 67 71
77 67 74
77 67 75
77 67 76
77 67 79
77 67 80
77 68 74
77 68 76
77 69 74
77 69 76
77 70 67
77 70 74
77 70 75
77 70 76
77 70 83
77 71 66
77 71 67
77 71 74
77 71 75
77 71 76
77 71 83
77 71 84
77 72 74
77 72 76
77 74 63
77 74 67
77 74 68
77 74 69
77 74 70
77 74 71
77 74 72
77 74 75
77 74 78
77 74 79
77 74 80
77 74 81
77 74 82
77 74 83
77 74 87
77 75 62
77 75 63
77 75 66
77 75 67
77 75 70
77 75 71
77 75 74
77 75 75
77 75 76
77 75 79
77 75 80
77 75 83
77 75 84
77 75 87
77 75 88
77 76 63
77 76 67
77 76 68
77 76 69
77 76 70
77 76 71
77 76 72
77 76 75
77 76 78
77 76 79
77 76 80
77 76 81
77 76 82
77 76 83
77 76 87
77 78 74
77 78 76
77 79 66
77 79 67
77 79 74
77 79 75
77 79 76
77 79 83
77 79 84
77 80 67
77 80 74
77 80 75
77 80 76
77 80 83
77 81 74
77 81 76
77 82 74
77 82 76
77 83 70
77 83 71
77 83 74
77 83 75
77 83 76
77 83 79
77 83 80
77 84 71
77 84 75
77 84 79
77 87 74
77 87 75
77 87 76
77 88 75
78 63 75
78 66 75
78 67 71
78 67 74
78 67 75
78 67 76
78 67 79
78 68 75
78 69 75
78 70 75
78 71 67
78 71 75
78 71 83
78 73 74
78 73 76
78 74 67
78 74 73
78 74 75
78 74 77
78 74 83
78 75 63
78 75 66
78 75 67
78 75 68
78 75 69
78 75 70
78 75 71
78 75 74
78 75 75
78 75 76
78 75 79
78 75 80
78 75 81
78 75 82
78 75 83
78 75 84
78 75 87
78 76 67
78 76 73
78 76 75
78 76 77
78 76 83
78 77 74
78 77 76
78 79 67
78 79 75
78 79 83
78 80 75
78 81 75
78 82 75
78 83 71
78 83 74
78 83 75
78 83 76
78 83 79
78 84 75
78 87 75
79 64 75
79 65 74
79 65 75
79 65 76
79 66 73
79 66 75
79 66 77
79 67 72
79 67 73
79 67 74
79 67 75
79 67 76
79 67 77
79 67 78
79 68 74
79 68 76
79 69 75
79 72 67
79 72 75
79 72 83
79 73 66
79 73 67
79 73 74
79 73 75
79 73 76
79 73 83
79 73 84
79 74 65
79 74 67
79 74 68
79 74 73
79 74 75
79 74 77
79 74 82
79 74 83
79 74 85
79 75 64
79 75 65
79 75 66
79 75 67
79 75 69
79 75 72
79 75 73
79 75 74
79 75 75
79 75 76
79 75 77
79 75 78
79 75 81
79 75 83
79 75 84
79 75 85
79 75 86
79 76 65
79 76 67
79 76 68
79 76 73
79 76 75
79 76 77
79 76 82
79 76 83
79 76 85
79 77 66
79 77 67
79 77 74
79 77 75
79 77 76
79 77 83
79 77 84
79 78 67
79 78 75
79 78 83
79 81 75
79 82 74
79 82 76
79 83 72
79 83 73
79 83 74
79 83 75
79 83 76
79 83 77
79 83 78
79 84 73
79 84 75
79 84 77
79 85 74
79 85 75
79 85 76
79 86 75
80 65 75
80 67 73
80 67 75
80 67 77
80 68 75
80 72 75
80 73 67
80 73 74
80 73 75
80 73 76
80 73 83
80 74 73
80 74 77
80 75 65
80 75 67
80 75 68
80 75 72
80 75 73
80 75 75
80 75 77
80 75 78
80 75 82
80 75 83
80 75 85
80 76 73
80 76 77
80 77 67
80 77 74
80 77 75
80 77 76
80 77 83
80 78 75
80 82 75
80 83 73
80 83 75
80 83 77
80 85 75
81 66 75
81 67 74
81 67 75
81 67 76
81 71 75
81 72 75
81 73 74
81 73 76
81 74 67
81 74 73
81 74 75
81 74 77
81 74 83
81 75 66
81 75 67
81 75 71
81 75 72
81 75 74
81 75 75
81 75 76
81 75 78
81 75 79
81 75 83
81 75 84
81 76 67
81 76 73
81 76 75
81 76 77
81 76 83
81 77 74
81 77 76
81 78 75
81 79 75
81 83 74
81 83 75
81 83 76
81 84 75
82 67 75
82 70 75
82 71 74
82 71 76
82 72 75
82 73 74
82 73 76
82 74 71
82 74 73
82 74 75
82 74 77
82 74 79
82 75 67
82 75 70
82 75 72
82 75 74
82 75 75
82 75 76
82 75 78
82 75 80
82 75 83
82 76 71
82 76 73
82 76 75
82 76 77
82 76 79
82 77 74
82 77 76
82 78 75
82 79 74
82 79 76
82 80 75
82 83 75
83 68 75
83 69 74
83 69 75
83 69 76
83 70 73
83 70 75
83 70 77
83 71 72
83 71 73
83 71 74
83 71 75
83 71 76
83 71 77
83 71 78
83 72 71
83 72 74
83 72 75
83 72 76
83 72 79
83 73 70
83 73 71
83 73 74
83 73 75
83 73 76
83 73 79
83 73 80
83 74 69
83 74 71
83 74 72
83 74 73
83 74 75
83 74 77
83 74 78
83 74 79
83 74 81
83 75 68
83 75 69
83 75 70
83 75 71
83 75 72
83 75 73
83 75 74
83 75 75
83 75 76
83 75 77
83 75 78
83 75 79
83 75 80
83 75 81
83 75 82
83 76 69
83 76 71
83 76 72
83 76 73
83 76 75
83 76 77
83 76 78
83 76 79
83 76 81
83 77 70
83 77 71
83 77 74
83 77 75
83 77 76
83 77 79
83 77 80
83 78 71
83 78 74
83 78 75
83 78 76
83 78 79
83 79 72
83 79 73
83 79 74
83 79 75
83 79 76
83 79 77
83 79 78
83 80 73
83 80 75
83 80 77
83 81 74
83 81 75
83 81 76
83 82 75
84 69 75
84 71 73
84 71 75
84 71 77
84 72 75
84 73 71
84 73 75
84 73 79
84 75 69
84 75 71
84 75 72
84 75 73
84 75 75
84 75 77
84 75 78
84 75 79
84 75 81
84 77 71
84 77 75
84 77 79
84 78 75
84 79 73
84 79 75
84 79 77
84 81 75
85 70 75
85 71 74
85 71 75
85 71 76
85 74 71
85 74 75
85 74 79
85 75 70
85 75 71
85 75 74
85 75 75
85 75 76
85 75 79
85 75 80
85 76 71
85 76 75
85 76 79
85 79 74
85 79 75
85 79 76
85 80 75
86 71 75
86 74 75
86 75 71
86 75 74
86 75 75
86 75 76
86 75 79
86 76 75
86 79 75
87 72 75
87 73 74
87 73 75
87 73 76
87 74 73
87 74 75
87 74 77
87 75 72
87 75 73
87 75 74
87 75 75
87 75 76
87 75 77
87 75 78
87 76 73
87 76 75
87 76 77
87 77 74
87 77 75
87 77 76
87 78 75
88 73 75
88 75 73
88 75 75
88 75 77
88 77 75
89 74 75
89 75 74
89 75 75
89 75 76
89 76 75
90 75 75
