200
35 35 35
35 35 36
35 35 37
35 35 163
35 35 164
35 35 165
35 36 35
35 36 36
35 36 37
35 36 163
35 36 164
35 36 165
35 37 35
35 37 36
35 37 37
35 37 163
35 37 164
35 37 165
35 163 35
35 163 36
35 163 37
35 163 163
35 163 164
35 163 165
35 164 35
35 164 36
35 164 37
35 164 163
35 164 164
35 164 165
35 165 35
35 165 36
35 165 37
35 165 163
35 165 164
35 165 165
36 35 35
36 35 36
36 35 37
36 35 163
36 35 164
36 35 165
36 36 35
36 36 37
36 36 163
36 36 165
36 37 35
36 37 36
36 37 37
36 37 163
36 37 164
36 37 165
36 163 35
36 163 36
36 163 37
36 163 163
36 163 164
36 163 165
36 164 35
36 164 37
36 164 163
36 164 165
36 165 35
36 165 36
36 165 37
36 165 163
36 165 164
36 165 165
37 35 35
37 35 36
37 35 37
37 35 163
37 35 164
37 35 165
37 36 35
37 36 36
37 36 37
37 36 163
37 36 164
37 36 165
37 37 35
37 37 36
37 37 37
37 37 163
37 37 164
37 37 165
37 163 35
37 163 36
37 163 37
37 163 163
37 163 164
37 163 165
37 164 35
37 164 36
37 164 37
37 164 163
37 164 164
37 164 165
37 165 35
37 165 36
37 165 37
37 165 163
37 165 164
37 165 165
163 35 35
163 35 36
163 35 37
163 35 163
163 35 164
163 35 165
163 36 35
163 36 36
163 36 37
163 36 163
163 36 164
163 36 165
163 37 35
163 37 36
163 37 37
163 37 163
163 37 164
163 37 165
163 163 35
163 163 36
163 163 37
163 163 163
163 163 164
163 163 165
163 164 35
163 164 36
163 164 37
163 164 163
163 164 164
163 164 165
163 165 35
163 165 36
163 165 37
163 165 163
163 165 164
163 165 165
164 35 35
164 35 36
164 35 37
164 35 163
164 35 164
164 35 165
164 36 35
164 36 37
164 36 163
164 36 165
164 37 35
164 37 36
164 37 37
164 37 163
164 37 164
164 37 165
164 163 35
164 163 36
164 163 37
164 163 163
164 163 164
164 163 165
164 164 35
164 164 37
164 164 163
164 164 165
164 165 35
164 165 36
164 165 37
164 165 163
164 165 164
164 165 165
165 35 35
165 35 36
165 35 37
165 35 163
165 35 164
165 35 165
165 36 35
165 36 36
165 36 37
165 36 163
165 36 164
165 36 165
165 37 35
165 37 36
165 37 37
165 37 163
165 37 164
165 37 165
165 163 35
165 163 36
165 163 37
165 163 163
165 163 164
165 163 165
165 164 35
165 164 36
165 164 37
165 164 163
165 164 164
165 164 165
165 165 35
165 165 36
165 165 37
165 165 163
165 165 164
165 165 165
