200
12 12 12
12 12 20
12 12 28
12 12 36
12 12 160
12 12 168
12 12 176
12 12 184
12 20 12
12 20 20
12 20 28
12 20 36
12 20 160
12 20 168
12 20 176
12 20 184
12 28 12
12 28 20
12 28 28
12 28 36
12 28 160
12 28 168
12 28 176
12 28 184
12 36 12
12 36 20
12 36 28
12 36 36
12 36 160
12 36 168
12 36 176
12 36 184
12 160 12
12 160 20
12 160 28
12 160 36
12 160 160
12 160 168
12 160 176
12 160 184
12 168 12
12 168 20
12 168 28
12 168 36
12 168 160
12 168 168
12 168 176
12 168 184
12 176 12
12 176 20
12 176 28
12 176 36
12 176 160
12 176 168
12 176 176
12 176 184
12 184 12
12 184 20
12 184 28
12 184 36
12 184 160
12 184 168
12 184 176
12 184 184
20 12 12
20 12 20
20 12 28
20 12 36
20 12 160
20 12 168
20 12 176
20 12 184
20 20 12
20 20 20
20 20 28
20 20 36
20 20 160
20 20 168
20 20 176
20 20 184
20 28 12
20 28 20
20 28 28
20 28 36
20 28 160
20 28 168
20 28 176
20 28 184
20 36 12
20 36 20
20 36 28
20 36 36
20 36 160
20 36 168
20 36 176
20 36 184
20 160 12
20 160 20
20 160 28
20 160 36
20 160 160
20 160 168
20 160 176
20 160 184
20 168 12
20 168 20
20 168 28
20 168 36
20 168 160
20 168 168
20 168 176
20 168 184
20 176 12
20 176 20
20 176 28
20 176 36
20 176 160
20 176 168
20 176 176
20 176 184
20 184 12
20 184 20
20 184 28
20 184 36
20 184 160
20 184 168
20 184 176
20 184 184
28 12 12
28 12 20
28 12 28
28 12 36
28 12 160
28 12 168
28 12 176
28 12 184
28 20 12
28 20 20
28 20 28
28 20 36
28 20 160
28 20 168
28 20 176
28 20 184
28 28 12
28 28 20
28 28 28
28 28 36
28 28 160
28 28 168
28 28 176
28 28 184
28 36 12
28 36 20
28 36 28
28 36 36
28 36 160
28 36 168
28 36 176
28 36 184
28 160 12
28 160 20
28 160 28
28 160 36
28 160 160
28 160 168
28 160 176
28 160 184
28 168 12
28 168 20
28 168 28
28 168 36
28 168 160
28 168 168
28 168 176
28 168 184
28 176 12
28 176 20
28 176 28
28 176 36
28 176 160
28 176 168
28 176 176
28 176 184
28 184 12
28 184 20
28 184 28
28 184 36
28 184 160
28 184 168
28 184 176
28 184 184
36 12 12
36 12 20
36 12 28
36 12 36
36 12 160
36 12 168
36 12 176
36 12 184
36 20 12
36 20 20
36 20 28
36 20 36
36 20 160
36 20 168
36 20 176
36 20 184
36 28 12
36 28 20
36 28 28
36 28 36
36 28 160
36 28 168
36 28 176
36 28 184
36 36 12
36 36 20
36 36 28
36 36 36
36 36 160
36 36 168
36 36 176
36 36 184
36 160 12
36 160 20
36 160 28
36 160 36
36 160 160
36 160 168
36 160 176
36 160 184
36 168 12
36 168 20
36 168 28
36 168 36
36 168 160
36 168 168
36 168 176
36 168 184
36 176 12
36 176 20
36 176 28
36 176 36
36 176 160
36 176 168
36 176 176
36 176 184
36 184 12
36 184 20
36 184 28
36 184 36
36 184 160
36 184 168
36 184 176
36 184 184
160 12 12
160 12 20
160 12 28
160 12 36
160 12 160
160 12 168
160 12 176
160 12 184
160 20 12
160 20 20
160 20 28
160 20 36
160 20 160
160 20 168
160 20 176
160 20 184
160 28 12
160 28 20
160 28 28
160 28 36
160 28 160
160 28 168
160 28 176
160 28 184
160 36 12
160 36 20
160 36 28
160 36 36
160 36 160
160 36 168
160 36 176
160 36 184
160 160 12
160 160 20
160 160 28
160 160 36
160 160 160
160 160 168
160 160 176
160 160 184
160 168 12
160 168 20
160 168 28
160 168 36
160 168 160
160 168 168
160 168 176
160 168 184
160 176 12
160 176 20
160 176 28
160 176 36
160 176 160
160 176 168
160 176 176
160 176 184
160 184 12
160 184 20
160 184 28
160 184 36
160 184 160
160 184 168
160 184 176
160 184 184
168 12 12
168 12 20
168 12 28
168 12 36
168 12 160
168 12 168
168 12 176
168 12 184
168 20 12
168 20 20
168 20 28
168 20 36
168 20 160
168 20 168
168 20 176
168 20 184
168 28 12
168 28 20
168 28 28
168 28 36
168 28 160
168 28 168
168 28 176
168 28 184
168 36 12
168 36 20
168 36 28
168 36 36
168 36 160
168 36 168
168 36 176
168 36 184
168 160 12
168 160 20
168 160 28
168 160 36
168 160 160
168 160 168
168 160 176
168 160 184
168 168 12
168 168 20
168 168 28
168 168 36
168 168 160
168 168 168
168 168 176
168 168 184
168 176 12
168 176 20
168 176 28
168 176 36
168 176 160
168 176 168
168 176 176
168 176 184
168 184 12
168 184 20
168 184 28
168 184 36
168 184 160
168 184 168
168 184 176
168 184 184
176 12 12
176 12 20
176 12 28
176 12 36
176 12 160
176 12 168
176 12 176
176 12 184
176 20 12
176 20 20
176 20 28
176 20 36
176 20 160
176 20 168
176 20 176
176 20 184
176 28 12
176 28 20
176 28 28
176 28 36
176 28 160
176 28 168
176 28 176
176 28 184
176 36 12
176 36 20
176 36 28
176 36 36
176 36 160
176 36 168
176 36 176
176 36 184
176 160 12
176 160 20
176 160 28
176 160 36
176 160 160
176 160 168
176 160 176
176 160 184
176 168 12
176 168 20
176 168 28
176 168 36
176 168 160
176 168 168
176 168 176
176 168 184
176 176 12
176 176 20
176 176 28
176 176 36
176 176 160
176 176 168
176 176 176
176 176 184
176 184 12
176 184 20
176 184 28
176 184 36
176 184 160
176 184 168
176 184 176
176 184 184
184 12 12
184 12 20
184 12 28
184 12 36
184 12 160
184 12 168
184 12 176
184 12 184
184 20 12
184 20 20
184 20 28
184 20 36
184 20 160
184 20 168
184 20 176
184 20 184
184 28 12
184 28 20
184 28 28
184 28 36
184 28 160
184 28 168
184 28 176
184 28 184
184 36 12
184 36 20
184 36 28
184 36 36
184 36 160
184 36 168
184 36 176
184 36 184
184 160 12
184 160 20
184 160 28
184 160 36
184 160 160
184 160 168
184 160 176
184 160 184
184 168 12
184 168 20
184 168 28
184 168 36
184 168 160
184 168 168
184 168 176
184 168 184
184 176 12
184 176 20
184 176 28
184 176 36
184 176 160
184 176 168
184 176 176
184 176 184
184 184 12
184 184 20
184 184 28
184 184 36
184 184 160
184 184 168
184 184 176
184 184 184
