200
4 4 4
4 4 12
4 4 36
4 4 44
4 4 152
4 4 160
4 4 184
4 4 192
4 12 4
4 12 12
4 12 36
4 12 44
4 12 152
4 12 160
4 12 184
4 12 192
4 36 4
4 36 12
4 36 36
4 36 44
4 36 152
4 36 160
4 36 184
4 36 192
4 44 4
4 44 12
4 44 36
4 44 44
4 44 152
4 44 160
4 44 184
4 44 192
4 152 4
4 152 12
4 152 36
4 152 44
4 152 152
4 152 160
4 152 184
4 152 192
4 160 4
4 160 12
4 160 36
4 160 44
4 160 152
4 160 160
4 160 184
4 160 192
4 184 4
4 184 12
4 184 36
4 184 44
4 184 152
4 184 160
4 184 184
4 184 192
4 192 4
4 192 12
4 192 36
4 192 44
4 192 152
4 192 160
4 192 184
4 192 192
12 4 4
12 4 12
12 4 36
12 4 44
12 4 152
12 4 160
12 4 184
12 4 192
12 12 4
12 12 12
12 12 36
12 12 44
12 12 152
12 12 160
12 12 184
12 12 192
12 36 4
12 36 12
12 36 36
12 36 44
12 36 152
12 36 160
12 36 184
12 36 192
12 44 4
12 44 12
12 44 36
12 44 44
12 44 152
12 44 160
12 44 184
12 44 192
12 152 4
12 152 12
12 152 36
12 152 44
12 152 152
12 152 160
12 152 184
12 152 192
12 160 4
12 160 12
12 160 36
12 160 44
12 160 152
12 160 160
12 160 184
12 160 192
12 184 4
12 184 12
12 184 36
12 184 44
12 184 152
12 184 160
12 184 184
12 184 192
12 192 4
12 192 12
12 192 36
12 192 44
12 192 152
12 192 160
12 192 184
12 192 192
36 4 4
36 4 12
36 4 36
36 4 44
36 4 152
36 4 160
36 4 184
36 4 192
36 12 4
36 12 12
36 12 36
36 12 44
36 12 152
36 12 160
36 12 184
36 12 192
36 36 4
36 36 12
36 36 36
36 36 44
36 36 152
36 36 160
36 36 184
36 36 192
36 44 4
36 44 12
36 44 36
36 44 44
36 44 152
36 44 160
36 44 184
36 44 192
36 152 4
36 152 12
36 152 36
36 152 44
36 152 152
36 152 160
36 152 184
36 152 192
36 160 4
36 160 12
36 160 36
36 160 44
36 160 152
36 160 160
36 160 184
36 160 192
36 184 4
36 184 12
36 184 36
36 184 44
36 184 152
36 184 160
36 184 184
36 184 192
36 192 4
36 192 12
36 192 36
36 192 44
36 192 152
36 192 160
36 192 184
36 192 192
44 4 4
44 4 12
44 4 36
44 4 44
44 4 152
44 4 160
44 4 184
44 4 192
44 12 4
44 12 12
44 12 36
44 12 44
44 12 152
44 12 160
44 12 184
44 12 192
44 36 4
44 36 12
44 36 36
44 36 44
44 36 152
44 36 160
44 36 184
44 36 192
44 44 4
44 44 12
44 44 36
44 44 44
44 44 152
44 44 160
44 44 184
44 44 192
44 152 4
44 152 12
44 152 36
44 152 44
44 152 152
44 152 160
44 152 184
44 152 192
44 160 4
44 160 12
44 160 36
44 160 44
44 160 152
44 160 160
44 160 184
44 160 192
44 184 4
44 184 12
44 184 36
44 184 44
44 184 152
44 184 160
44 184 184
44 184 192
44 192 4
44 192 12
44 192 36
44 192 44
44 192 152
44 192 160
44 192 184
44 192 192
152 4 4
152 4 12
152 4 36
152 4 44
152 4 152
152 4 160
152 4 184
152 4 192
152 12 4
152 12 12
152 12 36
152 12 44
152 12 152
152 12 160
152 12 184
152 12 192
152 36 4
152 36 12
152 36 36
152 36 44
152 36 152
152 36 160
152 36 184
152 36 192
152 44 4
152 44 12
152 44 36
152 44 44
152 44 152
152 44 160
152 44 184
152 44 192
152 152 4
152 152 12
152 152 36
152 152 44
152 152 152
152 152 160
152 152 184
152 152 192
152 160 4
152 160 12
152 160 36
152 160 44
152 160 152
152 160 160
152 160 184
152 160 192
152 184 4
152 184 12
152 184 36
152 184 44
152 184 152
152 184 160
152 184 184
152 184 192
152 192 4
152 192 12
152 192 36
152 192 44
152 192 152
152 192 160
152 192 184
152 192 192
160 4 4
160 4 12
160 4 36
160 4 44
160 4 152
160 4 160
160 4 184
160 4 192
160 12 4
160 12 12
160 12 36
160 12 44
160 12 152
160 12 160
160 12 184
160 12 192
160 36 4
160 36 12
160 36 36
160 36 44
160 36 152
160 36 160
160 36 184
160 36 192
160 44 4
160 44 12
160 44 36
160 44 44
160 44 152
160 44 160
160 44 184
160 44 192
160 152 4
160 152 12
160 152 36
160 152 44
160 152 152
160 152 160
160 152 184
160 152 192
160 160 4
160 160 12
160 160 36
160 160 44
160 160 152
160 160 160
160 160 184
160 160 192
160 184 4
160 184 12
160 184 36
160 184 44
160 184 152
160 184 160
160 184 184
160 184 192
160 192 4
160 192 12
160 192 36
160 192 44
160 192 152
160 192 160
160 192 184
160 192 192
184 4 4
184 4 12
184 4 36
184 4 44
184 4 152
184 4 160
184 4 184
184 4 192
184 12 4
184 12 12
184 12 36
184 12 44
184 12 152
184 12 160
184 12 184
184 12 192
184 36 4
184 36 12
184 36 36
184 36 44
184 36 152
184 36 160
184 36 184
184 36 192
184 44 4
184 44 12
184 44 36
184 44 44
184 44 152
184 44 160
184 44 184
184 44 192
184 152 4
184 152 12
184 152 36
184 152 44
184 152 152
184 152 160
184 152 184
184 152 192
184 160 4
184 160 12
184 160 36
184 160 44
184 160 152
184 160 160
184 160 184
184 160 192
184 184 4
184 184 12
184 184 36
184 184 44
184 184 152
184 184 160
184 184 184
184 184 192
184 192 4
184 192 12
184 192 36
184 192 44
184 192 152
184 192 160
184 192 184
184 192 192
192 4 4
192 4 12
192 4 36
192 4 44
192 4 152
192 4 160
192 4 184
192 4 192
192 12 4
192 12 12
192 12 36
192 12 44
192 12 152
192 12 160
192 12 184
192 12 192
192 36 4
192 36 12
192 36 36
192 36 44
192 36 152
192 36 160
192 36 184
192 36 192
192 44 4
192 44 12
192 44 36
192 44 44
192 44 152
192 44 160
192 44 184
192 44 192
192 152 4
192 152 12
192 152 36
192 152 44
192 152 152
192 152 160
192 152 184
192 152 192
192 160 4
192 160 12
192 160 36
192 160 44
192 160 152
192 160 160
192 160 184
192 160 192
192 184 4
192 184 12
192 184 36
192 184 44
192 184 152
192 184 160
192 184 184
192 184 192
192 192 4
192 192 12
192 192 36
192 192 44
192 192 152
192 192 160
192 192 184
192 192 192
