20
0 0 5
0 0 12
0 1 3
0 1 4
0 1 6
0 1 15
0 2 2
0 2 7
0 2 12
0 3 2
0 3 3
0 3 4
0 3 12
0 6 16
0 7 1
0 7 2
0 8 1
0 8 2
0 8 17
0 9 18
0 10 16
0 10 17
1 0 4
1 0 10
1 1 3
1 1 4
1 1 15
1 2 11
1 3 3
1 3 4
1 3 8
1 4 0
1 5 12
1 6 9
1 6 12
1 7 1
1 7 2
1 7 17
1 7 18
1 8 1
1 8 2
1 9 8
1 10 8
1 10 15
1 10 17
1 10 18
1 11 4
2 0 15
2 2 0
2 2 3
2 3 3
2 3 4
2 3 6
2 4 0
2 4 3
2 4 5
2 4 8
2 4 9
2 5 4
2 5 5
2 5 12
2 5 17
2 6 9
2 6 12
2 6 18
2 7 3
2 7 13
2 8 7
2 8 13
2 8 19
2 9 3
2 9 8
2 9 14
2 9 17
2 10 9
2 10 15
2 10 18
2 10 19
2 11 5
3 0 5
3 0 15
3 2 0
3 2 1
3 2 17
3 3 3
3 3 11
3 6 6
3 6 12
3 7 12
3 8 7
3 8 16
3 9 3
3 9 7
3 9 14
3 9 15
3 10 4
3 10 6
3 10 13
3 10 14
3 12 14
3 12 15
4 0 6
4 0 7
4 0 10
4 0 11
4 0 12
4 0 15
4 1 5
4 1 16
4 2 1
4 2 3
4 2 12
4 2 17
4 3 1
4 4 10
4 4 12
4 5 1
4 5 8
4 5 19
4 6 19
4 7 10
4 7 12
4 7 18
4 8 7
4 9 7
4 9 13
4 9 14
4 9 16
4 10 5
4 10 9
4 10 10
4 10 11
4 10 14
4 10 15
4 11 9
4 11 10
4 12 14
4 12 15
5 1 5
5 1 7
5 1 8
5 1 13
5 2 1
5 2 9
5 3 10
5 3 12
5 4 19
5 6 1
5 7 2
5 7 17
5 7 18
5 8 5
5 9 10
5 9 12
5 10 9
5 10 10
5 10 11
5 10 14
5 11 9
5 11 10
5 12 13
5 12 14
5 12 15
6 1 2
6 1 4
6 2 2
6 2 4
6 2 5
6 3 1
6 3 10
6 3 12
6 4 16
6 5 14
6 6 7
6 6 13
6 6 18
6 7 3
6 7 4
6 7 5
6 7 6
6 7 17
6 7 18
6 8 5
6 8 7
6 8 8
6 8 17
6 8 19
6 9 5
6 9 6
6 9 9
6 9 11
6 9 14
6 10 14
6 10 16
6 11 14
6 12 14
6 12 15
7 0 3
7 0 4
7 1 5
7 1 18
7 2 3
7 2 4
7 2 8
7 2 15
7 3 11
7 3 15
7 4 3
7 4 4
7 4 6
7 5 2
7 5 4
7 5 5
7 5 13
7 5 15
7 5 16
7 6 4
7 6 5
7 6 13
7 6 17
7 9 5
7 9 12
7 9 13
7 9 16
7 11 14
7 12 15
7 12 16
8 0 3
8 0 5
8 0 6
8 1 5
8 1 6
8 1 7
8 1 15
8 2 3
8 2 6
8 2 7
8 3 11
8 4 7
8 5 5
8 5 18
8 6 5
8 6 18
8 6 19
8 7 5
8 8 18
8 9 6
8 9 9
8 9 10
9 0 6
9 0 7
9 0 12
9 0 13
9 0 14
9 1 7
9 1 9
9 1 10
9 1 12
9 1 18
9 2 3
9 2 9
9 2 11
9 3 8
9 3 11
9 4 8
9 4 19
9 5 6
9 5 19
9 6 19
9 7 17
9 7 18
9 7 19
9 8 17
9 8 18
9 8 19
9 9 10
9 9 17
9 10 13
10 0 6
10 0 7
10 0 9
10 0 11
10 0 14
10 0 15
10 0 16
10 1 4
10 1 7
10 1 9
10 1 10
10 1 11
10 1 18
10 2 4
10 2 5
10 2 7
10 2 9
10 3 6
10 3 16
10 4 6
10 4 15
10 5 12
10 6 19
10 7 7
10 7 8
10 7 9
10 7 18
10 7 19
10 9 18
10 10 13
10 10 16
11 0 7
11 0 9
11 0 10
11 0 14
11 0 15
11 0 16
11 1 9
11 1 10
11 1 15
11 2 15
11 3 7
11 3 10
11 3 13
11 3 16
11 4 6
11 5 7
11 6 9
11 6 10
11 6 11
11 6 14
11 7 11
11 7 12
11 8 12
11 9 12
11 9 17
12 0 11
12 1 7
12 1 8
12 1 9
12 1 16
12 1 17
12 1 18
12 2 6
12 2 9
12 2 11
12 2 15
12 2 19
12 3 11
12 4 7
12 4 11
12 4 12
12 4 14
12 4 15
12 4 16
12 5 8
12 6 12
12 6 18
12 8 13
12 8 16
13 1 11
13 2 8
13 2 17
13 3 9
13 3 17
13 4 12
13 4 17
13 5 15
13 6 10
13 6 17
13 7 10
13 8 11
14 2 13
14 3 15
14 7 13
