200
97 97 97
97 97 98
97 97 99
97 97 101
97 97 102
97 97 103
97 98 97
97 98 98
97 98 99
97 98 101
97 98 102
97 98 103
97 99 97
97 99 98
97 99 99
97 99 101
97 99 102
97 99 103
97 101 97
97 101 98
97 101 99
97 101 101
97 101 102
97 101 103
97 102 97
97 102 98
97 102 99
97 102 101
97 102 102
97 102 103
97 103 97
97 103 98
97 103 99
97 103 101
97 103 102
97 103 103
98 97 97
98 97 98
98 97 99
98 97 101
98 97 102
98 97 103
98 98 97
98 98 99
98 98 101
98 98 103
98 99 97
98 99 98
98 99 99
98 99 101
98 99 102
98 99 103
98 101 97
98 101 98
98 101 99
98 101 101
98 101 102
98 101 103
98 102 97
98 102 99
98 102 101
98 102 103
98 103 97
98 103 98
98 103 99
98 103 101
98 103 102
98 103 103
99 97 97
99 97 98
99 97 99
99 97 101
99 97 102
99 97 103
99 98 97
99 98 98
99 98 99
99 98 101
99 98 102
99 98 103
99 99 97
99 99 98
99 99 99
99 99 101
99 99 102
99 99 103
99 101 97
99 101 98
99 101 99
99 101 101
99 101 102
99 101 103
99 102 97
99 102 98
99 102 99
99 102 101
99 102 102
99 102 103
99 103 97
99 103 98
99 103 99
99 103 101
99 103 102
99 103 103
101 97 97
101 97 98
101 97 99
101 97 101
101 97 102
101 97 103
101 98 97
101 98 98
101 98 99
101 98 101
101 98 102
101 98 103
101 99 97
101 99 98
101 99 99
101 99 101
101 99 102
101 99 103
101 101 97
101 101 98
101 101 99
101 101 101
101 101 102
101 101 103
101 102 97
101 102 98
101 102 99
101 102 101
101 102 102
101 102 103
101 103 97
101 103 98
101 103 99
101 103 101
101 103 102
101 103 103
102 97 97
102 97 98
102 97 99
102 97 101
102 97 102
102 97 103
102 98 97
102 98 99
102 98 101
102 98 103
102 99 97
102 99 98
102 99 99
102 99 101
102 99 102
102 99 103
102 101 97
102 101 98
102 101 99
102 101 101
102 101 102
102 101 103
102 102 97
102 102 99
102 102 101
102 102 103
102 103 97
102 103 98
102 103 99
102 103 101
102 103 102
102 103 103
103 97 97
103 97 98
103 97 99
103 97 101
103 97 102
103 97 103
103 98 97
103 98 98
103 98 99
103 98 101
103 98 102
103 98 103
103 99 97
103 99 98
103 99 99
103 99 101
103 99 102
103 99 103
103 101 97
103 101 98
103 101 99
103 101 101
103 101 102
103 101 103
103 102 97
103 102 98
103 102 99
103 102 101
103 102 102
103 102 103
103 103 97
103 103 98
103 103 99
103 103 101
103 103 102
103 103 103
