200
6 6 6
6 6 10
6 6 18
6 6 22
6 6 38
6 6 42
6 6 70
6 6 74
6 6 122
6 6 126
6 6 154
6 6 158
6 6 178
6 6 182
6 6 186
6 6 190
6 10 6
6 10 10
6 10 18
6 10 22
6 10 38
6 10 42
6 10 70
6 10 74
6 10 122
6 10 126
6 10 154
6 10 158
6 10 178
6 10 182
6 10 186
6 10 190
6 18 6
6 18 10
6 18 18
6 18 22
6 18 38
6 18 42
6 18 70
6 18 74
6 18 122
6 18 126
6 18 154
6 18 158
6 18 178
6 18 182
6 18 186
6 18 190
6 22 6
6 22 10
6 22 18
6 22 22
6 22 38
6 22 42
6 22 70
6 22 74
6 22 122
6 22 126
6 22 154
6 22 158
6 22 178
6 22 182
6 22 186
6 22 190
6 38 6
6 38 10
6 38 18
6 38 22
6 38 38
6 38 42
6 38 70
6 38 74
6 38 122
6 38 126
6 38 154
6 38 158
6 38 178
6 38 182
6 38 186
6 38 190
6 42 6
6 42 10
6 42 18
6 42 22
6 42 38
6 42 42
6 42 70
6 42 74
6 42 122
6 42 126
6 42 154
6 42 158
6 42 178
6 42 182
6 42 186
6 42 190
6 70 6
6 70 10
6 70 18
6 70 22
6 70 38
6 70 42
6 70 70
6 70 74
6 70 122
6 70 126
6 70 154
6 70 158
6 70 178
6 70 182
6 70 186
6 70 190
6 74 6
6 74 10
6 74 18
6 74 22
6 74 38
6 74 42
6 74 70
6 74 74
6 74 122
6 74 126
6 74 154
6 74 158
6 74 178
6 74 182
6 74 186
6 74 190
6 122 6
6 122 10
6 122 18
6 122 22
6 122 38
6 122 42
6 122 70
6 122 74
6 122 122
6 122 126
6 122 154
6 122 158
6 122 178
6 122 182
6 122 186
6 122 190
6 126 6
6 126 10
6 126 18
6 126 22
6 126 38
6 126 42
6 126 70
6 126 74
6 126 122
6 126 126
6 126 154
6 126 158
6 126 178
6 126 182
6 126 186
6 126 190
6 154 6
6 154 10
6 154 18
6 154 22
6 154 38
6 154 42
6 154 70
6 154 74
6 154 122
6 154 126
6 154 154
6 154 158
6 154 178
6 154 182
6 154 186
6 154 190
6 158 6
6 158 10
6 158 18
6 158 22
6 158 38
6 158 42
6 158 70
6 158 74
6 158 122
6 158 126
6 158 154
6 158 158
6 158 178
6 158 182
6 158 186
6 158 190
6 178 6
6 178 10
6 178 18
6 178 22
6 178 38
6 178 42
6 178 70
6 178 74
6 178 122
6 178 126
6 178 154
6 178 158
6 178 178
6 178 182
6 178 186
6 178 190
6 182 6
6 182 10
6 182 18
6 182 22
6 182 38
6 182 42
6 182 70
6 182 74
6 182 122
6 182 126
6 182 154
6 182 158
6 182 178
6 182 182
6 182 186
6 182 190
6 186 6
6 186 10
6 186 18
6 186 22
6 186 38
6 186 42
6 186 70
6 186 74
6 186 122
6 186 126
6 186 154
6 186 158
6 186 178
6 186 182
6 186 186
6 186 190
6 190 6
6 190 10
6 190 18
6 190 22
6 190 38
6 190 42
6 190 70
6 190 74
6 190 122
6 190 126
6 190 154
6 190 158
6 190 178
6 190 182
6 190 186
6 190 190
10 6 6
10 6 10
10 6 18
10 6 22
10 6 38
10 6 42
10 6 70
10 6 74
10 6 122
10 6 126
10 6 154
10 6 158
10 6 178
10 6 182
10 6 186
10 6 190
10 10 6
10 10 10
10 10 18
10 10 22
10 10 38
10 10 42
10 10 70
10 10 74
10 10 122
10 10 126
10 10 154
10 10 158
10 10 178
10 10 182
10 10 186
10 10 190
10 18 6
10 18 10
10 18 18
10 18 22
10 18 38
10 18 42
10 18 70
10 18 74
10 18 122
10 18 126
10 18 154
10 18 158
10 18 178
10 18 182
10 18 186
10 18 190
10 22 6
10 22 10
10 22 18
10 22 22
10 22 38
10 22 42
10 22 70
10 22 74
10 22 122
10 22 126
10 22 154
10 22 158
10 22 178
10 22 182
10 22 186
10 22 190
10 38 6
10 38 10
10 38 18
10 38 22
10 38 38
10 38 42
10 38 70
10 38 74
10 38 122
10 38 126
10 38 154
10 38 158
10 38 178
10 38 182
10 38 186
10 38 190
10 42 6
10 42 10
10 42 18
10 42 22
10 42 38
10 42 42
10 42 70
10 42 74
10 42 122
10 42 126
10 42 154
10 42 158
10 42 178
10 42 182
10 42 186
10 42 190
10 70 6
10 70 10
10 70 18
10 70 22
10 70 38
10 70 42
10 70 70
10 70 74
10 70 122
10 70 126
10 70 154
10 70 158
10 70 178
10 70 182
10 70 186
10 70 190
10 74 6
10 74 10
10 74 18
10 74 22
10 74 38
10 74 42
10 74 70
10 74 74
10 74 122
10 74 126
10 74 154
10 74 158
10 74 178
10 74 182
10 74 186
10 74 190
10 122 6
10 122 10
10 122 18
10 122 22
10 122 38
10 122 42
10 122 70
10 122 74
10 122 122
10 122 126
10 122 154
10 122 158
10 122 178
10 122 182
10 122 186
10 122 190
10 126 6
10 126 10
10 126 18
10 126 22
10 126 38
10 126 42
10 126 70
10 126 74
10 126 122
10 126 126
10 126 154
10 126 158
10 126 178
10 126 182
10 126 186
10 126 190
10 154 6
10 154 10
10 154 18
10 154 22
10 154 38
10 154 42
10 154 70
10 154 74
10 154 122
10 154 126
10 154 154
10 154 158
10 154 178
10 154 182
10 154 186
10 154 190
10 158 6
10 158 10
10 158 18
10 158 22
10 158 38
10 158 42
10 158 70
10 158 74
10 158 122
10 158 126
10 158 154
10 158 158
10 158 178
10 158 182
10 158 186
10 158 190
10 178 6
10 178 10
10 178 18
10 178 22
10 178 38
10 178 42
10 178 70
10 178 74
10 178 122
10 178 126
10 178 154
10 178 158
10 178 178
10 178 182
10 178 186
10 178 190
10 182 6
10 182 10
10 182 18
10 182 22
10 182 38
10 182 42
10 182 70
10 182 74
10 182 122
10 182 126
10 182 154
10 182 158
10 182 178
10 182 182
10 182 186
10 182 190
10 186 6
10 186 10
10 186 18
10 186 22
10 186 38
10 186 42
10 186 70
10 186 74
10 186 122
10 186 126
10 186 154
10 186 158
10 186 178
10 186 182
10 186 186
10 186 190
10 190 6
10 190 10
10 190 18
10 190 22
10 190 38
10 190 42
10 190 70
10 190 74
10 190 122
10 190 126
10 190 154
10 190 158
10 190 178
10 190 182
10 190 186
10 190 190
18 6 6
18 6 10
18 6 18
18 6 22
18 6 38
18 6 42
18 6 70
18 6 74
18 6 122
18 6 126
18 6 154
18 6 158
18 6 178
18 6 182
18 6 186
18 6 190
18 10 6
18 10 10
18 10 18
18 10 22
18 10 38
18 10 42
18 10 70
18 10 74
18 10 122
18 10 126
18 10 154
18 10 158
18 10 178
18 10 182
18 10 186
18 10 190
18 18 6
18 18 10
18 18 18
18 18 22
18 18 38
18 18 42
18 18 70
18 18 74
18 18 122
18 18 126
18 18 154
18 18 158
18 18 178
18 18 182
18 18 186
18 18 190
18 22 6
18 22 10
18 22 18
18 22 22
18 22 38
18 22 42
18 22 70
18 22 74
18 22 122
18 22 126
18 22 154
18 22 158
18 22 178
18 22 182
18 22 186
18 22 190
18 38 6
18 38 10
18 38 18
18 38 22
18 38 38
18 38 42
18 38 70
18 38 74
18 38 122
18 38 126
18 38 154
18 38 158
18 38 178
18 38 182
18 38 186
18 38 190
18 42 6
18 42 10
18 42 18
18 42 22
18 42 38
18 42 42
18 42 70
18 42 74
18 42 122
18 42 126
18 42 154
18 42 158
18 42 178
18 42 182
18 42 186
18 42 190
18 70 6
18 70 10
18 70 18
18 70 22
18 70 38
18 70 42
18 70 70
18 70 74
18 70 122
18 70 126
18 70 154
18 70 158
18 70 178
18 70 182
18 70 186
18 70 190
18 74 6
18 74 10
18 74 18
18 74 22
18 74 38
18 74 42
18 74 70
18 74 74
18 74 122
18 74 126
18 74 154
18 74 158
18 74 178
18 74 182
18 74 186
18 74 190
18 122 6
18 122 10
18 122 18
18 122 22
18 122 38
18 122 42
18 122 70
18 122 74
18 122 122
18 122 126
18 122 154
18 122 158
18 122 178
18 122 182
18 122 186
18 122 190
18 126 6
18 126 10
18 126 18
18 126 22
18 126 38
18 126 42
18 126 70
18 126 74
18 126 122
18 126 126
18 126 154
18 126 158
18 126 178
18 126 182
18 126 186
18 126 190
18 154 6
18 154 10
18 154 18
18 154 22
18 154 38
18 154 42
18 154 70
18 154 74
18 154 122
18 154 126
18 154 154
18 154 158
18 154 178
18 154 182
18 154 186
18 154 190
18 158 6
18 158 10
18 158 18
18 158 22
18 158 38
18 158 42
18 158 70
18 158 74
18 158 122
18 158 126
18 158 154
18 158 158
18 158 178
18 158 182
18 158 186
18 158 190
18 178 6
18 178 10
18 178 18
18 178 22
18 178 38
18 178 42
18 178 70
18 178 74
18 178 122
18 178 126
18 178 154
18 178 158
18 178 178
18 178 182
18 178 186
18 178 190
18 182 6
18 182 10
18 182 18
18 182 22
18 182 38
18 182 42
18 182 70
18 182 74
18 182 122
18 182 126
18 182 154
18 182 158
18 182 178
18 182 182
18 182 186
18 182 190
18 186 6
18 186 10
18 186 18
18 186 22
18 186 38
18 186 42
18 186 70
18 186 74
18 186 122
18 186 126
18 186 154
18 186 158
18 186 178
18 186 182
18 186 186
18 186 190
18 190 6
18 190 10
18 190 18
18 190 22
18 190 38
18 190 42
18 190 70
18 190 74
18 190 122
18 190 126
18 190 154
18 190 158
18 190 178
18 190 182
18 190 186
18 190 190
22 6 6
22 6 10
22 6 18
22 6 22
22 6 38
22 6 42
22 6 70
22 6 74
22 6 122
22 6 126
22 6 154
22 6 158
22 6 178
22 6 182
22 6 186
22 6 190
22 10 6
22 10 10
22 10 18
22 10 22
22 10 38
22 10 42
22 10 70
22 10 74
22 10 122
22 10 126
22 10 154
22 10 158
22 10 178
22 10 182
22 10 186
22 10 190
22 18 6
22 18 10
22 18 18
22 18 22
22 18 38
22 18 42
22 18 70
22 18 74
22 18 122
22 18 126
22 18 154
22 18 158
22 18 178
22 18 182
22 18 186
22 18 190
22 22 6
22 22 10
22 22 18
22 22 22
22 22 38
22 22 42
22 22 70
22 22 74
22 22 122
22 22 126
22 22 154
22 22 158
22 22 178
22 22 182
22 22 186
22 22 190
22 38 6
22 38 10
22 38 18
22 38 22
22 38 38
22 38 42
22 38 70
22 38 74
22 38 122
22 38 126
22 38 154
22 38 158
22 38 178
22 38 182
22 38 186
22 38 190
22 42 6
22 42 10
22 42 18
22 42 22
22 42 38
22 42 42
22 42 70
22 42 74
22 42 122
22 42 126
22 42 154
22 42 158
22 42 178
22 42 182
22 42 186
22 42 190
22 70 6
22 70 10
22 70 18
22 70 22
22 70 38
22 70 42
22 70 70
22 70 74
22 70 122
22 70 126
22 70 154
22 70 158
22 70 178
22 70 182
22 70 186
22 70 190
22 74 6
22 74 10
22 74 18
22 74 22
22 74 38
22 74 42
22 74 70
22 74 74
22 74 122
22 74 126
22 74 154
22 74 158
22 74 178
22 74 182
22 74 186
22 74 190
22 122 6
22 122 10
22 122 18
22 122 22
22 122 38
22 122 42
22 122 70
22 122 74
22 122 122
22 122 126
22 122 154
22 122 158
22 122 178
22 122 182
22 122 186
22 122 190
22 126 6
22 126 10
22 126 18
22 126 22
22 126 38
22 126 42
22 126 70
22 126 74
22 126 122
22 126 126
22 126 154
22 126 158
22 126 178
22 126 182
22 126 186
22 126 190
22 154 6
22 154 10
22 154 18
22 154 22
22 154 38
22 154 42
22 154 70
22 154 74
22 154 122
22 154 126
22 154 154
22 154 158
22 154 178
22 154 182
22 154 186
22 154 190
22 158 6
22 158 10
22 158 18
22 158 22
22 158 38
22 158 42
22 158 70
22 158 74
22 158 122
22 158 126
22 158 154
22 158 158
22 158 178
22 158 182
22 158 186
22 158 190
22 178 6
22 178 10
22 178 18
22 178 22
22 178 38
22 178 42
22 178 70
22 178 74
22 178 122
22 178 126
22 178 154
22 178 158
22 178 178
22 178 182
22 178 186
22 178 190
22 182 6
22 182 10
22 182 18
22 182 22
22 182 38
22 182 42
22 182 70
22 182 74
22 182 122
22 182 126
22 182 154
22 182 158
22 182 178
22 182 182
22 182 186
22 182 190
22 186 6
22 186 10
22 186 18
22 186 22
22 186 38
22 186 42
22 186 70
22 186 74
22 186 122
22 186 126
22 186 154
22 186 158
22 186 178
22 186 182
22 186 186
22 186 190
22 190 6
22 190 10
22 190 18
22 190 22
22 190 38
22 190 42
22 190 70
22 190 74
22 190 122
22 190 126
22 190 154
22 190 158
22 190 178
22 190 182
22 190 186
22 190 190
38 6 6
38 6 10
38 6 18
38 6 22
38 6 38
38 6 42
38 6 70
38 6 74
38 6 122
38 6 126
38 6 154
38 6 158
38 6 178
38 6 182
38 6 186
38 6 190
38 10 6
38 10 10
38 10 18
38 10 22
38 10 38
38 10 42
38 10 70
38 10 74
38 10 122
38 10 126
38 10 154
38 10 158
38 10 178
38 10 182
38 10 186
38 10 190
38 18 6
38 18 10
38 18 18
38 18 22
38 18 38
38 18 42
38 18 70
38 18 74
38 18 122
38 18 126
38 18 154
38 18 158
38 18 178
38 18 182
38 18 186
38 18 190
38 22 6
38 22 10
38 22 18
38 22 22
38 22 38
38 22 42
38 22 70
38 22 74
38 22 122
38 22 126
38 22 154
38 22 158
38 22 178
38 22 182
38 22 186
38 22 190
38 38 6
38 38 10
38 38 18
38 38 22
38 38 38
38 38 42
38 38 70
38 38 74
38 38 122
38 38 126
38 38 154
38 38 158
38 38 178
38 38 182
38 38 186
38 38 190
38 42 6
38 42 10
38 42 18
38 42 22
38 42 38
38 42 42
38 42 70
38 42 74
38 42 122
38 42 126
38 42 154
38 42 158
38 42 178
38 42 182
38 42 186
38 42 190
38 70 6
38 70 10
38 70 18
38 70 22
38 70 38
38 70 42
38 70 70
38 70 74
38 70 122
38 70 126
38 70 154
38 70 158
38 70 178
38 70 182
38 70 186
38 70 190
38 74 6
38 74 10
38 74 18
38 74 22
38 74 38
38 74 42
38 74 70
38 74 74
38 74 122
38 74 126
38 74 154
38 74 158
38 74 178
38 74 182
38 74 186
38 74 190
38 122 6
38 122 10
38 122 18
38 122 22
38 122 38
38 122 42
38 122 70
38 122 74
38 122 122
38 122 126
38 122 154
38 122 158
38 122 178
38 122 182
38 122 186
38 122 190
38 126 6
38 126 10
38 126 18
38 126 22
38 126 38
38 126 42
38 126 70
38 126 74
38 126 122
38 126 126
38 126 154
38 126 158
38 126 178
38 126 182
38 126 186
38 126 190
38 154 6
38 154 10
38 154 18
38 154 22
38 154 38
38 154 42
38 154 70
38 154 74
38 154 122
38 154 126
38 154 154
38 154 158
38 154 178
38 154 182
38 154 186
38 154 190
38 158 6
38 158 10
38 158 18
38 158 22
38 158 38
38 158 42
38 158 70
38 158 74
38 158 122
38 158 126
38 158 154
38 158 158
38 158 178
38 158 182
38 158 186
38 158 190
38 178 6
38 178 10
38 178 18
38 178 22
38 178 38
38 178 42
38 178 70
38 178 74
38 178 122
38 178 126
38 178 154
38 178 158
38 178 178
38 178 182
38 178 186
38 178 190
38 182 6
38 182 10
38 182 18
38 182 22
38 182 38
38 182 42
38 182 70
38 182 74
38 182 122
38 182 126
38 182 154
38 182 158
38 182 178
38 182 182
38 182 186
38 182 190
38 186 6
38 186 10
38 186 18
38 186 22
38 186 38
38 186 42
38 186 70
38 186 74
38 186 122
38 186 126
38 186 154
38 186 158
38 186 178
38 186 182
38 186 186
38 186 190
38 190 6
38 190 10
38 190 18
38 190 22
38 190 38
38 190 42
38 190 70
38 190 74
38 190 122
38 190 126
38 190 154
38 190 158
38 190 178
38 190 182
38 190 186
38 190 190
42 6 6
42 6 10
42 6 18
42 6 22
42 6 38
42 6 42
42 6 70
42 6 74
42 6 122
42 6 126
42 6 154
42 6 158
42 6 178
42 6 182
42 6 186
42 6 190
42 10 6
42 10 10
42 10 18
42 10 22
42 10 38
42 10 42
42 10 70
42 10 74
42 10 122
42 10 126
42 10 154
42 10 158
42 10 178
42 10 182
42 10 186
42 10 190
42 18 6
42 18 10
42 18 18
42 18 22
42 18 38
42 18 42
42 18 70
42 18 74
42 18 122
42 18 126
42 18 154
42 18 158
42 18 178
42 18 182
42 18 186
42 18 190
42 22 6
42 22 10
42 22 18
42 22 22
42 22 38
42 22 42
42 22 70
42 22 74
42 22 122
42 22 126
42 22 154
42 22 158
42 22 178
42 22 182
42 22 186
42 22 190
42 38 6
42 38 10
42 38 18
42 38 22
42 38 38
42 38 42
42 38 70
42 38 74
42 38 122
42 38 126
42 38 154
42 38 158
42 38 178
42 38 182
42 38 186
42 38 190
42 42 6
42 42 10
42 42 18
42 42 22
42 42 38
42 42 42
42 42 70
42 42 74
42 42 122
42 42 126
42 42 154
42 42 158
42 42 178
42 42 182
42 42 186
42 42 190
42 70 6
42 70 10
42 70 18
42 70 22
42 70 38
42 70 42
42 70 70
42 70 74
42 70 122
42 70 126
42 70 154
42 70 158
42 70 178
42 70 182
42 70 186
42 70 190
42 74 6
42 74 10
42 74 18
42 74 22
42 74 38
42 74 42
42 74 70
42 74 74
42 74 122
42 74 126
42 74 154
42 74 158
42 74 178
42 74 182
42 74 186
42 74 190
42 122 6
42 122 10
42 122 18
42 122 22
42 122 38
42 122 42
42 122 70
42 122 74
42 122 122
42 122 126
42 122 154
42 122 158
42 122 178
42 122 182
42 122 186
42 122 190
42 126 6
42 126 10
42 126 18
42 126 22
42 126 38
42 126 42
42 126 70
42 126 74
42 126 122
42 126 126
42 126 154
42 126 158
42 126 178
42 126 182
42 126 186
42 126 190
42 154 6
42 154 10
42 154 18
42 154 22
42 154 38
42 154 42
42 154 70
42 154 74
42 154 122
42 154 126
42 154 154
42 154 158
42 154 178
42 154 182
42 154 186
42 154 190
42 158 6
42 158 10
42 158 18
42 158 22
42 158 38
42 158 42
42 158 70
42 158 74
42 158 122
42 158 126
42 158 154
42 158 158
42 158 178
42 158 182
42 158 186
42 158 190
42 178 6
42 178 10
42 178 18
42 178 22
42 178 38
42 178 42
42 178 70
42 178 74
42 178 122
42 178 126
42 178 154
42 178 158
42 178 178
42 178 182
42 178 186
42 178 190
42 182 6
42 182 10
42 182 18
42 182 22
42 182 38
42 182 42
42 182 70
42 182 74
42 182 122
42 182 126
42 182 154
42 182 158
42 182 178
42 182 182
42 182 186
42 182 190
42 186 6
42 186 10
42 186 18
42 186 22
42 186 38
42 186 42
42 186 70
42 186 74
42 186 122
42 186 126
42 186 154
42 186 158
42 186 178
42 186 182
42 186 186
42 186 190
42 190 6
42 190 10
42 190 18
42 190 22
42 190 38
42 190 42
42 190 70
42 190 74
42 190 122
42 190 126
42 190 154
42 190 158
42 190 178
42 190 182
42 190 186
42 190 190
70 6 6
70 6 10
70 6 18
70 6 22
70 6 38
70 6 42
70 6 70
70 6 74
70 6 122
70 6 126
70 6 154
70 6 158
70 6 178
70 6 182
70 6 186
70 6 190
70 10 6
70 10 10
70 10 18
70 10 22
70 10 38
70 10 42
70 10 70
70 10 74
70 10 122
70 10 126
70 10 154
70 10 158
70 10 178
70 10 182
70 10 186
70 10 190
70 18 6
70 18 10
70 18 18
70 18 22
70 18 38
70 18 42
70 18 70
70 18 74
70 18 122
70 18 126
70 18 154
70 18 158
70 18 178
70 18 182
70 18 186
70 18 190
70 22 6
70 22 10
70 22 18
70 22 22
70 22 38
70 22 42
70 22 70
70 22 74
70 22 122
70 22 126
70 22 154
70 22 158
70 22 178
70 22 182
70 22 186
70 22 190
70 38 6
70 38 10
70 38 18
70 38 22
70 38 38
70 38 42
70 38 70
70 38 74
70 38 122
70 38 126
70 38 154
70 38 158
70 38 178
70 38 182
70 38 186
70 38 190
70 42 6
70 42 10
70 42 18
70 42 22
70 42 38
70 42 42
70 42 70
70 42 74
70 42 122
70 42 126
70 42 154
70 42 158
70 42 178
70 42 182
70 42 186
70 42 190
70 70 6
70 70 10
70 70 18
70 70 22
70 70 38
70 70 42
70 70 70
70 70 74
70 70 122
70 70 126
70 70 154
70 70 158
70 70 178
70 70 182
70 70 186
70 70 190
70 74 6
70 74 10
70 74 18
70 74 22
70 74 38
70 74 42
70 74 70
70 74 74
70 74 122
70 74 126
70 74 154
70 74 158
70 74 178
70 74 182
70 74 186
70 74 190
70 122 6
70 122 10
70 122 18
70 122 22
70 122 38
70 122 42
70 122 70
70 122 74
70 122 122
70 122 126
70 122 154
70 122 158
70 122 178
70 122 182
70 122 186
70 122 190
70 126 6
70 126 10
70 126 18
70 126 22
70 126 38
70 126 42
70 126 70
70 126 74
70 126 122
70 126 126
70 126 154
70 126 158
70 126 178
70 126 182
70 126 186
70 126 190
70 154 6
70 154 10
70 154 18
70 154 22
70 154 38
70 154 42
70 154 70
70 154 74
70 154 122
70 154 126
70 154 154
70 154 158
70 154 178
70 154 182
70 154 186
70 154 190
70 158 6
70 158 10
70 158 18
70 158 22
70 158 38
70 158 42
70 158 70
70 158 74
70 158 122
70 158 126
70 158 154
70 158 158
70 158 178
70 158 182
70 158 186
70 158 190
70 178 6
70 178 10
70 178 18
70 178 22
70 178 38
70 178 42
70 178 70
70 178 74
70 178 122
70 178 126
70 178 154
70 178 158
70 178 178
70 178 182
70 178 186
70 178 190
70 182 6
70 182 10
70 182 18
70 182 22
70 182 38
70 182 42
70 182 70
70 182 74
70 182 122
70 182 126
70 182 154
70 182 158
70 182 178
70 182 182
70 182 186
70 182 190
70 186 6
70 186 10
70 186 18
70 186 22
70 186 38
70 186 42
70 186 70
70 186 74
70 186 122
70 186 126
70 186 154
70 186 158
70 186 178
70 186 182
70 186 186
70 186 190
70 190 6
70 190 10
70 190 18
70 190 22
70 190 38
70 190 42
70 190 70
70 190 74
70 190 122
70 190 126
70 190 154
70 190 158
70 190 178
70 190 182
70 190 186
70 190 190
74 6 6
74 6 10
74 6 18
74 6 22
74 6 38
74 6 42
74 6 70
74 6 74
74 6 122
74 6 126
74 6 154
74 6 158
74 6 178
74 6 182
74 6 186
74 6 190
74 10 6
74 10 10
74 10 18
74 10 22
74 10 38
74 10 42
74 10 70
74 10 74
74 10 122
74 10 126
74 10 154
74 10 158
74 10 178
74 10 182
74 10 186
74 10 190
74 18 6
74 18 10
74 18 18
74 18 22
74 18 38
74 18 42
74 18 70
74 18 74
74 18 122
74 18 126
74 18 154
74 18 158
74 18 178
74 18 182
74 18 186
74 18 190
74 22 6
74 22 10
74 22 18
74 22 22
74 22 38
74 22 42
74 22 70
74 22 74
74 22 122
74 22 126
74 22 154
74 22 158
74 22 178
74 22 182
74 22 186
74 22 190
74 38 6
74 38 10
74 38 18
74 38 22
74 38 38
74 38 42
74 38 70
74 38 74
74 38 122
74 38 126
74 38 154
74 38 158
74 38 178
74 38 182
74 38 186
74 38 190
74 42 6
74 42 10
74 42 18
74 42 22
74 42 38
74 42 42
74 42 70
74 42 74
74 42 122
74 42 126
74 42 154
74 42 158
74 42 178
74 42 182
74 42 186
74 42 190
74 70 6
74 70 10
74 70 18
74 70 22
74 70 38
74 70 42
74 70 70
74 70 74
74 70 122
74 70 126
74 70 154
74 70 158
74 70 178
74 70 182
74 70 186
74 70 190
74 74 6
74 74 10
74 74 18
74 74 22
74 74 38
74 74 42
74 74 70
74 74 74
74 74 122
74 74 126
74 74 154
74 74 158
74 74 178
74 74 182
74 74 186
74 74 190
74 122 6
74 122 10
74 122 18
74 122 22
74 122 38
74 122 42
74 122 70
74 122 74
74 122 122
74 122 126
74 122 154
74 122 158
74 122 178
74 122 182
74 122 186
74 122 190
74 126 6
74 126 10
74 126 18
74 126 22
74 126 38
74 126 42
74 126 70
74 126 74
74 126 122
74 126 126
74 126 154
74 126 158
74 126 178
74 126 182
74 126 186
74 126 190
74 154 6
74 154 10
74 154 18
74 154 22
74 154 38
74 154 42
74 154 70
74 154 74
74 154 122
74 154 126
74 154 154
74 154 158
74 154 178
74 154 182
74 154 186
74 154 190
74 158 6
74 158 10
74 158 18
74 158 22
74 158 38
74 158 42
74 158 70
74 158 74
74 158 122
74 158 126
74 158 154
74 158 158
74 158 178
74 158 182
74 158 186
74 158 190
74 178 6
74 178 10
74 178 18
74 178 22
74 178 38
74 178 42
74 178 70
74 178 74
74 178 122
74 178 126
74 178 154
74 178 158
74 178 178
74 178 182
74 178 186
74 178 190
74 182 6
74 182 10
74 182 18
74 182 22
74 182 38
74 182 42
74 182 70
74 182 74
74 182 122
74 182 126
74 182 154
74 182 158
74 182 178
74 182 182
74 182 186
74 182 190
74 186 6
74 186 10
74 186 18
74 186 22
74 186 38
74 186 42
74 186 70
74 186 74
74 186 122
74 186 126
74 186 154
74 186 158
74 186 178
74 186 182
74 186 186
74 186 190
74 190 6
74 190 10
74 190 18
74 190 22
74 190 38
74 190 42
74 190 70
74 190 74
74 190 122
74 190 126
74 190 154
74 190 158
74 190 178
74 190 182
74 190 186
74 190 190
122 6 6
122 6 10
122 6 18
122 6 22
122 6 38
122 6 42
122 6 70
122 6 74
122 6 122
122 6 126
122 6 154
122 6 158
122 6 178
122 6 182
122 6 186
122 6 190
122 10 6
122 10 10
122 10 18
122 10 22
122 10 38
122 10 42
122 10 70
122 10 74
122 10 122
122 10 126
122 10 154
122 10 158
122 10 178
122 10 182
122 10 186
122 10 190
122 18 6
122 18 10
122 18 18
122 18 22
122 18 38
122 18 42
122 18 70
122 18 74
122 18 122
122 18 126
122 18 154
122 18 158
122 18 178
122 18 182
122 18 186
122 18 190
122 22 6
122 22 10
122 22 18
122 22 22
122 22 38
122 22 42
122 22 70
122 22 74
122 22 122
122 22 126
122 22 154
122 22 158
122 22 178
122 22 182
122 22 186
122 22 190
122 38 6
122 38 10
122 38 18
122 38 22
122 38 38
122 38 42
122 38 70
122 38 74
122 38 122
122 38 126
122 38 154
122 38 158
122 38 178
122 38 182
122 38 186
122 38 190
122 42 6
122 42 10
122 42 18
122 42 22
122 42 38
122 42 42
122 42 70
122 42 74
122 42 122
122 42 126
122 42 154
122 42 158
122 42 178
122 42 182
122 42 186
122 42 190
122 70 6
122 70 10
122 70 18
122 70 22
122 70 38
122 70 42
122 70 70
122 70 74
122 70 122
122 70 126
122 70 154
122 70 158
122 70 178
122 70 182
122 70 186
122 70 190
122 74 6
122 74 10
122 74 18
122 74 22
122 74 38
122 74 42
122 74 70
122 74 74
122 74 122
122 74 126
122 74 154
122 74 158
122 74 178
122 74 182
122 74 186
122 74 190
122 122 6
122 122 10
122 122 18
122 122 22
122 122 38
122 122 42
122 122 70
122 122 74
122 122 122
122 122 126
122 122 154
122 122 158
122 122 178
122 122 182
122 122 186
122 122 190
122 126 6
122 126 10
122 126 18
122 126 22
122 126 38
122 126 42
122 126 70
122 126 74
122 126 122
122 126 126
122 126 154
122 126 158
122 126 178
122 126 182
122 126 186
122 126 190
122 154 6
122 154 10
122 154 18
122 154 22
122 154 38
122 154 42
122 154 70
122 154 74
122 154 122
122 154 126
122 154 154
122 154 158
122 154 178
122 154 182
122 154 186
122 154 190
122 158 6
122 158 10
122 158 18
122 158 22
122 158 38
122 158 42
122 158 70
122 158 74
122 158 122
122 158 126
122 158 154
122 158 158
122 158 178
122 158 182
122 158 186
122 158 190
122 178 6
122 178 10
122 178 18
122 178 22
122 178 38
122 178 42
122 178 70
122 178 74
122 178 122
122 178 126
122 178 154
122 178 158
122 178 178
122 178 182
122 178 186
122 178 190
122 182 6
122 182 10
122 182 18
122 182 22
122 182 38
122 182 42
122 182 70
122 182 74
122 182 122
122 182 126
122 182 154
122 182 158
122 182 178
122 182 182
122 182 186
122 182 190
122 186 6
122 186 10
122 186 18
122 186 22
122 186 38
122 186 42
122 186 70
122 186 74
122 186 122
122 186 126
122 186 154
122 186 158
122 186 178
122 186 182
122 186 186
122 186 190
122 190 6
122 190 10
122 190 18
122 190 22
122 190 38
122 190 42
122 190 70
122 190 74
122 190 122
122 190 126
122 190 154
122 190 158
122 190 178
122 190 182
122 190 186
122 190 190
126 6 6
126 6 10
126 6 18
126 6 22
126 6 38
126 6 42
126 6 70
126 6 74
126 6 122
126 6 126
126 6 154
126 6 158
126 6 178
126 6 182
126 6 186
126 6 190
126 10 6
126 10 10
126 10 18
126 10 22
126 10 38
126 10 42
126 10 70
126 10 74
126 10 122
126 10 126
126 10 154
126 10 158
126 10 178
126 10 182
126 10 186
126 10 190
126 18 6
126 18 10
126 18 18
126 18 22
126 18 38
126 18 42
126 18 70
126 18 74
126 18 122
126 18 126
126 18 154
126 18 158
126 18 178
126 18 182
126 18 186
126 18 190
126 22 6
126 22 10
126 22 18
126 22 22
126 22 38
126 22 42
126 22 70
126 22 74
126 22 122
126 22 126
126 22 154
126 22 158
126 22 178
126 22 182
126 22 186
126 22 190
126 38 6
126 38 10
126 38 18
126 38 22
126 38 38
126 38 42
126 38 70
126 38 74
126 38 122
126 38 126
126 38 154
126 38 158
126 38 178
126 38 182
126 38 186
126 38 190
126 42 6
126 42 10
126 42 18
126 42 22
126 42 38
126 42 42
126 42 70
126 42 74
126 42 122
126 42 126
126 42 154
126 42 158
126 42 178
126 42 182
126 42 186
126 42 190
126 70 6
126 70 10
126 70 18
126 70 22
126 70 38
126 70 42
126 70 70
126 70 74
126 70 122
126 70 126
126 70 154
126 70 158
126 70 178
126 70 182
126 70 186
126 70 190
126 74 6
126 74 10
126 74 18
126 74 22
126 74 38
126 74 42
126 74 70
126 74 74
126 74 122
126 74 126
126 74 154
126 74 158
126 74 178
126 74 182
126 74 186
126 74 190
126 122 6
126 122 10
126 122 18
126 122 22
126 122 38
126 122 42
126 122 70
126 122 74
126 122 122
126 122 126
126 122 154
126 122 158
126 122 178
126 122 182
126 122 186
126 122 190
126 126 6
126 126 10
126 126 18
126 126 22
126 126 38
126 126 42
126 126 70
126 126 74
126 126 122
126 126 126
126 126 154
126 126 158
126 126 178
126 126 182
126 126 186
126 126 190
126 154 6
126 154 10
126 154 18
126 154 22
126 154 38
126 154 42
126 154 70
126 154 74
126 154 122
126 154 126
126 154 154
126 154 158
126 154 178
126 154 182
126 154 186
126 154 190
126 158 6
126 158 10
126 158 18
126 158 22
126 158 38
126 158 42
126 158 70
126 158 74
126 158 122
126 158 126
126 158 154
126 158 158
126 158 178
126 158 182
126 158 186
126 158 190
126 178 6
126 178 10
126 178 18
126 178 22
126 178 38
126 178 42
126 178 70
126 178 74
126 178 122
126 178 126
126 178 154
126 178 158
126 178 178
126 178 182
126 178 186
126 178 190
126 182 6
126 182 10
126 182 18
126 182 22
126 182 38
126 182 42
126 182 70
126 182 74
126 182 122
126 182 126
126 182 154
126 182 158
126 182 178
126 182 182
126 182 186
126 182 190
126 186 6
126 186 10
126 186 18
126 186 22
126 186 38
126 186 42
126 186 70
126 186 74
126 186 122
126 186 126
126 186 154
126 186 158
126 186 178
126 186 182
126 186 186
126 186 190
126 190 6
126 190 10
126 190 18
126 190 22
126 190 38
126 190 42
126 190 70
126 190 74
126 190 122
126 190 126
126 190 154
126 190 158
126 190 178
126 190 182
126 190 186
126 190 190
154 6 6
154 6 10
154 6 18
154 6 22
154 6 38
154 6 42
154 6 70
154 6 74
154 6 122
154 6 126
154 6 154
154 6 158
154 6 178
154 6 182
154 6 186
154 6 190
154 10 6
154 10 10
154 10 18
154 10 22
154 10 38
154 10 42
154 10 70
154 10 74
154 10 122
154 10 126
154 10 154
154 10 158
154 10 178
154 10 182
154 10 186
154 10 190
154 18 6
154 18 10
154 18 18
154 18 22
154 18 38
154 18 42
154 18 70
154 18 74
154 18 122
154 18 126
154 18 154
154 18 158
154 18 178
154 18 182
154 18 186
154 18 190
154 22 6
154 22 10
154 22 18
154 22 22
154 22 38
154 22 42
154 22 70
154 22 74
154 22 122
154 22 126
154 22 154
154 22 158
154 22 178
154 22 182
154 22 186
154 22 190
154 38 6
154 38 10
154 38 18
154 38 22
154 38 38
154 38 42
154 38 70
154 38 74
154 38 122
154 38 126
154 38 154
154 38 158
154 38 178
154 38 182
154 38 186
154 38 190
154 42 6
154 42 10
154 42 18
154 42 22
154 42 38
154 42 42
154 42 70
154 42 74
154 42 122
154 42 126
154 42 154
154 42 158
154 42 178
154 42 182
154 42 186
154 42 190
154 70 6
154 70 10
154 70 18
154 70 22
154 70 38
154 70 42
154 70 70
154 70 74
154 70 122
154 70 126
154 70 154
154 70 158
154 70 178
154 70 182
154 70 186
154 70 190
154 74 6
154 74 10
154 74 18
154 74 22
154 74 38
154 74 42
154 74 70
154 74 74
154 74 122
154 74 126
154 74 154
154 74 158
154 74 178
154 74 182
154 74 186
154 74 190
154 122 6
154 122 10
154 122 18
154 122 22
154 122 38
154 122 42
154 122 70
154 122 74
154 122 122
154 122 126
154 122 154
154 122 158
154 122 178
154 122 182
154 122 186
154 122 190
154 126 6
154 126 10
154 126 18
154 126 22
154 126 38
154 126 42
154 126 70
154 126 74
154 126 122
154 126 126
154 126 154
154 126 158
154 126 178
154 126 182
154 126 186
154 126 190
154 154 6
154 154 10
154 154 18
154 154 22
154 154 38
154 154 42
154 154 70
154 154 74
154 154 122
154 154 126
154 154 154
154 154 158
154 154 178
154 154 182
154 154 186
154 154 190
154 158 6
154 158 10
154 158 18
154 158 22
154 158 38
154 158 42
154 158 70
154 158 74
154 158 122
154 158 126
154 158 154
154 158 158
154 158 178
154 158 182
154 158 186
154 158 190
154 178 6
154 178 10
154 178 18
154 178 22
154 178 38
154 178 42
154 178 70
154 178 74
154 178 122
154 178 126
154 178 154
154 178 158
154 178 178
154 178 182
154 178 186
154 178 190
154 182 6
154 182 10
154 182 18
154 182 22
154 182 38
154 182 42
154 182 70
154 182 74
154 182 122
154 182 126
154 182 154
154 182 158
154 182 178
154 182 182
154 182 186
154 182 190
154 186 6
154 186 10
154 186 18
154 186 22
154 186 38
154 186 42
154 186 70
154 186 74
154 186 122
154 186 126
154 186 154
154 186 158
154 186 178
154 186 182
154 186 186
154 186 190
154 190 6
154 190 10
154 190 18
154 190 22
154 190 38
154 190 42
154 190 70
154 190 74
154 190 122
154 190 126
154 190 154
154 190 158
154 190 178
154 190 182
154 190 186
154 190 190
158 6 6
158 6 10
158 6 18
158 6 22
158 6 38
158 6 42
158 6 70
158 6 74
158 6 122
158 6 126
158 6 154
158 6 158
158 6 178
158 6 182
158 6 186
158 6 190
158 10 6
158 10 10
158 10 18
158 10 22
158 10 38
158 10 42
158 10 70
158 10 74
158 10 122
158 10 126
158 10 154
158 10 158
158 10 178
158 10 182
158 10 186
158 10 190
158 18 6
158 18 10
158 18 18
158 18 22
158 18 38
158 18 42
158 18 70
158 18 74
158 18 122
158 18 126
158 18 154
158 18 158
158 18 178
158 18 182
158 18 186
158 18 190
158 22 6
158 22 10
158 22 18
158 22 22
158 22 38
158 22 42
158 22 70
158 22 74
158 22 122
158 22 126
158 22 154
158 22 158
158 22 178
158 22 182
158 22 186
158 22 190
158 38 6
158 38 10
158 38 18
158 38 22
158 38 38
158 38 42
158 38 70
158 38 74
158 38 122
158 38 126
158 38 154
158 38 158
158 38 178
158 38 182
158 38 186
158 38 190
158 42 6
158 42 10
158 42 18
158 42 22
158 42 38
158 42 42
158 42 70
158 42 74
158 42 122
158 42 126
158 42 154
158 42 158
158 42 178
158 42 182
158 42 186
158 42 190
158 70 6
158 70 10
158 70 18
158 70 22
158 70 38
158 70 42
158 70 70
158 70 74
158 70 122
158 70 126
158 70 154
158 70 158
158 70 178
158 70 182
158 70 186
158 70 190
158 74 6
158 74 10
158 74 18
158 74 22
158 74 38
158 74 42
158 74 70
158 74 74
158 74 122
158 74 126
158 74 154
158 74 158
158 74 178
158 74 182
158 74 186
158 74 190
158 122 6
158 122 10
158 122 18
158 122 22
158 122 38
158 122 42
158 122 70
158 122 74
158 122 122
158 122 126
158 122 154
158 122 158
158 122 178
158 122 182
158 122 186
158 122 190
158 126 6
158 126 10
158 126 18
158 126 22
158 126 38
158 126 42
158 126 70
158 126 74
158 126 122
158 126 126
158 126 154
158 126 158
158 126 178
158 126 182
158 126 186
158 126 190
158 154 6
158 154 10
158 154 18
158 154 22
158 154 38
158 154 42
158 154 70
158 154 74
158 154 122
158 154 126
158 154 154
158 154 158
158 154 178
158 154 182
158 154 186
158 154 190
158 158 6
158 158 10
158 158 18
158 158 22
158 158 38
158 158 42
158 158 70
158 158 74
158 158 122
158 158 126
158 158 154
158 158 158
158 158 178
158 158 182
158 158 186
158 158 190
158 178 6
158 178 10
158 178 18
158 178 22
158 178 38
158 178 42
158 178 70
158 178 74
158 178 122
158 178 126
158 178 154
158 178 158
158 178 178
158 178 182
158 178 186
158 178 190
158 182 6
158 182 10
158 182 18
158 182 22
158 182 38
158 182 42
158 182 70
158 182 74
158 182 122
158 182 126
158 182 154
158 182 158
158 182 178
158 182 182
158 182 186
158 182 190
158 186 6
158 186 10
158 186 18
158 186 22
158 186 38
158 186 42
158 186 70
158 186 74
158 186 122
158 186 126
158 186 154
158 186 158
158 186 178
158 186 182
158 186 186
158 186 190
158 190 6
158 190 10
158 190 18
158 190 22
158 190 38
158 190 42
158 190 70
158 190 74
158 190 122
158 190 126
158 190 154
158 190 158
158 190 178
158 190 182
158 190 186
158 190 190
178 6 6
178 6 10
178 6 18
178 6 22
178 6 38
178 6 42
178 6 70
178 6 74
178 6 122
178 6 126
178 6 154
178 6 158
178 6 178
178 6 182
178 6 186
178 6 190
178 10 6
178 10 10
178 10 18
178 10 22
178 10 38
178 10 42
178 10 70
178 10 74
178 10 122
178 10 126
178 10 154
178 10 158
178 10 178
178 10 182
178 10 186
178 10 190
178 18 6
178 18 10
178 18 18
178 18 22
178 18 38
178 18 42
178 18 70
178 18 74
178 18 122
178 18 126
178 18 154
178 18 158
178 18 178
178 18 182
178 18 186
178 18 190
178 22 6
178 22 10
178 22 18
178 22 22
178 22 38
178 22 42
178 22 70
178 22 74
178 22 122
178 22 126
178 22 154
178 22 158
178 22 178
178 22 182
178 22 186
178 22 190
178 38 6
178 38 10
178 38 18
178 38 22
178 38 38
178 38 42
178 38 70
178 38 74
178 38 122
178 38 126
178 38 154
178 38 158
178 38 178
178 38 182
178 38 186
178 38 190
178 42 6
178 42 10
178 42 18
178 42 22
178 42 38
178 42 42
178 42 70
178 42 74
178 42 122
178 42 126
178 42 154
178 42 158
178 42 178
178 42 182
178 42 186
178 42 190
178 70 6
178 70 10
178 70 18
178 70 22
178 70 38
178 70 42
178 70 70
178 70 74
178 70 122
178 70 126
178 70 154
178 70 158
178 70 178
178 70 182
178 70 186
178 70 190
178 74 6
178 74 10
178 74 18
178 74 22
178 74 38
178 74 42
178 74 70
178 74 74
178 74 122
178 74 126
178 74 154
178 74 158
178 74 178
178 74 182
178 74 186
178 74 190
178 122 6
178 122 10
178 122 18
178 122 22
178 122 38
178 122 42
178 122 70
178 122 74
178 122 122
178 122 126
178 122 154
178 122 158
178 122 178
178 122 182
178 122 186
178 122 190
178 126 6
178 126 10
178 126 18
178 126 22
178 126 38
178 126 42
178 126 70
178 126 74
178 126 122
178 126 126
178 126 154
178 126 158
178 126 178
178 126 182
178 126 186
178 126 190
178 154 6
178 154 10
178 154 18
178 154 22
178 154 38
178 154 42
178 154 70
178 154 74
178 154 122
178 154 126
178 154 154
178 154 158
178 154 178
178 154 182
178 154 186
178 154 190
178 158 6
178 158 10
178 158 18
178 158 22
178 158 38
178 158 42
178 158 70
178 158 74
178 158 122
178 158 126
178 158 154
178 158 158
178 158 178
178 158 182
178 158 186
178 158 190
178 178 6
178 178 10
178 178 18
178 178 22
178 178 38
178 178 42
178 178 70
178 178 74
178 178 122
178 178 126
178 178 154
178 178 158
178 178 178
178 178 182
178 178 186
178 178 190
178 182 6
178 182 10
178 182 18
178 182 22
178 182 38
178 182 42
178 182 70
178 182 74
178 182 122
178 182 126
178 182 154
178 182 158
178 182 178
178 182 182
178 182 186
178 182 190
178 186 6
178 186 10
178 186 18
178 186 22
178 186 38
178 186 42
178 186 70
178 186 74
178 186 122
178 186 126
178 186 154
178 186 158
178 186 178
178 186 182
178 186 186
178 186 190
178 190 6
178 190 10
178 190 18
178 190 22
178 190 38
178 190 42
178 190 70
178 190 74
178 190 122
178 190 126
178 190 154
178 190 158
178 190 178
178 190 182
178 190 186
178 190 190
182 6 6
182 6 10
182 6 18
182 6 22
182 6 38
182 6 42
182 6 70
182 6 74
182 6 122
182 6 126
182 6 154
182 6 158
182 6 178
182 6 182
182 6 186
182 6 190
182 10 6
182 10 10
182 10 18
182 10 22
182 10 38
182 10 42
182 10 70
182 10 74
182 10 122
182 10 126
182 10 154
182 10 158
182 10 178
182 10 182
182 10 186
182 10 190
182 18 6
182 18 10
182 18 18
182 18 22
182 18 38
182 18 42
182 18 70
182 18 74
182 18 122
182 18 126
182 18 154
182 18 158
182 18 178
182 18 182
182 18 186
182 18 190
182 22 6
182 22 10
182 22 18
182 22 22
182 22 38
182 22 42
182 22 70
182 22 74
182 22 122
182 22 126
182 22 154
182 22 158
182 22 178
182 22 182
182 22 186
182 22 190
182 38 6
182 38 10
182 38 18
182 38 22
182 38 38
182 38 42
182 38 70
182 38 74
182 38 122
182 38 126
182 38 154
182 38 158
182 38 178
182 38 182
182 38 186
182 38 190
182 42 6
182 42 10
182 42 18
182 42 22
182 42 38
182 42 42
182 42 70
182 42 74
182 42 122
182 42 126
182 42 154
182 42 158
182 42 178
182 42 182
182 42 186
182 42 190
182 70 6
182 70 10
182 70 18
182 70 22
182 70 38
182 70 42
182 70 70
182 70 74
182 70 122
182 70 126
182 70 154
182 70 158
182 70 178
182 70 182
182 70 186
182 70 190
182 74 6
182 74 10
182 74 18
182 74 22
182 74 38
182 74 42
182 74 70
182 74 74
182 74 122
182 74 126
182 74 154
182 74 158
182 74 178
182 74 182
182 74 186
182 74 190
182 122 6
182 122 10
182 122 18
182 122 22
182 122 38
182 122 42
182 122 70
182 122 74
182 122 122
182 122 126
182 122 154
182 122 158
182 122 178
182 122 182
182 122 186
182 122 190
182 126 6
182 126 10
182 126 18
182 126 22
182 126 38
182 126 42
182 126 70
182 126 74
182 126 122
182 126 126
182 126 154
182 126 158
182 126 178
182 126 182
182 126 186
182 126 190
182 154 6
182 154 10
182 154 18
182 154 22
182 154 38
182 154 42
182 154 70
182 154 74
182 154 122
182 154 126
182 154 154
182 154 158
182 154 178
182 154 182
182 154 186
182 154 190
182 158 6
182 158 10
182 158 18
182 158 22
182 158 38
182 158 42
182 158 70
182 158 74
182 158 122
182 158 126
182 158 154
182 158 158
182 158 178
182 158 182
182 158 186
182 158 190
182 178 6
182 178 10
182 178 18
182 178 22
182 178 38
182 178 42
182 178 70
182 178 74
182 178 122
182 178 126
182 178 154
182 178 158
182 178 178
182 178 182
182 178 186
182 178 190
182 182 6
182 182 10
182 182 18
182 182 22
182 182 38
182 182 42
182 182 70
182 182 74
182 182 122
182 182 126
182 182 154
182 182 158
182 182 178
182 182 182
182 182 186
182 182 190
182 186 6
182 186 10
182 186 18
182 186 22
182 186 38
182 186 42
182 186 70
182 186 74
182 186 122
182 186 126
182 186 154
182 186 158
182 186 178
182 186 182
182 186 186
182 186 190
182 190 6
182 190 10
182 190 18
182 190 22
182 190 38
182 190 42
182 190 70
182 190 74
182 190 122
182 190 126
182 190 154
182 190 158
182 190 178
182 190 182
182 190 186
182 190 190
186 6 6
186 6 10
186 6 18
186 6 22
186 6 38
186 6 42
186 6 70
186 6 74
186 6 122
186 6 126
186 6 154
186 6 158
186 6 178
186 6 182
186 6 186
186 6 190
186 10 6
186 10 10
186 10 18
186 10 22
186 10 38
186 10 42
186 10 70
186 10 74
186 10 122
186 10 126
186 10 154
186 10 158
186 10 178
186 10 182
186 10 186
186 10 190
186 18 6
186 18 10
186 18 18
186 18 22
186 18 38
186 18 42
186 18 70
186 18 74
186 18 122
186 18 126
186 18 154
186 18 158
186 18 178
186 18 182
186 18 186
186 18 190
186 22 6
186 22 10
186 22 18
186 22 22
186 22 38
186 22 42
186 22 70
186 22 74
186 22 122
186 22 126
186 22 154
186 22 158
186 22 178
186 22 182
186 22 186
186 22 190
186 38 6
186 38 10
186 38 18
186 38 22
186 38 38
186 38 42
186 38 70
186 38 74
186 38 122
186 38 126
186 38 154
186 38 158
186 38 178
186 38 182
186 38 186
186 38 190
186 42 6
186 42 10
186 42 18
186 42 22
186 42 38
186 42 42
186 42 70
186 42 74
186 42 122
186 42 126
186 42 154
186 42 158
186 42 178
186 42 182
186 42 186
186 42 190
186 70 6
186 70 10
186 70 18
186 70 22
186 70 38
186 70 42
186 70 70
186 70 74
186 70 122
186 70 126
186 70 154
186 70 158
186 70 178
186 70 182
186 70 186
186 70 190
186 74 6
186 74 10
186 74 18
186 74 22
186 74 38
186 74 42
186 74 70
186 74 74
186 74 122
186 74 126
186 74 154
186 74 158
186 74 178
186 74 182
186 74 186
186 74 190
186 122 6
186 122 10
186 122 18
186 122 22
186 122 38
186 122 42
186 122 70
186 122 74
186 122 122
186 122 126
186 122 154
186 122 158
186 122 178
186 122 182
186 122 186
186 122 190
186 126 6
186 126 10
186 126 18
186 126 22
186 126 38
186 126 42
186 126 70
186 126 74
186 126 122
186 126 126
186 126 154
186 126 158
186 126 178
186 126 182
186 126 186
186 126 190
186 154 6
186 154 10
186 154 18
186 154 22
186 154 38
186 154 42
186 154 70
186 154 74
186 154 122
186 154 126
186 154 154
186 154 158
186 154 178
186 154 182
186 154 186
186 154 190
186 158 6
186 158 10
186 158 18
186 158 22
186 158 38
186 158 42
186 158 70
186 158 74
186 158 122
186 158 126
186 158 154
186 158 158
186 158 178
186 158 182
186 158 186
186 158 190
186 178 6
186 178 10
186 178 18
186 178 22
186 178 38
186 178 42
186 178 70
186 178 74
186 178 122
186 178 126
186 178 154
186 178 158
186 178 178
186 178 182
186 178 186
186 178 190
186 182 6
186 182 10
186 182 18
186 182 22
186 182 38
186 182 42
186 182 70
186 182 74
186 182 122
186 182 126
186 182 154
186 182 158
186 182 178
186 182 182
186 182 186
186 182 190
186 186 6
186 186 10
186 186 18
186 186 22
186 186 38
186 186 42
186 186 70
186 186 74
186 186 122
186 186 126
186 186 154
186 186 158
186 186 178
186 186 182
186 186 186
186 186 190
186 190 6
186 190 10
186 190 18
186 190 22
186 190 38
186 190 42
186 190 70
186 190 74
186 190 122
186 190 126
186 190 154
186 190 158
186 190 178
186 190 182
186 190 186
186 190 190
190 6 6
190 6 10
190 6 18
190 6 22
190 6 38
190 6 42
190 6 70
190 6 74
190 6 122
190 6 126
190 6 154
190 6 158
190 6 178
190 6 182
190 6 186
190 6 190
190 10 6
190 10 10
190 10 18
190 10 22
190 10 38
190 10 42
190 10 70
190 10 74
190 10 122
190 10 126
190 10 154
190 10 158
190 10 178
190 10 182
190 10 186
190 10 190
190 18 6
190 18 10
190 18 18
190 18 22
190 18 38
190 18 42
190 18 70
190 18 74
190 18 122
190 18 126
190 18 154
190 18 158
190 18 178
190 18 182
190 18 186
190 18 190
190 22 6
190 22 10
190 22 18
190 22 22
190 22 38
190 22 42
190 22 70
190 22 74
190 22 122
190 22 126
190 22 154
190 22 158
190 22 178
190 22 182
190 22 186
190 22 190
190 38 6
190 38 10
190 38 18
190 38 22
190 38 38
190 38 42
190 38 70
190 38 74
190 38 122
190 38 126
190 38 154
190 38 158
190 38 178
190 38 182
190 38 186
190 38 190
190 42 6
190 42 10
190 42 18
190 42 22
190 42 38
190 42 42
190 42 70
190 42 74
190 42 122
190 42 126
190 42 154
190 42 158
190 42 178
190 42 182
190 42 186
190 42 190
190 70 6
190 70 10
190 70 18
190 70 22
190 70 38
190 70 42
190 70 70
190 70 74
190 70 122
190 70 126
190 70 154
190 70 158
190 70 178
190 70 182
190 70 186
190 70 190
190 74 6
190 74 10
190 74 18
190 74 22
190 74 38
190 74 42
190 74 70
190 74 74
190 74 122
190 74 126
190 74 154
190 74 158
190 74 178
190 74 182
190 74 186
190 74 190
190 122 6
190 122 10
190 122 18
190 122 22
190 122 38
190 122 42
190 122 70
190 122 74
190 122 122
190 122 126
190 122 154
190 122 158
190 122 178
190 122 182
190 122 186
190 122 190
190 126 6
190 126 10
190 126 18
190 126 22
190 126 38
190 126 42
190 126 70
190 126 74
190 126 122
190 126 126
190 126 154
190 126 158
190 126 178
190 126 182
190 126 186
190 126 190
190 154 6
190 154 10
190 154 18
190 154 22
190 154 38
190 154 42
190 154 70
190 154 74
190 154 122
190 154 126
190 154 154
190 154 158
190 154 178
190 154 182
190 154 186
190 154 190
190 158 6
190 158 10
190 158 18
190 158 22
190 158 38
190 158 42
190 158 70
190 158 74
190 158 122
190 158 126
190 158 154
190 158 158
190 158 178
190 158 182
190 158 186
190 158 190
190 178 6
190 178 10
190 178 18
190 178 22
190 178 38
190 178 42
190 178 70
190 178 74
190 178 122
190 178 126
190 178 154
190 178 158
190 178 178
190 178 182
190 178 186
190 178 190
190 182 6
190 182 10
190 182 18
190 182 22
190 182 38
190 182 42
190 182 70
190 182 74
190 182 122
190 182 126
190 182 154
190 182 158
190 182 178
190 182 182
190 182 186
190 182 190
190 186 6
190 186 10
190 186 18
190 186 22
190 186 38
190 186 42
190 186 70
190 186 74
190 186 122
190 186 126
190 186 154
190 186 158
190 186 178
190 186 182
190 186 186
190 186 190
190 190 6
190 190 10
190 190 18
190 190 22
190 190 38
190 190 42
190 190 70
190 190 74
190 190 122
190 190 126
190 190 154
190 190 158
190 190 178
190 190 182
190 190 186
190 190 190
