200
42 42 42
42 42 46
42 42 58
42 42 62
42 42 74
42 42 78
42 42 90
42 42 94
42 42 106
42 42 110
42 42 122
42 42 126
42 42 138
42 42 142
42 42 154
42 42 158
42 46 42
42 46 46
42 46 58
42 46 62
42 46 74
42 46 78
42 46 90
42 46 94
42 46 106
42 46 110
42 46 122
42 46 126
42 46 138
42 46 142
42 46 154
42 46 158
42 58 42
42 58 46
42 58 58
42 58 62
42 58 74
42 58 78
42 58 90
42 58 94
42 58 106
42 58 110
42 58 122
42 58 126
42 58 138
42 58 142
42 58 154
42 58 158
42 62 42
42 62 46
42 62 58
42 62 62
42 62 74
42 62 78
42 62 90
42 62 94
42 62 106
42 62 110
42 62 122
42 62 126
42 62 138
42 62 142
42 62 154
42 62 158
42 74 42
42 74 46
42 74 58
42 74 62
42 74 74
42 74 78
42 74 90
42 74 94
42 74 106
42 74 110
42 74 122
42 74 126
42 74 138
42 74 142
42 74 154
42 74 158
42 78 42
42 78 46
42 78 58
42 78 62
42 78 74
42 78 78
42 78 90
42 78 94
42 78 106
42 78 110
42 78 122
42 78 126
42 78 138
42 78 142
42 78 154
42 78 158
42 90 42
42 90 46
42 90 58
42 90 62
42 90 74
42 90 78
42 90 90
42 90 94
42 90 106
42 90 110
42 90 122
42 90 126
42 90 138
42 90 142
42 90 154
42 90 158
42 94 42
42 94 46
42 94 58
42 94 62
42 94 74
42 94 78
42 94 90
42 94 94
42 94 106
42 94 110
42 94 122
42 94 126
42 94 138
42 94 142
42 94 154
42 94 158
42 106 42
42 106 46
42 106 58
42 106 62
42 106 74
42 106 78
42 106 90
42 106 94
42 106 106
42 106 110
42 106 122
42 106 126
42 106 138
42 106 142
42 106 154
42 106 158
42 110 42
42 110 46
42 110 58
42 110 62
42 110 74
42 110 78
42 110 90
42 110 94
42 110 106
42 110 110
42 110 122
42 110 126
42 110 138
42 110 142
42 110 154
42 110 158
42 122 42
42 122 46
42 122 58
42 122 62
42 122 74
42 122 78
42 122 90
42 122 94
42 122 106
42 122 110
42 122 122
42 122 126
42 122 138
42 122 142
42 122 154
42 122 158
42 126 42
42 126 46
42 126 58
42 126 62
42 126 74
42 126 78
42 126 90
42 126 94
42 126 106
42 126 110
42 126 122
42 126 126
42 126 138
42 126 142
42 126 154
42 126 158
42 138 42
42 138 46
42 138 58
42 138 62
42 138 74
42 138 78
42 138 90
42 138 94
42 138 106
42 138 110
42 138 122
42 138 126
42 138 138
42 138 142
42 138 154
42 138 158
42 142 42
42 142 46
42 142 58
42 142 62
42 142 74
42 142 78
42 142 90
42 142 94
42 142 106
42 142 110
42 142 122
42 142 126
42 142 138
42 142 142
42 142 154
42 142 158
42 154 42
42 154 46
42 154 58
42 154 62
42 154 74
42 154 78
42 154 90
42 154 94
42 154 106
42 154 110
42 154 122
42 154 126
42 154 138
42 154 142
42 154 154
42 154 158
42 158 42
42 158 46
42 158 58
42 158 62
42 158 74
42 158 78
42 158 90
42 158 94
42 158 106
42 158 110
42 158 122
42 158 126
42 158 138
42 158 142
42 158 154
42 158 158
46 42 42
46 42 46
46 42 58
46 42 62
46 42 74
46 42 78
46 42 90
46 42 94
46 42 106
46 42 110
46 42 122
46 42 126
46 42 138
46 42 142
46 42 154
46 42 158
46 46 42
46 46 46
46 46 58
46 46 62
46 46 74
46 46 78
46 46 90
46 46 94
46 46 106
46 46 110
46 46 122
46 46 126
46 46 138
46 46 142
46 46 154
46 46 158
46 58 42
46 58 46
46 58 58
46 58 62
46 58 74
46 58 78
46 58 90
46 58 94
46 58 106
46 58 110
46 58 122
46 58 126
46 58 138
46 58 142
46 58 154
46 58 158
46 62 42
46 62 46
46 62 58
46 62 62
46 62 74
46 62 78
46 62 90
46 62 94
46 62 106
46 62 110
46 62 122
46 62 126
46 62 138
46 62 142
46 62 154
46 62 158
46 74 42
46 74 46
46 74 58
46 74 62
46 74 74
46 74 78
46 74 90
46 74 94
46 74 106
46 74 110
46 74 122
46 74 126
46 74 138
46 74 142
46 74 154
46 74 158
46 78 42
46 78 46
46 78 58
46 78 62
46 78 74
46 78 78
46 78 90
46 78 94
46 78 106
46 78 110
46 78 122
46 78 126
46 78 138
46 78 142
46 78 154
46 78 158
46 90 42
46 90 46
46 90 58
46 90 62
46 90 74
46 90 78
46 90 90
46 90 94
46 90 106
46 90 110
46 90 122
46 90 126
46 90 138
46 90 142
46 90 154
46 90 158
46 94 42
46 94 46
46 94 58
46 94 62
46 94 74
46 94 78
46 94 90
46 94 94
46 94 106
46 94 110
46 94 122
46 94 126
46 94 138
46 94 142
46 94 154
46 94 158
46 106 42
46 106 46
46 106 58
46 106 62
46 106 74
46 106 78
46 106 90
46 106 94
46 106 106
46 106 110
46 106 122
46 106 126
46 106 138
46 106 142
46 106 154
46 106 158
46 110 42
46 110 46
46 110 58
46 110 62
46 110 74
46 110 78
46 110 90
46 110 94
46 110 106
46 110 110
46 110 122
46 110 126
46 110 138
46 110 142
46 110 154
46 110 158
46 122 42
46 122 46
46 122 58
46 122 62
46 122 74
46 122 78
46 122 90
46 122 94
46 122 106
46 122 110
46 122 122
46 122 126
46 122 138
46 122 142
46 122 154
46 122 158
46 126 42
46 126 46
46 126 58
46 126 62
46 126 74
46 126 78
46 126 90
46 126 94
46 126 106
46 126 110
46 126 122
46 126 126
46 126 138
46 126 142
46 126 154
46 126 158
46 138 42
46 138 46
46 138 58
46 138 62
46 138 74
46 138 78
46 138 90
46 138 94
46 138 106
46 138 110
46 138 122
46 138 126
46 138 138
46 138 142
46 138 154
46 138 158
46 142 42
46 142 46
46 142 58
46 142 62
46 142 74
46 142 78
46 142 90
46 142 94
46 142 106
46 142 110
46 142 122
46 142 126
46 142 138
46 142 142
46 142 154
46 142 158
46 154 42
46 154 46
46 154 58
46 154 62
46 154 74
46 154 78
46 154 90
46 154 94
46 154 106
46 154 110
46 154 122
46 154 126
46 154 138
46 154 142
46 154 154
46 154 158
46 158 42
46 158 46
46 158 58
46 158 62
46 158 74
46 158 78
46 158 90
46 158 94
46 158 106
46 158 110
46 158 122
46 158 126
46 158 138
46 158 142
46 158 154
46 158 158
58 42 42
58 42 46
58 42 58
58 42 62
58 42 74
58 42 78
58 42 90
58 42 94
58 42 106
58 42 110
58 42 122
58 42 126
58 42 138
58 42 142
58 42 154
58 42 158
58 46 42
58 46 46
58 46 58
58 46 62
58 46 74
58 46 78
58 46 90
58 46 94
58 46 106
58 46 110
58 46 122
58 46 126
58 46 138
58 46 142
58 46 154
58 46 158
58 58 42
58 58 46
58 58 58
58 58 62
58 58 74
58 58 78
58 58 90
58 58 94
58 58 106
58 58 110
58 58 122
58 58 126
58 58 138
58 58 142
58 58 154
58 58 158
58 62 42
58 62 46
58 62 58
58 62 62
58 62 74
58 62 78
58 62 90
58 62 94
58 62 106
58 62 110
58 62 122
58 62 126
58 62 138
58 62 142
58 62 154
58 62 158
58 74 42
58 74 46
58 74 58
58 74 62
58 74 74
58 74 78
58 74 90
58 74 94
58 74 106
58 74 110
58 74 122
58 74 126
58 74 138
58 74 142
58 74 154
58 74 158
58 78 42
58 78 46
58 78 58
58 78 62
58 78 74
58 78 78
58 78 90
58 78 94
58 78 106
58 78 110
58 78 122
58 78 126
58 78 138
58 78 142
58 78 154
58 78 158
58 90 42
58 90 46
58 90 58
58 90 62
58 90 74
58 90 78
58 90 90
58 90 94
58 90 106
58 90 110
58 90 122
58 90 126
58 90 138
58 90 142
58 90 154
58 90 158
58 94 42
58 94 46
58 94 58
58 94 62
58 94 74
58 94 78
58 94 90
58 94 94
58 94 106
58 94 110
58 94 122
58 94 126
58 94 138
58 94 142
58 94 154
58 94 158
58 106 42
58 106 46
58 106 58
58 106 62
58 106 74
58 106 78
58 106 90
58 106 94
58 106 106
58 106 110
58 106 122
58 106 126
58 106 138
58 106 142
58 106 154
58 106 158
58 110 42
58 110 46
58 110 58
58 110 62
58 110 74
58 110 78
58 110 90
58 110 94
58 110 106
58 110 110
58 110 122
58 110 126
58 110 138
58 110 142
58 110 154
58 110 158
58 122 42
58 122 46
58 122 58
58 122 62
58 122 74
58 122 78
58 122 90
58 122 94
58 122 106
58 122 110
58 122 122
58 122 126
58 122 138
58 122 142
58 122 154
58 122 158
58 126 42
58 126 46
58 126 58
58 126 62
58 126 74
58 126 78
58 126 90
58 126 94
58 126 106
58 126 110
58 126 122
58 126 126
58 126 138
58 126 142
58 126 154
58 126 158
58 138 42
58 138 46
58 138 58
58 138 62
58 138 74
58 138 78
58 138 90
58 138 94
58 138 106
58 138 110
58 138 122
58 138 126
58 138 138
58 138 142
58 138 154
58 138 158
58 142 42
58 142 46
58 142 58
58 142 62
58 142 74
58 142 78
58 142 90
58 142 94
58 142 106
58 142 110
58 142 122
58 142 126
58 142 138
58 142 142
58 142 154
58 142 158
58 154 42
58 154 46
58 154 58
58 154 62
58 154 74
58 154 78
58 154 90
58 154 94
58 154 106
58 154 110
58 154 122
58 154 126
58 154 138
58 154 142
58 154 154
58 154 158
58 158 42
58 158 46
58 158 58
58 158 62
58 158 74
58 158 78
58 158 90
58 158 94
58 158 106
58 158 110
58 158 122
58 158 126
58 158 138
58 158 142
58 158 154
58 158 158
62 42 42
62 42 46
62 42 58
62 42 62
62 42 74
62 42 78
62 42 90
62 42 94
62 42 106
62 42 110
62 42 122
62 42 126
62 42 138
62 42 142
62 42 154
62 42 158
62 46 42
62 46 46
62 46 58
62 46 62
62 46 74
62 46 78
62 46 90
62 46 94
62 46 106
62 46 110
62 46 122
62 46 126
62 46 138
62 46 142
62 46 154
62 46 158
62 58 42
62 58 46
62 58 58
62 58 62
62 58 74
62 58 78
62 58 90
62 58 94
62 58 106
62 58 110
62 58 122
62 58 126
62 58 138
62 58 142
62 58 154
62 58 158
62 62 42
62 62 46
62 62 58
62 62 62
62 62 74
62 62 78
62 62 90
62 62 94
62 62 106
62 62 110
62 62 122
62 62 126
62 62 138
62 62 142
62 62 154
62 62 158
62 74 42
62 74 46
62 74 58
62 74 62
62 74 74
62 74 78
62 74 90
62 74 94
62 74 106
62 74 110
62 74 122
62 74 126
62 74 138
62 74 142
62 74 154
62 74 158
62 78 42
62 78 46
62 78 58
62 78 62
62 78 74
62 78 78
62 78 90
62 78 94
62 78 106
62 78 110
62 78 122
62 78 126
62 78 138
62 78 142
62 78 154
62 78 158
62 90 42
62 90 46
62 90 58
62 90 62
62 90 74
62 90 78
62 90 90
62 90 94
62 90 106
62 90 110
62 90 122
62 90 126
62 90 138
62 90 142
62 90 154
62 90 158
62 94 42
62 94 46
62 94 58
62 94 62
62 94 74
62 94 78
62 94 90
62 94 94
62 94 106
62 94 110
62 94 122
62 94 126
62 94 138
62 94 142
62 94 154
62 94 158
62 106 42
62 106 46
62 106 58
62 106 62
62 106 74
62 106 78
62 106 90
62 106 94
62 106 106
62 106 110
62 106 122
62 106 126
62 106 138
62 106 142
62 106 154
62 106 158
62 110 42
62 110 46
62 110 58
62 110 62
62 110 74
62 110 78
62 110 90
62 110 94
62 110 106
62 110 110
62 110 122
62 110 126
62 110 138
62 110 142
62 110 154
62 110 158
62 122 42
62 122 46
62 122 58
62 122 62
62 122 74
62 122 78
62 122 90
62 122 94
62 122 106
62 122 110
62 122 122
62 122 126
62 122 138
62 122 142
62 122 154
62 122 158
62 126 42
62 126 46
62 126 58
62 126 62
62 126 74
62 126 78
62 126 90
62 126 94
62 126 106
62 126 110
62 126 122
62 126 126
62 126 138
62 126 142
62 126 154
62 126 158
62 138 42
62 138 46
62 138 58
62 138 62
62 138 74
62 138 78
62 138 90
62 138 94
62 138 106
62 138 110
62 138 122
62 138 126
62 138 138
62 138 142
62 138 154
62 138 158
62 142 42
62 142 46
62 142 58
62 142 62
62 142 74
62 142 78
62 142 90
62 142 94
62 142 106
62 142 110
62 142 122
62 142 126
62 142 138
62 142 142
62 142 154
62 142 158
62 154 42
62 154 46
62 154 58
62 154 62
62 154 74
62 154 78
62 154 90
62 154 94
62 154 106
62 154 110
62 154 122
62 154 126
62 154 138
62 154 142
62 154 154
62 154 158
62 158 42
62 158 46
62 158 58
62 158 62
62 158 74
62 158 78
62 158 90
62 158 94
62 158 106
62 158 110
62 158 122
62 158 126
62 158 138
62 158 142
62 158 154
62 158 158
74 42 42
74 42 46
74 42 58
74 42 62
74 42 74
74 42 78
74 42 90
74 42 94
74 42 106
74 42 110
74 42 122
74 42 126
74 42 138
74 42 142
74 42 154
74 42 158
74 46 42
74 46 46
74 46 58
74 46 62
74 46 74
74 46 78
74 46 90
74 46 94
74 46 106
74 46 110
74 46 122
74 46 126
74 46 138
74 46 142
74 46 154
74 46 158
74 58 42
74 58 46
74 58 58
74 58 62
74 58 74
74 58 78
74 58 90
74 58 94
74 58 106
74 58 110
74 58 122
74 58 126
74 58 138
74 58 142
74 58 154
74 58 158
74 62 42
74 62 46
74 62 58
74 62 62
74 62 74
74 62 78
74 62 90
74 62 94
74 62 106
74 62 110
74 62 122
74 62 126
74 62 138
74 62 142
74 62 154
74 62 158
74 74 42
74 74 46
74 74 58
74 74 62
74 74 74
74 74 78
74 74 90
74 74 94
74 74 106
74 74 110
74 74 122
74 74 126
74 74 138
74 74 142
74 74 154
74 74 158
74 78 42
74 78 46
74 78 58
74 78 62
74 78 74
74 78 78
74 78 90
74 78 94
74 78 106
74 78 110
74 78 122
74 78 126
74 78 138
74 78 142
74 78 154
74 78 158
74 90 42
74 90 46
74 90 58
74 90 62
74 90 74
74 90 78
74 90 90
74 90 94
74 90 106
74 90 110
74 90 122
74 90 126
74 90 138
74 90 142
74 90 154
74 90 158
74 94 42
74 94 46
74 94 58
74 94 62
74 94 74
74 94 78
74 94 90
74 94 94
74 94 106
74 94 110
74 94 122
74 94 126
74 94 138
74 94 142
74 94 154
74 94 158
74 106 42
74 106 46
74 106 58
74 106 62
74 106 74
74 106 78
74 106 90
74 106 94
74 106 106
74 106 110
74 106 122
74 106 126
74 106 138
74 106 142
74 106 154
74 106 158
74 110 42
74 110 46
74 110 58
74 110 62
74 110 74
74 110 78
74 110 90
74 110 94
74 110 106
74 110 110
74 110 122
74 110 126
74 110 138
74 110 142
74 110 154
74 110 158
74 122 42
74 122 46
74 122 58
74 122 62
74 122 74
74 122 78
74 122 90
74 122 94
74 122 106
74 122 110
74 122 122
74 122 126
74 122 138
74 122 142
74 122 154
74 122 158
74 126 42
74 126 46
74 126 58
74 126 62
74 126 74
74 126 78
74 126 90
74 126 94
74 126 106
74 126 110
74 126 122
74 126 126
74 126 138
74 126 142
74 126 154
74 126 158
74 138 42
74 138 46
74 138 58
74 138 62
74 138 74
74 138 78
74 138 90
74 138 94
74 138 106
74 138 110
74 138 122
74 138 126
74 138 138
74 138 142
74 138 154
74 138 158
74 142 42
74 142 46
74 142 58
74 142 62
74 142 74
74 142 78
74 142 90
74 142 94
74 142 106
74 142 110
74 142 122
74 142 126
74 142 138
74 142 142
74 142 154
74 142 158
74 154 42
74 154 46
74 154 58
74 154 62
74 154 74
74 154 78
74 154 90
74 154 94
74 154 106
74 154 110
74 154 122
74 154 126
74 154 138
74 154 142
74 154 154
74 154 158
74 158 42
74 158 46
74 158 58
74 158 62
74 158 74
74 158 78
74 158 90
74 158 94
74 158 106
74 158 110
74 158 122
74 158 126
74 158 138
74 158 142
74 158 154
74 158 158
78 42 42
78 42 46
78 42 58
78 42 62
78 42 74
78 42 78
78 42 90
78 42 94
78 42 106
78 42 110
78 42 122
78 42 126
78 42 138
78 42 142
78 42 154
78 42 158
78 46 42
78 46 46
78 46 58
78 46 62
78 46 74
78 46 78
78 46 90
78 46 94
78 46 106
78 46 110
78 46 122
78 46 126
78 46 138
78 46 142
78 46 154
78 46 158
78 58 42
78 58 46
78 58 58
78 58 62
78 58 74
78 58 78
78 58 90
78 58 94
78 58 106
78 58 110
78 58 122
78 58 126
78 58 138
78 58 142
78 58 154
78 58 158
78 62 42
78 62 46
78 62 58
78 62 62
78 62 74
78 62 78
78 62 90
78 62 94
78 62 106
78 62 110
78 62 122
78 62 126
78 62 138
78 62 142
78 62 154
78 62 158
78 74 42
78 74 46
78 74 58
78 74 62
78 74 74
78 74 78
78 74 90
78 74 94
78 74 106
78 74 110
78 74 122
78 74 126
78 74 138
78 74 142
78 74 154
78 74 158
78 78 42
78 78 46
78 78 58
78 78 62
78 78 74
78 78 78
78 78 90
78 78 94
78 78 106
78 78 110
78 78 122
78 78 126
78 78 138
78 78 142
78 78 154
78 78 158
78 90 42
78 90 46
78 90 58
78 90 62
78 90 74
78 90 78
78 90 90
78 90 94
78 90 106
78 90 110
78 90 122
78 90 126
78 90 138
78 90 142
78 90 154
78 90 158
78 94 42
78 94 46
78 94 58
78 94 62
78 94 74
78 94 78
78 94 90
78 94 94
78 94 106
78 94 110
78 94 122
78 94 126
78 94 138
78 94 142
78 94 154
78 94 158
78 106 42
78 106 46
78 106 58
78 106 62
78 106 74
78 106 78
78 106 90
78 106 94
78 106 106
78 106 110
78 106 122
78 106 126
78 106 138
78 106 142
78 106 154
78 106 158
78 110 42
78 110 46
78 110 58
78 110 62
78 110 74
78 110 78
78 110 90
78 110 94
78 110 106
78 110 110
78 110 122
78 110 126
78 110 138
78 110 142
78 110 154
78 110 158
78 122 42
78 122 46
78 122 58
78 122 62
78 122 74
78 122 78
78 122 90
78 122 94
78 122 106
78 122 110
78 122 122
78 122 126
78 122 138
78 122 142
78 122 154
78 122 158
78 126 42
78 126 46
78 126 58
78 126 62
78 126 74
78 126 78
78 126 90
78 126 94
78 126 106
78 126 110
78 126 122
78 126 126
78 126 138
78 126 142
78 126 154
78 126 158
78 138 42
78 138 46
78 138 58
78 138 62
78 138 74
78 138 78
78 138 90
78 138 94
78 138 106
78 138 110
78 138 122
78 138 126
78 138 138
78 138 142
78 138 154
78 138 158
78 142 42
78 142 46
78 142 58
78 142 62
78 142 74
78 142 78
78 142 90
78 142 94
78 142 106
78 142 110
78 142 122
78 142 126
78 142 138
78 142 142
78 142 154
78 142 158
78 154 42
78 154 46
78 154 58
78 154 62
78 154 74
78 154 78
78 154 90
78 154 94
78 154 106
78 154 110
78 154 122
78 154 126
78 154 138
78 154 142
78 154 154
78 154 158
78 158 42
78 158 46
78 158 58
78 158 62
78 158 74
78 158 78
78 158 90
78 158 94
78 158 106
78 158 110
78 158 122
78 158 126
78 158 138
78 158 142
78 158 154
78 158 158
90 42 42
90 42 46
90 42 58
90 42 62
90 42 74
90 42 78
90 42 90
90 42 94
90 42 106
90 42 110
90 42 122
90 42 126
90 42 138
90 42 142
90 42 154
90 42 158
90 46 42
90 46 46
90 46 58
90 46 62
90 46 74
90 46 78
90 46 90
90 46 94
90 46 106
90 46 110
90 46 122
90 46 126
90 46 138
90 46 142
90 46 154
90 46 158
90 58 42
90 58 46
90 58 58
90 58 62
90 58 74
90 58 78
90 58 90
90 58 94
90 58 106
90 58 110
90 58 122
90 58 126
90 58 138
90 58 142
90 58 154
90 58 158
90 62 42
90 62 46
90 62 58
90 62 62
90 62 74
90 62 78
90 62 90
90 62 94
90 62 106
90 62 110
90 62 122
90 62 126
90 62 138
90 62 142
90 62 154
90 62 158
90 74 42
90 74 46
90 74 58
90 74 62
90 74 74
90 74 78
90 74 90
90 74 94
90 74 106
90 74 110
90 74 122
90 74 126
90 74 138
90 74 142
90 74 154
90 74 158
90 78 42
90 78 46
90 78 58
90 78 62
90 78 74
90 78 78
90 78 90
90 78 94
90 78 106
90 78 110
90 78 122
90 78 126
90 78 138
90 78 142
90 78 154
90 78 158
90 90 42
90 90 46
90 90 58
90 90 62
90 90 74
90 90 78
90 90 90
90 90 94
90 90 106
90 90 110
90 90 122
90 90 126
90 90 138
90 90 142
90 90 154
90 90 158
90 94 42
90 94 46
90 94 58
90 94 62
90 94 74
90 94 78
90 94 90
90 94 94
90 94 106
90 94 110
90 94 122
90 94 126
90 94 138
90 94 142
90 94 154
90 94 158
90 106 42
90 106 46
90 106 58
90 106 62
90 106 74
90 106 78
90 106 90
90 106 94
90 106 106
90 106 110
90 106 122
90 106 126
90 106 138
90 106 142
90 106 154
90 106 158
90 110 42
90 110 46
90 110 58
90 110 62
90 110 74
90 110 78
90 110 90
90 110 94
90 110 106
90 110 110
90 110 122
90 110 126
90 110 138
90 110 142
90 110 154
90 110 158
90 122 42
90 122 46
90 122 58
90 122 62
90 122 74
90 122 78
90 122 90
90 122 94
90 122 106
90 122 110
90 122 122
90 122 126
90 122 138
90 122 142
90 122 154
90 122 158
90 126 42
90 126 46
90 126 58
90 126 62
90 126 74
90 126 78
90 126 90
90 126 94
90 126 106
90 126 110
90 126 122
90 126 126
90 126 138
90 126 142
90 126 154
90 126 158
90 138 42
90 138 46
90 138 58
90 138 62
90 138 74
90 138 78
90 138 90
90 138 94
90 138 106
90 138 110
90 138 122
90 138 126
90 138 138
90 138 142
90 138 154
90 138 158
90 142 42
90 142 46
90 142 58
90 142 62
90 142 74
90 142 78
90 142 90
90 142 94
90 142 106
90 142 110
90 142 122
90 142 126
90 142 138
90 142 142
90 142 154
90 142 158
90 154 42
90 154 46
90 154 58
90 154 62
90 154 74
90 154 78
90 154 90
90 154 94
90 154 106
90 154 110
90 154 122
90 154 126
90 154 138
90 154 142
90 154 154
90 154 158
90 158 42
90 158 46
90 158 58
90 158 62
90 158 74
90 158 78
90 158 90
90 158 94
90 158 106
90 158 110
90 158 122
90 158 126
90 158 138
90 158 142
90 158 154
90 158 158
94 42 42
94 42 46
94 42 58
94 42 62
94 42 74
94 42 78
94 42 90
94 42 94
94 42 106
94 42 110
94 42 122
94 42 126
94 42 138
94 42 142
94 42 154
94 42 158
94 46 42
94 46 46
94 46 58
94 46 62
94 46 74
94 46 78
94 46 90
94 46 94
94 46 106
94 46 110
94 46 122
94 46 126
94 46 138
94 46 142
94 46 154
94 46 158
94 58 42
94 58 46
94 58 58
94 58 62
94 58 74
94 58 78
94 58 90
94 58 94
94 58 106
94 58 110
94 58 122
94 58 126
94 58 138
94 58 142
94 58 154
94 58 158
94 62 42
94 62 46
94 62 58
94 62 62
94 62 74
94 62 78
94 62 90
94 62 94
94 62 106
94 62 110
94 62 122
94 62 126
94 62 138
94 62 142
94 62 154
94 62 158
94 74 42
94 74 46
94 74 58
94 74 62
94 74 74
94 74 78
94 74 90
94 74 94
94 74 106
94 74 110
94 74 122
94 74 126
94 74 138
94 74 142
94 74 154
94 74 158
94 78 42
94 78 46
94 78 58
94 78 62
94 78 74
94 78 78
94 78 90
94 78 94
94 78 106
94 78 110
94 78 122
94 78 126
94 78 138
94 78 142
94 78 154
94 78 158
94 90 42
94 90 46
94 90 58
94 90 62
94 90 74
94 90 78
94 90 90
94 90 94
94 90 106
94 90 110
94 90 122
94 90 126
94 90 138
94 90 142
94 90 154
94 90 158
94 94 42
94 94 46
94 94 58
94 94 62
94 94 74
94 94 78
94 94 90
94 94 94
94 94 106
94 94 110
94 94 122
94 94 126
94 94 138
94 94 142
94 94 154
94 94 158
94 106 42
94 106 46
94 106 58
94 106 62
94 106 74
94 106 78
94 106 90
94 106 94
94 106 106
94 106 110
94 106 122
94 106 126
94 106 138
94 106 142
94 106 154
94 106 158
94 110 42
94 110 46
94 110 58
94 110 62
94 110 74
94 110 78
94 110 90
94 110 94
94 110 106
94 110 110
94 110 122
94 110 126
94 110 138
94 110 142
94 110 154
94 110 158
94 122 42
94 122 46
94 122 58
94 122 62
94 122 74
94 122 78
94 122 90
94 122 94
94 122 106
94 122 110
94 122 122
94 122 126
94 122 138
94 122 142
94 122 154
94 122 158
94 126 42
94 126 46
94 126 58
94 126 62
94 126 74
94 126 78
94 126 90
94 126 94
94 126 106
94 126 110
94 126 122
94 126 126
94 126 138
94 126 142
94 126 154
94 126 158
94 138 42
94 138 46
94 138 58
94 138 62
94 138 74
94 138 78
94 138 90
94 138 94
94 138 106
94 138 110
94 138 122
94 138 126
94 138 138
94 138 142
94 138 154
94 138 158
94 142 42
94 142 46
94 142 58
94 142 62
94 142 74
94 142 78
94 142 90
94 142 94
94 142 106
94 142 110
94 142 122
94 142 126
94 142 138
94 142 142
94 142 154
94 142 158
94 154 42
94 154 46
94 154 58
94 154 62
94 154 74
94 154 78
94 154 90
94 154 94
94 154 106
94 154 110
94 154 122
94 154 126
94 154 138
94 154 142
94 154 154
94 154 158
94 158 42
94 158 46
94 158 58
94 158 62
94 158 74
94 158 78
94 158 90
94 158 94
94 158 106
94 158 110
94 158 122
94 158 126
94 158 138
94 158 142
94 158 154
94 158 158
106 42 42
106 42 46
106 42 58
106 42 62
106 42 74
106 42 78
106 42 90
106 42 94
106 42 106
106 42 110
106 42 122
106 42 126
106 42 138
106 42 142
106 42 154
106 42 158
106 46 42
106 46 46
106 46 58
106 46 62
106 46 74
106 46 78
106 46 90
106 46 94
106 46 106
106 46 110
106 46 122
106 46 126
106 46 138
106 46 142
106 46 154
106 46 158
106 58 42
106 58 46
106 58 58
106 58 62
106 58 74
106 58 78
106 58 90
106 58 94
106 58 106
106 58 110
106 58 122
106 58 126
106 58 138
106 58 142
106 58 154
106 58 158
106 62 42
106 62 46
106 62 58
106 62 62
106 62 74
106 62 78
106 62 90
106 62 94
106 62 106
106 62 110
106 62 122
106 62 126
106 62 138
106 62 142
106 62 154
106 62 158
106 74 42
106 74 46
106 74 58
106 74 62
106 74 74
106 74 78
106 74 90
106 74 94
106 74 106
106 74 110
106 74 122
106 74 126
106 74 138
106 74 142
106 74 154
106 74 158
106 78 42
106 78 46
106 78 58
106 78 62
106 78 74
106 78 78
106 78 90
106 78 94
106 78 106
106 78 110
106 78 122
106 78 126
106 78 138
106 78 142
106 78 154
106 78 158
106 90 42
106 90 46
106 90 58
106 90 62
106 90 74
106 90 78
106 90 90
106 90 94
106 90 106
106 90 110
106 90 122
106 90 126
106 90 138
106 90 142
106 90 154
106 90 158
106 94 42
106 94 46
106 94 58
106 94 62
106 94 74
106 94 78
106 94 90
106 94 94
106 94 106
106 94 110
106 94 122
106 94 126
106 94 138
106 94 142
106 94 154
106 94 158
106 106 42
106 106 46
106 106 58
106 106 62
106 106 74
106 106 78
106 106 90
106 106 94
106 106 106
106 106 110
106 106 122
106 106 126
106 106 138
106 106 142
106 106 154
106 106 158
106 110 42
106 110 46
106 110 58
106 110 62
106 110 74
106 110 78
106 110 90
106 110 94
106 110 106
106 110 110
106 110 122
106 110 126
106 110 138
106 110 142
106 110 154
106 110 158
106 122 42
106 122 46
106 122 58
106 122 62
106 122 74
106 122 78
106 122 90
106 122 94
106 122 106
106 122 110
106 122 122
106 122 126
106 122 138
106 122 142
106 122 154
106 122 158
106 126 42
106 126 46
106 126 58
106 126 62
106 126 74
106 126 78
106 126 90
106 126 94
106 126 106
106 126 110
106 126 122
106 126 126
106 126 138
106 126 142
106 126 154
106 126 158
106 138 42
106 138 46
106 138 58
106 138 62
106 138 74
106 138 78
106 138 90
106 138 94
106 138 106
106 138 110
106 138 122
106 138 126
106 138 138
106 138 142
106 138 154
106 138 158
106 142 42
106 142 46
106 142 58
106 142 62
106 142 74
106 142 78
106 142 90
106 142 94
106 142 106
106 142 110
106 142 122
106 142 126
106 142 138
106 142 142
106 142 154
106 142 158
106 154 42
106 154 46
106 154 58
106 154 62
106 154 74
106 154 78
106 154 90
106 154 94
106 154 106
106 154 110
106 154 122
106 154 126
106 154 138
106 154 142
106 154 154
106 154 158
106 158 42
106 158 46
106 158 58
106 158 62
106 158 74
106 158 78
106 158 90
106 158 94
106 158 106
106 158 110
106 158 122
106 158 126
106 158 138
106 158 142
106 158 154
106 158 158
110 42 42
110 42 46
110 42 58
110 42 62
110 42 74
110 42 78
110 42 90
110 42 94
110 42 106
110 42 110
110 42 122
110 42 126
110 42 138
110 42 142
110 42 154
110 42 158
110 46 42
110 46 46
110 46 58
110 46 62
110 46 74
110 46 78
110 46 90
110 46 94
110 46 106
110 46 110
110 46 122
110 46 126
110 46 138
110 46 142
110 46 154
110 46 158
110 58 42
110 58 46
110 58 58
110 58 62
110 58 74
110 58 78
110 58 90
110 58 94
110 58 106
110 58 110
110 58 122
110 58 126
110 58 138
110 58 142
110 58 154
110 58 158
110 62 42
110 62 46
110 62 58
110 62 62
110 62 74
110 62 78
110 62 90
110 62 94
110 62 106
110 62 110
110 62 122
110 62 126
110 62 138
110 62 142
110 62 154
110 62 158
110 74 42
110 74 46
110 74 58
110 74 62
110 74 74
110 74 78
110 74 90
110 74 94
110 74 106
110 74 110
110 74 122
110 74 126
110 74 138
110 74 142
110 74 154
110 74 158
110 78 42
110 78 46
110 78 58
110 78 62
110 78 74
110 78 78
110 78 90
110 78 94
110 78 106
110 78 110
110 78 122
110 78 126
110 78 138
110 78 142
110 78 154
110 78 158
110 90 42
110 90 46
110 90 58
110 90 62
110 90 74
110 90 78
110 90 90
110 90 94
110 90 106
110 90 110
110 90 122
110 90 126
110 90 138
110 90 142
110 90 154
110 90 158
110 94 42
110 94 46
110 94 58
110 94 62
110 94 74
110 94 78
110 94 90
110 94 94
110 94 106
110 94 110
110 94 122
110 94 126
110 94 138
110 94 142
110 94 154
110 94 158
110 106 42
110 106 46
110 106 58
110 106 62
110 106 74
110 106 78
110 106 90
110 106 94
110 106 106
110 106 110
110 106 122
110 106 126
110 106 138
110 106 142
110 106 154
110 106 158
110 110 42
110 110 46
110 110 58
110 110 62
110 110 74
110 110 78
110 110 90
110 110 94
110 110 106
110 110 110
110 110 122
110 110 126
110 110 138
110 110 142
110 110 154
110 110 158
110 122 42
110 122 46
110 122 58
110 122 62
110 122 74
110 122 78
110 122 90
110 122 94
110 122 106
110 122 110
110 122 122
110 122 126
110 122 138
110 122 142
110 122 154
110 122 158
110 126 42
110 126 46
110 126 58
110 126 62
110 126 74
110 126 78
110 126 90
110 126 94
110 126 106
110 126 110
110 126 122
110 126 126
110 126 138
110 126 142
110 126 154
110 126 158
110 138 42
110 138 46
110 138 58
110 138 62
110 138 74
110 138 78
110 138 90
110 138 94
110 138 106
110 138 110
110 138 122
110 138 126
110 138 138
110 138 142
110 138 154
110 138 158
110 142 42
110 142 46
110 142 58
110 142 62
110 142 74
110 142 78
110 142 90
110 142 94
110 142 106
110 142 110
110 142 122
110 142 126
110 142 138
110 142 142
110 142 154
110 142 158
110 154 42
110 154 46
110 154 58
110 154 62
110 154 74
110 154 78
110 154 90
110 154 94
110 154 106
110 154 110
110 154 122
110 154 126
110 154 138
110 154 142
110 154 154
110 154 158
110 158 42
110 158 46
110 158 58
110 158 62
110 158 74
110 158 78
110 158 90
110 158 94
110 158 106
110 158 110
110 158 122
110 158 126
110 158 138
110 158 142
110 158 154
110 158 158
122 42 42
122 42 46
122 42 58
122 42 62
122 42 74
122 42 78
122 42 90
122 42 94
122 42 106
122 42 110
122 42 122
122 42 126
122 42 138
122 42 142
122 42 154
122 42 158
122 46 42
122 46 46
122 46 58
122 46 62
122 46 74
122 46 78
122 46 90
122 46 94
122 46 106
122 46 110
122 46 122
122 46 126
122 46 138
122 46 142
122 46 154
122 46 158
122 58 42
122 58 46
122 58 58
122 58 62
122 58 74
122 58 78
122 58 90
122 58 94
122 58 106
122 58 110
122 58 122
122 58 126
122 58 138
122 58 142
122 58 154
122 58 158
122 62 42
122 62 46
122 62 58
122 62 62
122 62 74
122 62 78
122 62 90
122 62 94
122 62 106
122 62 110
122 62 122
122 62 126
122 62 138
122 62 142
122 62 154
122 62 158
122 74 42
122 74 46
122 74 58
122 74 62
122 74 74
122 74 78
122 74 90
122 74 94
122 74 106
122 74 110
122 74 122
122 74 126
122 74 138
122 74 142
122 74 154
122 74 158
122 78 42
122 78 46
122 78 58
122 78 62
122 78 74
122 78 78
122 78 90
122 78 94
122 78 106
122 78 110
122 78 122
122 78 126
122 78 138
122 78 142
122 78 154
122 78 158
122 90 42
122 90 46
122 90 58
122 90 62
122 90 74
122 90 78
122 90 90
122 90 94
122 90 106
122 90 110
122 90 122
122 90 126
122 90 138
122 90 142
122 90 154
122 90 158
122 94 42
122 94 46
122 94 58
122 94 62
122 94 74
122 94 78
122 94 90
122 94 94
122 94 106
122 94 110
122 94 122
122 94 126
122 94 138
122 94 142
122 94 154
122 94 158
122 106 42
122 106 46
122 106 58
122 106 62
122 106 74
122 106 78
122 106 90
122 106 94
122 106 106
122 106 110
122 106 122
122 106 126
122 106 138
122 106 142
122 106 154
122 106 158
122 110 42
122 110 46
122 110 58
122 110 62
122 110 74
122 110 78
122 110 90
122 110 94
122 110 106
122 110 110
122 110 122
122 110 126
122 110 138
122 110 142
122 110 154
122 110 158
122 122 42
122 122 46
122 122 58
122 122 62
122 122 74
122 122 78
122 122 90
122 122 94
122 122 106
122 122 110
122 122 122
122 122 126
122 122 138
122 122 142
122 122 154
122 122 158
122 126 42
122 126 46
122 126 58
122 126 62
122 126 74
122 126 78
122 126 90
122 126 94
122 126 106
122 126 110
122 126 122
122 126 126
122 126 138
122 126 142
122 126 154
122 126 158
122 138 42
122 138 46
122 138 58
122 138 62
122 138 74
122 138 78
122 138 90
122 138 94
122 138 106
122 138 110
122 138 122
122 138 126
122 138 138
122 138 142
122 138 154
122 138 158
122 142 42
122 142 46
122 142 58
122 142 62
122 142 74
122 142 78
122 142 90
122 142 94
122 142 106
122 142 110
122 142 122
122 142 126
122 142 138
122 142 142
122 142 154
122 142 158
122 154 42
122 154 46
122 154 58
122 154 62
122 154 74
122 154 78
122 154 90
122 154 94
122 154 106
122 154 110
122 154 122
122 154 126
122 154 138
122 154 142
122 154 154
122 154 158
122 158 42
122 158 46
122 158 58
122 158 62
122 158 74
122 158 78
122 158 90
122 158 94
122 158 106
122 158 110
122 158 122
122 158 126
122 158 138
122 158 142
122 158 154
122 158 158
126 42 42
126 42 46
126 42 58
126 42 62
126 42 74
126 42 78
126 42 90
126 42 94
126 42 106
126 42 110
126 42 122
126 42 126
126 42 138
126 42 142
126 42 154
126 42 158
126 46 42
126 46 46
126 46 58
126 46 62
126 46 74
126 46 78
126 46 90
126 46 94
126 46 106
126 46 110
126 46 122
126 46 126
126 46 138
126 46 142
126 46 154
126 46 158
126 58 42
126 58 46
126 58 58
126 58 62
126 58 74
126 58 78
126 58 90
126 58 94
126 58 106
126 58 110
126 58 122
126 58 126
126 58 138
126 58 142
126 58 154
126 58 158
126 62 42
126 62 46
126 62 58
126 62 62
126 62 74
126 62 78
126 62 90
126 62 94
126 62 106
126 62 110
126 62 122
126 62 126
126 62 138
126 62 142
126 62 154
126 62 158
126 74 42
126 74 46
126 74 58
126 74 62
126 74 74
126 74 78
126 74 90
126 74 94
126 74 106
126 74 110
126 74 122
126 74 126
126 74 138
126 74 142
126 74 154
126 74 158
126 78 42
126 78 46
126 78 58
126 78 62
126 78 74
126 78 78
126 78 90
126 78 94
126 78 106
126 78 110
126 78 122
126 78 126
126 78 138
126 78 142
126 78 154
126 78 158
126 90 42
126 90 46
126 90 58
126 90 62
126 90 74
126 90 78
126 90 90
126 90 94
126 90 106
126 90 110
126 90 122
126 90 126
126 90 138
126 90 142
126 90 154
126 90 158
126 94 42
126 94 46
126 94 58
126 94 62
126 94 74
126 94 78
126 94 90
126 94 94
126 94 106
126 94 110
126 94 122
126 94 126
126 94 138
126 94 142
126 94 154
126 94 158
126 106 42
126 106 46
126 106 58
126 106 62
126 106 74
126 106 78
126 106 90
126 106 94
126 106 106
126 106 110
126 106 122
126 106 126
126 106 138
126 106 142
126 106 154
126 106 158
126 110 42
126 110 46
126 110 58
126 110 62
126 110 74
126 110 78
126 110 90
126 110 94
126 110 106
126 110 110
126 110 122
126 110 126
126 110 138
126 110 142
126 110 154
126 110 158
126 122 42
126 122 46
126 122 58
126 122 62
126 122 74
126 122 78
126 122 90
126 122 94
126 122 106
126 122 110
126 122 122
126 122 126
126 122 138
126 122 142
126 122 154
126 122 158
126 126 42
126 126 46
126 126 58
126 126 62
126 126 74
126 126 78
126 126 90
126 126 94
126 126 106
126 126 110
126 126 122
126 126 126
126 126 138
126 126 142
126 126 154
126 126 158
126 138 42
126 138 46
126 138 58
126 138 62
126 138 74
126 138 78
126 138 90
126 138 94
126 138 106
126 138 110
126 138 122
126 138 126
126 138 138
126 138 142
126 138 154
126 138 158
126 142 42
126 142 46
126 142 58
126 142 62
126 142 74
126 142 78
126 142 90
126 142 94
126 142 106
126 142 110
126 142 122
126 142 126
126 142 138
126 142 142
126 142 154
126 142 158
126 154 42
126 154 46
126 154 58
126 154 62
126 154 74
126 154 78
126 154 90
126 154 94
126 154 106
126 154 110
126 154 122
126 154 126
126 154 138
126 154 142
126 154 154
126 154 158
126 158 42
126 158 46
126 158 58
126 158 62
126 158 74
126 158 78
126 158 90
126 158 94
126 158 106
126 158 110
126 158 122
126 158 126
126 158 138
126 158 142
126 158 154
126 158 158
138 42 42
138 42 46
138 42 58
138 42 62
138 42 74
138 42 78
138 42 90
138 42 94
138 42 106
138 42 110
138 42 122
138 42 126
138 42 138
138 42 142
138 42 154
138 42 158
138 46 42
138 46 46
138 46 58
138 46 62
138 46 74
138 46 78
138 46 90
138 46 94
138 46 106
138 46 110
138 46 122
138 46 126
138 46 138
138 46 142
138 46 154
138 46 158
138 58 42
138 58 46
138 58 58
138 58 62
138 58 74
138 58 78
138 58 90
138 58 94
138 58 106
138 58 110
138 58 122
138 58 126
138 58 138
138 58 142
138 58 154
138 58 158
138 62 42
138 62 46
138 62 58
138 62 62
138 62 74
138 62 78
138 62 90
138 62 94
138 62 106
138 62 110
138 62 122
138 62 126
138 62 138
138 62 142
138 62 154
138 62 158
138 74 42
138 74 46
138 74 58
138 74 62
138 74 74
138 74 78
138 74 90
138 74 94
138 74 106
138 74 110
138 74 122
138 74 126
138 74 138
138 74 142
138 74 154
138 74 158
138 78 42
138 78 46
138 78 58
138 78 62
138 78 74
138 78 78
138 78 90
138 78 94
138 78 106
138 78 110
138 78 122
138 78 126
138 78 138
138 78 142
138 78 154
138 78 158
138 90 42
138 90 46
138 90 58
138 90 62
138 90 74
138 90 78
138 90 90
138 90 94
138 90 106
138 90 110
138 90 122
138 90 126
138 90 138
138 90 142
138 90 154
138 90 158
138 94 42
138 94 46
138 94 58
138 94 62
138 94 74
138 94 78
138 94 90
138 94 94
138 94 106
138 94 110
138 94 122
138 94 126
138 94 138
138 94 142
138 94 154
138 94 158
138 106 42
138 106 46
138 106 58
138 106 62
138 106 74
138 106 78
138 106 90
138 106 94
138 106 106
138 106 110
138 106 122
138 106 126
138 106 138
138 106 142
138 106 154
138 106 158
138 110 42
138 110 46
138 110 58
138 110 62
138 110 74
138 110 78
138 110 90
138 110 94
138 110 106
138 110 110
138 110 122
138 110 126
138 110 138
138 110 142
138 110 154
138 110 158
138 122 42
138 122 46
138 122 58
138 122 62
138 122 74
138 122 78
138 122 90
138 122 94
138 122 106
138 122 110
138 122 122
138 122 126
138 122 138
138 122 142
138 122 154
138 122 158
138 126 42
138 126 46
138 126 58
138 126 62
138 126 74
138 126 78
138 126 90
138 126 94
138 126 106
138 126 110
138 126 122
138 126 126
138 126 138
138 126 142
138 126 154
138 126 158
138 138 42
138 138 46
138 138 58
138 138 62
138 138 74
138 138 78
138 138 90
138 138 94
138 138 106
138 138 110
138 138 122
138 138 126
138 138 138
138 138 142
138 138 154
138 138 158
138 142 42
138 142 46
138 142 58
138 142 62
138 142 74
138 142 78
138 142 90
138 142 94
138 142 106
138 142 110
138 142 122
138 142 126
138 142 138
138 142 142
138 142 154
138 142 158
138 154 42
138 154 46
138 154 58
138 154 62
138 154 74
138 154 78
138 154 90
138 154 94
138 154 106
138 154 110
138 154 122
138 154 126
138 154 138
138 154 142
138 154 154
138 154 158
138 158 42
138 158 46
138 158 58
138 158 62
138 158 74
138 158 78
138 158 90
138 158 94
138 158 106
138 158 110
138 158 122
138 158 126
138 158 138
138 158 142
138 158 154
138 158 158
142 42 42
142 42 46
142 42 58
142 42 62
142 42 74
142 42 78
142 42 90
142 42 94
142 42 106
142 42 110
142 42 122
142 42 126
142 42 138
142 42 142
142 42 154
142 42 158
142 46 42
142 46 46
142 46 58
142 46 62
142 46 74
142 46 78
142 46 90
142 46 94
142 46 106
142 46 110
142 46 122
142 46 126
142 46 138
142 46 142
142 46 154
142 46 158
142 58 42
142 58 46
142 58 58
142 58 62
142 58 74
142 58 78
142 58 90
142 58 94
142 58 106
142 58 110
142 58 122
142 58 126
142 58 138
142 58 142
142 58 154
142 58 158
142 62 42
142 62 46
142 62 58
142 62 62
142 62 74
142 62 78
142 62 90
142 62 94
142 62 106
142 62 110
142 62 122
142 62 126
142 62 138
142 62 142
142 62 154
142 62 158
142 74 42
142 74 46
142 74 58
142 74 62
142 74 74
142 74 78
142 74 90
142 74 94
142 74 106
142 74 110
142 74 122
142 74 126
142 74 138
142 74 142
142 74 154
142 74 158
142 78 42
142 78 46
142 78 58
142 78 62
142 78 74
142 78 78
142 78 90
142 78 94
142 78 106
142 78 110
142 78 122
142 78 126
142 78 138
142 78 142
142 78 154
142 78 158
142 90 42
142 90 46
142 90 58
142 90 62
142 90 74
142 90 78
142 90 90
142 90 94
142 90 106
142 90 110
142 90 122
142 90 126
142 90 138
142 90 142
142 90 154
142 90 158
142 94 42
142 94 46
142 94 58
142 94 62
142 94 74
142 94 78
142 94 90
142 94 94
142 94 106
142 94 110
142 94 122
142 94 126
142 94 138
142 94 142
142 94 154
142 94 158
142 106 42
142 106 46
142 106 58
142 106 62
142 106 74
142 106 78
142 106 90
142 106 94
142 106 106
142 106 110
142 106 122
142 106 126
142 106 138
142 106 142
142 106 154
142 106 158
142 110 42
142 110 46
142 110 58
142 110 62
142 110 74
142 110 78
142 110 90
142 110 94
142 110 106
142 110 110
142 110 122
142 110 126
142 110 138
142 110 142
142 110 154
142 110 158
142 122 42
142 122 46
142 122 58
142 122 62
142 122 74
142 122 78
142 122 90
142 122 94
142 122 106
142 122 110
142 122 122
142 122 126
142 122 138
142 122 142
142 122 154
142 122 158
142 126 42
142 126 46
142 126 58
142 126 62
142 126 74
142 126 78
142 126 90
142 126 94
142 126 106
142 126 110
142 126 122
142 126 126
142 126 138
142 126 142
142 126 154
142 126 158
142 138 42
142 138 46
142 138 58
142 138 62
142 138 74
142 138 78
142 138 90
142 138 94
142 138 106
142 138 110
142 138 122
142 138 126
142 138 138
142 138 142
142 138 154
142 138 158
142 142 42
142 142 46
142 142 58
142 142 62
142 142 74
142 142 78
142 142 90
142 142 94
142 142 106
142 142 110
142 142 122
142 142 126
142 142 138
142 142 142
142 142 154
142 142 158
142 154 42
142 154 46
142 154 58
142 154 62
142 154 74
142 154 78
142 154 90
142 154 94
142 154 106
142 154 110
142 154 122
142 154 126
142 154 138
142 154 142
142 154 154
142 154 158
142 158 42
142 158 46
142 158 58
142 158 62
142 158 74
142 158 78
142 158 90
142 158 94
142 158 106
142 158 110
142 158 122
142 158 126
142 158 138
142 158 142
142 158 154
142 158 158
154 42 42
154 42 46
154 42 58
154 42 62
154 42 74
154 42 78
154 42 90
154 42 94
154 42 106
154 42 110
154 42 122
154 42 126
154 42 138
154 42 142
154 42 154
154 42 158
154 46 42
154 46 46
154 46 58
154 46 62
154 46 74
154 46 78
154 46 90
154 46 94
154 46 106
154 46 110
154 46 122
154 46 126
154 46 138
154 46 142
154 46 154
154 46 158
154 58 42
154 58 46
154 58 58
154 58 62
154 58 74
154 58 78
154 58 90
154 58 94
154 58 106
154 58 110
154 58 122
154 58 126
154 58 138
154 58 142
154 58 154
154 58 158
154 62 42
154 62 46
154 62 58
154 62 62
154 62 74
154 62 78
154 62 90
154 62 94
154 62 106
154 62 110
154 62 122
154 62 126
154 62 138
154 62 142
154 62 154
154 62 158
154 74 42
154 74 46
154 74 58
154 74 62
154 74 74
154 74 78
154 74 90
154 74 94
154 74 106
154 74 110
154 74 122
154 74 126
154 74 138
154 74 142
154 74 154
154 74 158
154 78 42
154 78 46
154 78 58
154 78 62
154 78 74
154 78 78
154 78 90
154 78 94
154 78 106
154 78 110
154 78 122
154 78 126
154 78 138
154 78 142
154 78 154
154 78 158
154 90 42
154 90 46
154 90 58
154 90 62
154 90 74
154 90 78
154 90 90
154 90 94
154 90 106
154 90 110
154 90 122
154 90 126
154 90 138
154 90 142
154 90 154
154 90 158
154 94 42
154 94 46
154 94 58
154 94 62
154 94 74
154 94 78
154 94 90
154 94 94
154 94 106
154 94 110
154 94 122
154 94 126
154 94 138
154 94 142
154 94 154
154 94 158
154 106 42
154 106 46
154 106 58
154 106 62
154 106 74
154 106 78
154 106 90
154 106 94
154 106 106
154 106 110
154 106 122
154 106 126
154 106 138
154 106 142
154 106 154
154 106 158
154 110 42
154 110 46
154 110 58
154 110 62
154 110 74
154 110 78
154 110 90
154 110 94
154 110 106
154 110 110
154 110 122
154 110 126
154 110 138
154 110 142
154 110 154
154 110 158
154 122 42
154 122 46
154 122 58
154 122 62
154 122 74
154 122 78
154 122 90
154 122 94
154 122 106
154 122 110
154 122 122
154 122 126
154 122 138
154 122 142
154 122 154
154 122 158
154 126 42
154 126 46
154 126 58
154 126 62
154 126 74
154 126 78
154 126 90
154 126 94
154 126 106
154 126 110
154 126 122
154 126 126
154 126 138
154 126 142
154 126 154
154 126 158
154 138 42
154 138 46
154 138 58
154 138 62
154 138 74
154 138 78
154 138 90
154 138 94
154 138 106
154 138 110
154 138 122
154 138 126
154 138 138
154 138 142
154 138 154
154 138 158
154 142 42
154 142 46
154 142 58
154 142 62
154 142 74
154 142 78
154 142 90
154 142 94
154 142 106
154 142 110
154 142 122
154 142 126
154 142 138
154 142 142
154 142 154
154 142 158
154 154 42
154 154 46
154 154 58
154 154 62
154 154 74
154 154 78
154 154 90
154 154 94
154 154 106
154 154 110
154 154 122
154 154 126
154 154 138
154 154 142
154 154 154
154 154 158
154 158 42
154 158 46
154 158 58
154 158 62
154 158 74
154 158 78
154 158 90
154 158 94
154 158 106
154 158 110
154 158 122
154 158 126
154 158 138
154 158 142
154 158 154
154 158 158
158 42 42
158 42 46
158 42 58
158 42 62
158 42 74
158 42 78
158 42 90
158 42 94
158 42 106
158 42 110
158 42 122
158 42 126
158 42 138
158 42 142
158 42 154
158 42 158
158 46 42
158 46 46
158 46 58
158 46 62
158 46 74
158 46 78
158 46 90
158 46 94
158 46 106
158 46 110
158 46 122
158 46 126
158 46 138
158 46 142
158 46 154
158 46 158
158 58 42
158 58 46
158 58 58
158 58 62
158 58 74
158 58 78
158 58 90
158 58 94
158 58 106
158 58 110
158 58 122
158 58 126
158 58 138
158 58 142
158 58 154
158 58 158
158 62 42
158 62 46
158 62 58
158 62 62
158 62 74
158 62 78
158 62 90
158 62 94
158 62 106
158 62 110
158 62 122
158 62 126
158 62 138
158 62 142
158 62 154
158 62 158
158 74 42
158 74 46
158 74 58
158 74 62
158 74 74
158 74 78
158 74 90
158 74 94
158 74 106
158 74 110
158 74 122
158 74 126
158 74 138
158 74 142
158 74 154
158 74 158
158 78 42
158 78 46
158 78 58
158 78 62
158 78 74
158 78 78
158 78 90
158 78 94
158 78 106
158 78 110
158 78 122
158 78 126
158 78 138
158 78 142
158 78 154
158 78 158
158 90 42
158 90 46
158 90 58
158 90 62
158 90 74
158 90 78
158 90 90
158 90 94
158 90 106
158 90 110
158 90 122
158 90 126
158 90 138
158 90 142
158 90 154
158 90 158
158 94 42
158 94 46
158 94 58
158 94 62
158 94 74
158 94 78
158 94 90
158 94 94
158 94 106
158 94 110
158 94 122
158 94 126
158 94 138
158 94 142
158 94 154
158 94 158
158 106 42
158 106 46
158 106 58
158 106 62
158 106 74
158 106 78
158 106 90
158 106 94
158 106 106
158 106 110
158 106 122
158 106 126
158 106 138
158 106 142
158 106 154
158 106 158
158 110 42
158 110 46
158 110 58
158 110 62
158 110 74
158 110 78
158 110 90
158 110 94
158 110 106
158 110 110
158 110 122
158 110 126
158 110 138
158 110 142
158 110 154
158 110 158
158 122 42
158 122 46
158 122 58
158 122 62
158 122 74
158 122 78
158 122 90
158 122 94
158 122 106
158 122 110
158 122 122
158 122 126
158 122 138
158 122 142
158 122 154
158 122 158
158 126 42
158 126 46
158 126 58
158 126 62
158 126 74
158 126 78
158 126 90
158 126 94
158 126 106
158 126 110
158 126 122
158 126 126
158 126 138
158 126 142
158 126 154
158 126 158
158 138 42
158 138 46
158 138 58
158 138 62
158 138 74
158 138 78
158 138 90
158 138 94
158 138 106
158 138 110
158 138 122
158 138 126
158 138 138
158 138 142
158 138 154
158 138 158
158 142 42
158 142 46
158 142 58
158 142 62
158 142 74
158 142 78
158 142 90
158 142 94
158 142 106
158 142 110
158 142 122
158 142 126
158 142 138
158 142 142
158 142 154
158 142 158
158 154 42
158 154 46
158 154 58
158 154 62
158 154 74
158 154 78
158 154 90
158 154 94
158 154 106
158 154 110
158 154 122
158 154 126
158 154 138
158 154 142
158 154 154
158 154 158
158 158 42
158 158 46
158 158 58
158 158 62
158 158 74
158 158 78
158 158 90
158 158 94
158 158 106
158 158 110
158 158 122
158 158 126
158 158 138
158 158 142
158 158 154
158 158 158
