200
44 44 44
44 44 60
44 44 76
44 44 92
44 44 108
44 44 124
44 44 140
44 44 156
44 60 44
44 60 60
44 60 76
44 60 92
44 60 108
44 60 124
44 60 140
44 60 156
44 76 44
44 76 60
44 76 76
44 76 92
44 76 108
44 76 124
44 76 140
44 76 156
44 92 44
44 92 60
44 92 76
44 92 92
44 92 108
44 92 124
44 92 140
44 92 156
44 108 44
44 108 60
44 108 76
44 108 92
44 108 108
44 108 124
44 108 140
44 108 156
44 124 44
44 124 60
44 124 76
44 124 92
44 124 108
44 124 124
44 124 140
44 124 156
44 140 44
44 140 60
44 140 76
44 140 92
44 140 108
44 140 124
44 140 140
44 140 156
44 156 44
44 156 60
44 156 76
44 156 92
44 156 108
44 156 124
44 156 140
44 156 156
60 44 44
60 44 60
60 44 76
60 44 92
60 44 108
60 44 124
60 44 140
60 44 156
60 60 44
60 60 60
60 60 76
60 60 92
60 60 108
60 60 124
60 60 140
60 60 156
60 76 44
60 76 60
60 76 76
60 76 92
60 76 108
60 76 124
60 76 140
60 76 156
60 92 44
60 92 60
60 92 76
60 92 92
60 92 108
60 92 124
60 92 140
60 92 156
60 108 44
60 108 60
60 108 76
60 108 92
60 108 108
60 108 124
60 108 140
60 108 156
60 124 44
60 124 60
60 124 76
60 124 92
60 124 108
60 124 124
60 124 140
60 124 156
60 140 44
60 140 60
60 140 76
60 140 92
60 140 108
60 140 124
60 140 140
60 140 156
60 156 44
60 156 60
60 156 76
60 156 92
60 156 108
60 156 124
60 156 140
60 156 156
76 44 44
76 44 60
76 44 76
76 44 92
76 44 108
76 44 124
76 44 140
76 44 156
76 60 44
76 60 60
76 60 76
76 60 92
76 60 108
76 60 124
76 60 140
76 60 156
76 76 44
76 76 60
76 76 76
76 76 92
76 76 108
76 76 124
76 76 140
76 76 156
76 92 44
76 92 60
76 92 76
76 92 92
76 92 108
76 92 124
76 92 140
76 92 156
76 108 44
76 108 60
76 108 76
76 108 92
76 108 108
76 108 124
76 108 140
76 108 156
76 124 44
76 124 60
76 124 76
76 124 92
76 124 108
76 124 124
76 124 140
76 124 156
76 140 44
76 140 60
76 140 76
76 140 92
76 140 108
76 140 124
76 140 140
76 140 156
76 156 44
76 156 60
76 156 76
76 156 92
76 156 108
76 156 124
76 156 140
76 156 156
92 44 44
92 44 60
92 44 76
92 44 92
92 44 108
92 44 124
92 44 140
92 44 156
92 60 44
92 60 60
92 60 76
92 60 92
92 60 108
92 60 124
92 60 140
92 60 156
92 76 44
92 76 60
92 76 76
92 76 92
92 76 108
92 76 124
92 76 140
92 76 156
92 92 44
92 92 60
92 92 76
92 92 92
92 92 108
92 92 124
92 92 140
92 92 156
92 108 44
92 108 60
92 108 76
92 108 92
92 108 108
92 108 124
92 108 140
92 108 156
92 124 44
92 124 60
92 124 76
92 124 92
92 124 108
92 124 124
92 124 140
92 124 156
92 140 44
92 140 60
92 140 76
92 140 92
92 140 108
92 140 124
92 140 140
92 140 156
92 156 44
92 156 60
92 156 76
92 156 92
92 156 108
92 156 124
92 156 140
92 156 156
108 44 44
108 44 60
108 44 76
108 44 92
108 44 108
108 44 124
108 44 140
108 44 156
108 60 44
108 60 60
108 60 76
108 60 92
108 60 108
108 60 124
108 60 140
108 60 156
108 76 44
108 76 60
108 76 76
108 76 92
108 76 108
108 76 124
108 76 140
108 76 156
108 92 44
108 92 60
108 92 76
108 92 92
108 92 108
108 92 124
108 92 140
108 92 156
108 108 44
108 108 60
108 108 76
108 108 92
108 108 108
108 108 124
108 108 140
108 108 156
108 124 44
108 124 60
108 124 76
108 124 92
108 124 108
108 124 124
108 124 140
108 124 156
108 140 44
108 140 60
108 140 76
108 140 92
108 140 108
108 140 124
108 140 140
108 140 156
108 156 44
108 156 60
108 156 76
108 156 92
108 156 108
108 156 124
108 156 140
108 156 156
124 44 44
124 44 60
124 44 76
124 44 92
124 44 108
124 44 124
124 44 140
124 44 156
124 60 44
124 60 60
124 60 76
124 60 92
124 60 108
124 60 124
124 60 140
124 60 156
124 76 44
124 76 60
124 76 76
124 76 92
124 76 108
124 76 124
124 76 140
124 76 156
124 92 44
124 92 60
124 92 76
124 92 92
124 92 108
124 92 124
124 92 140
124 92 156
124 108 44
124 108 60
124 108 76
124 108 92
124 108 108
124 108 124
124 108 140
124 108 156
124 124 44
124 124 60
124 124 76
124 124 92
124 124 108
124 124 124
124 124 140
124 124 156
124 140 44
124 140 60
124 140 76
124 140 92
124 140 108
124 140 124
124 140 140
124 140 156
124 156 44
124 156 60
124 156 76
124 156 92
124 156 108
124 156 124
124 156 140
124 156 156
140 44 44
140 44 60
140 44 76
140 44 92
140 44 108
140 44 124
140 44 140
140 44 156
140 60 44
140 60 60
140 60 76
140 60 92
140 60 108
140 60 124
140 60 140
140 60 156
140 76 44
140 76 60
140 76 76
140 76 92
140 76 108
140 76 124
140 76 140
140 76 156
140 92 44
140 92 60
140 92 76
140 92 92
140 92 108
140 92 124
140 92 140
140 92 156
140 108 44
140 108 60
140 108 76
140 108 92
140 108 108
140 108 124
140 108 140
140 108 156
140 124 44
140 124 60
140 124 76
140 124 92
140 124 108
140 124 124
140 124 140
140 124 156
140 140 44
140 140 60
140 140 76
140 140 92
140 140 108
140 140 124
140 140 140
140 140 156
140 156 44
140 156 60
140 156 76
140 156 92
140 156 108
140 156 124
140 156 140
140 156 156
156 44 44
156 44 60
156 44 76
156 44 92
156 44 108
156 44 124
156 44 140
156 44 156
156 60 44
156 60 60
156 60 76
156 60 92
156 60 108
156 60 124
156 60 140
156 60 156
156 76 44
156 76 60
156 76 76
156 76 92
156 76 108
156 76 124
156 76 140
156 76 156
156 92 44
156 92 60
156 92 76
156 92 92
156 92 108
156 92 124
156 92 140
156 92 156
156 108 44
156 108 60
156 108 76
156 108 92
156 108 108
156 108 124
156 108 140
156 108 156
156 124 44
156 124 60
156 124 76
156 124 92
156 124 108
156 124 124
156 124 140
156 124 156
156 140 44
156 140 60
156 140 76
156 140 92
156 140 108
156 140 124
156 140 140
156 140 156
156 156 44
156 156 60
156 156 76
156 156 92
156 156 108
156 156 124
156 156 140
156 156 156
