200
4 4 4
4 4 12
4 4 16
4 4 24
4 4 48
4 4 56
4 4 80
4 4 88
4 4 112
4 4 120
4 4 144
4 4 152
4 4 176
4 4 192
4 12 4
4 12 12
4 12 16
4 12 24
4 12 48
4 12 56
4 12 80
4 12 88
4 12 112
4 12 120
4 12 144
4 12 152
4 12 176
4 12 192
4 16 4
4 16 12
4 16 16
4 16 24
4 16 48
4 16 56
4 16 80
4 16 88
4 16 112
4 16 120
4 16 144
4 16 152
4 16 176
4 16 192
4 24 4
4 24 12
4 24 16
4 24 24
4 24 48
4 24 56
4 24 80
4 24 88
4 24 112
4 24 120
4 24 144
4 24 152
4 24 176
4 24 192
4 48 4
4 48 12
4 48 16
4 48 24
4 48 48
4 48 56
4 48 80
4 48 88
4 48 112
4 48 120
4 48 144
4 48 152
4 48 176
4 48 192
4 56 4
4 56 12
4 56 16
4 56 24
4 56 48
4 56 56
4 56 80
4 56 88
4 56 112
4 56 120
4 56 144
4 56 152
4 56 176
4 56 192
4 80 4
4 80 12
4 80 16
4 80 24
4 80 48
4 80 56
4 80 80
4 80 88
4 80 112
4 80 120
4 80 144
4 80 152
4 80 176
4 80 192
4 88 4
4 88 12
4 88 16
4 88 24
4 88 48
4 88 56
4 88 80
4 88 88
4 88 112
4 88 120
4 88 144
4 88 152
4 88 176
4 88 192
4 112 4
4 112 12
4 112 16
4 112 24
4 112 48
4 112 56
4 112 80
4 112 88
4 112 112
4 112 120
4 112 144
4 112 152
4 112 176
4 112 192
4 120 4
4 120 12
4 120 16
4 120 24
4 120 48
4 120 56
4 120 80
4 120 88
4 120 112
4 120 120
4 120 144
4 120 152
4 120 176
4 120 192
4 144 4
4 144 12
4 144 16
4 144 24
4 144 48
4 144 56
4 144 80
4 144 88
4 144 112
4 144 120
4 144 144
4 144 152
4 144 176
4 144 192
4 152 4
4 152 12
4 152 16
4 152 24
4 152 48
4 152 56
4 152 80
4 152 88
4 152 112
4 152 120
4 152 144
4 152 152
4 152 176
4 152 192
4 176 4
4 176 12
4 176 16
4 176 24
4 176 48
4 176 56
4 176 80
4 176 88
4 176 112
4 176 120
4 176 144
4 176 152
4 176 176
4 176 192
4 192 4
4 192 12
4 192 16
4 192 24
4 192 48
4 192 56
4 192 80
4 192 88
4 192 112
4 192 120
4 192 144
4 192 152
4 192 176
4 192 192
12 4 4
12 4 12
12 4 16
12 4 24
12 4 48
12 4 56
12 4 80
12 4 88
12 4 112
12 4 120
12 4 144
12 4 152
12 4 176
12 4 192
12 12 4
12 12 12
12 12 16
12 12 24
12 12 48
12 12 56
12 12 80
12 12 88
12 12 112
12 12 120
12 12 144
12 12 152
12 12 176
12 12 192
12 16 4
12 16 12
12 16 16
12 16 24
12 16 48
12 16 56
12 16 80
12 16 88
12 16 112
12 16 120
12 16 144
12 16 152
12 16 176
12 16 192
12 24 4
12 24 12
12 24 16
12 24 24
12 24 48
12 24 56
12 24 80
12 24 88
12 24 112
12 24 120
12 24 144
12 24 152
12 24 176
12 24 192
12 48 4
12 48 12
12 48 16
12 48 24
12 48 48
12 48 56
12 48 80
12 48 88
12 48 112
12 48 120
12 48 144
12 48 152
12 48 176
12 48 192
12 56 4
12 56 12
12 56 16
12 56 24
12 56 48
12 56 56
12 56 80
12 56 88
12 56 112
12 56 120
12 56 144
12 56 152
12 56 176
12 56 192
12 80 4
12 80 12
12 80 16
12 80 24
12 80 48
12 80 56
12 80 80
12 80 88
12 80 112
12 80 120
12 80 144
12 80 152
12 80 176
12 80 192
12 88 4
12 88 12
12 88 16
12 88 24
12 88 48
12 88 56
12 88 80
12 88 88
12 88 112
12 88 120
12 88 144
12 88 152
12 88 176
12 88 192
12 112 4
12 112 12
12 112 16
12 112 24
12 112 48
12 112 56
12 112 80
12 112 88
12 112 112
12 112 120
12 112 144
12 112 152
12 112 176
12 112 192
12 120 4
12 120 12
12 120 16
12 120 24
12 120 48
12 120 56
12 120 80
12 120 88
12 120 112
12 120 120
12 120 144
12 120 152
12 120 176
12 120 192
12 144 4
12 144 12
12 144 16
12 144 24
12 144 48
12 144 56
12 144 80
12 144 88
12 144 112
12 144 120
12 144 144
12 144 152
12 144 176
12 144 192
12 152 4
12 152 12
12 152 16
12 152 24
12 152 48
12 152 56
12 152 80
12 152 88
12 152 112
12 152 120
12 152 144
12 152 152
12 152 176
12 152 192
12 176 4
12 176 12
12 176 16
12 176 24
12 176 48
12 176 56
12 176 80
12 176 88
12 176 112
12 176 120
12 176 144
12 176 152
12 176 176
12 176 192
12 192 4
12 192 12
12 192 16
12 192 24
12 192 48
12 192 56
12 192 80
12 192 88
12 192 112
12 192 120
12 192 144
12 192 152
12 192 176
12 192 192
16 4 4
16 4 12
16 4 16
16 4 24
16 4 48
16 4 56
16 4 80
16 4 88
16 4 112
16 4 120
16 4 144
16 4 152
16 4 176
16 4 192
16 12 4
16 12 12
16 12 16
16 12 24
16 12 48
16 12 56
16 12 80
16 12 88
16 12 112
16 12 120
16 12 144
16 12 152
16 12 176
16 12 192
16 16 4
16 16 12
16 16 16
16 16 24
16 16 48
16 16 56
16 16 80
16 16 88
16 16 112
16 16 120
16 16 144
16 16 152
16 16 176
16 16 192
16 24 4
16 24 12
16 24 16
16 24 24
16 24 48
16 24 56
16 24 80
16 24 88
16 24 112
16 24 120
16 24 144
16 24 152
16 24 176
16 24 192
16 48 4
16 48 12
16 48 16
16 48 24
16 48 48
16 48 56
16 48 80
16 48 88
16 48 112
16 48 120
16 48 144
16 48 152
16 48 176
16 48 192
16 56 4
16 56 12
16 56 16
16 56 24
16 56 48
16 56 56
16 56 80
16 56 88
16 56 112
16 56 120
16 56 144
16 56 152
16 56 176
16 56 192
16 80 4
16 80 12
16 80 16
16 80 24
16 80 48
16 80 56
16 80 80
16 80 88
16 80 112
16 80 120
16 80 144
16 80 152
16 80 176
16 80 192
16 88 4
16 88 12
16 88 16
16 88 24
16 88 48
16 88 56
16 88 80
16 88 88
16 88 112
16 88 120
16 88 144
16 88 152
16 88 176
16 88 192
16 112 4
16 112 12
16 112 16
16 112 24
16 112 48
16 112 56
16 112 80
16 112 88
16 112 112
16 112 120
16 112 144
16 112 152
16 112 176
16 112 192
16 120 4
16 120 12
16 120 16
16 120 24
16 120 48
16 120 56
16 120 80
16 120 88
16 120 112
16 120 120
16 120 144
16 120 152
16 120 176
16 120 192
16 144 4
16 144 12
16 144 16
16 144 24
16 144 48
16 144 56
16 144 80
16 144 88
16 144 112
16 144 120
16 144 144
16 144 152
16 144 176
16 144 192
16 152 4
16 152 12
16 152 16
16 152 24
16 152 48
16 152 56
16 152 80
16 152 88
16 152 112
16 152 120
16 152 144
16 152 152
16 152 176
16 152 192
16 176 4
16 176 12
16 176 16
16 176 24
16 176 48
16 176 56
16 176 80
16 176 88
16 176 112
16 176 120
16 176 144
16 176 152
16 176 176
16 176 192
16 192 4
16 192 12
16 192 16
16 192 24
16 192 48
16 192 56
16 192 80
16 192 88
16 192 112
16 192 120
16 192 144
16 192 152
16 192 176
16 192 192
24 4 4
24 4 12
24 4 16
24 4 24
24 4 48
24 4 56
24 4 80
24 4 88
24 4 112
24 4 120
24 4 144
24 4 152
24 4 176
24 4 192
24 12 4
24 12 12
24 12 16
24 12 24
24 12 48
24 12 56
24 12 80
24 12 88
24 12 112
24 12 120
24 12 144
24 12 152
24 12 176
24 12 192
24 16 4
24 16 12
24 16 16
24 16 24
24 16 48
24 16 56
24 16 80
24 16 88
24 16 112
24 16 120
24 16 144
24 16 152
24 16 176
24 16 192
24 24 4
24 24 12
24 24 16
24 24 24
24 24 48
24 24 56
24 24 80
24 24 88
24 24 112
24 24 120
24 24 144
24 24 152
24 24 176
24 24 192
24 48 4
24 48 12
24 48 16
24 48 24
24 48 48
24 48 56
24 48 80
24 48 88
24 48 112
24 48 120
24 48 144
24 48 152
24 48 176
24 48 192
24 56 4
24 56 12
24 56 16
24 56 24
24 56 48
24 56 56
24 56 80
24 56 88
24 56 112
24 56 120
24 56 144
24 56 152
24 56 176
24 56 192
24 80 4
24 80 12
24 80 16
24 80 24
24 80 48
24 80 56
24 80 80
24 80 88
24 80 112
24 80 120
24 80 144
24 80 152
24 80 176
24 80 192
24 88 4
24 88 12
24 88 16
24 88 24
24 88 48
24 88 56
24 88 80
24 88 88
24 88 112
24 88 120
24 88 144
24 88 152
24 88 176
24 88 192
24 112 4
24 112 12
24 112 16
24 112 24
24 112 48
24 112 56
24 112 80
24 112 88
24 112 112
24 112 120
24 112 144
24 112 152
24 112 176
24 112 192
24 120 4
24 120 12
24 120 16
24 120 24
24 120 48
24 120 56
24 120 80
24 120 88
24 120 112
24 120 120
24 120 144
24 120 152
24 120 176
24 120 192
24 144 4
24 144 12
24 144 16
24 144 24
24 144 48
24 144 56
24 144 80
24 144 88
24 144 112
24 144 120
24 144 144
24 144 152
24 144 176
24 144 192
24 152 4
24 152 12
24 152 16
24 152 24
24 152 48
24 152 56
24 152 80
24 152 88
24 152 112
24 152 120
24 152 144
24 152 152
24 152 176
24 152 192
24 176 4
24 176 12
24 176 16
24 176 24
24 176 48
24 176 56
24 176 80
24 176 88
24 176 112
24 176 120
24 176 144
24 176 152
24 176 176
24 176 192
24 192 4
24 192 12
24 192 16
24 192 24
24 192 48
24 192 56
24 192 80
24 192 88
24 192 112
24 192 120
24 192 144
24 192 152
24 192 176
24 192 192
48 4 4
48 4 12
48 4 16
48 4 24
48 4 48
48 4 56
48 4 80
48 4 88
48 4 112
48 4 120
48 4 144
48 4 152
48 4 176
48 4 192
48 12 4
48 12 12
48 12 16
48 12 24
48 12 48
48 12 56
48 12 80
48 12 88
48 12 112
48 12 120
48 12 144
48 12 152
48 12 176
48 12 192
48 16 4
48 16 12
48 16 16
48 16 24
48 16 48
48 16 56
48 16 80
48 16 88
48 16 112
48 16 120
48 16 144
48 16 152
48 16 176
48 16 192
48 24 4
48 24 12
48 24 16
48 24 24
48 24 48
48 24 56
48 24 80
48 24 88
48 24 112
48 24 120
48 24 144
48 24 152
48 24 176
48 24 192
48 48 4
48 48 12
48 48 16
48 48 24
48 48 48
48 48 56
48 48 80
48 48 88
48 48 112
48 48 120
48 48 144
48 48 152
48 48 176
48 48 192
48 56 4
48 56 12
48 56 16
48 56 24
48 56 48
48 56 56
48 56 80
48 56 88
48 56 112
48 56 120
48 56 144
48 56 152
48 56 176
48 56 192
48 80 4
48 80 12
48 80 16
48 80 24
48 80 48
48 80 56
48 80 80
48 80 88
48 80 112
48 80 120
48 80 144
48 80 152
48 80 176
48 80 192
48 88 4
48 88 12
48 88 16
48 88 24
48 88 48
48 88 56
48 88 80
48 88 88
48 88 112
48 88 120
48 88 144
48 88 152
48 88 176
48 88 192
48 112 4
48 112 12
48 112 16
48 112 24
48 112 48
48 112 56
48 112 80
48 112 88
48 112 112
48 112 120
48 112 144
48 112 152
48 112 176
48 112 192
48 120 4
48 120 12
48 120 16
48 120 24
48 120 48
48 120 56
48 120 80
48 120 88
48 120 112
48 120 120
48 120 144
48 120 152
48 120 176
48 120 192
48 144 4
48 144 12
48 144 16
48 144 24
48 144 48
48 144 56
48 144 80
48 144 88
48 144 112
48 144 120
48 144 144
48 144 152
48 144 176
48 144 192
48 152 4
48 152 12
48 152 16
48 152 24
48 152 48
48 152 56
48 152 80
48 152 88
48 152 112
48 152 120
48 152 144
48 152 152
48 152 176
48 152 192
48 176 4
48 176 12
48 176 16
48 176 24
48 176 48
48 176 56
48 176 80
48 176 88
48 176 112
48 176 120
48 176 144
48 176 152
48 176 176
48 176 192
48 192 4
48 192 12
48 192 16
48 192 24
48 192 48
48 192 56
48 192 80
48 192 88
48 192 112
48 192 120
48 192 144
48 192 152
48 192 176
48 192 192
56 4 4
56 4 12
56 4 16
56 4 24
56 4 48
56 4 56
56 4 80
56 4 88
56 4 112
56 4 120
56 4 144
56 4 152
56 4 176
56 4 192
56 12 4
56 12 12
56 12 16
56 12 24
56 12 48
56 12 56
56 12 80
56 12 88
56 12 112
56 12 120
56 12 144
56 12 152
56 12 176
56 12 192
56 16 4
56 16 12
56 16 16
56 16 24
56 16 48
56 16 56
56 16 80
56 16 88
56 16 112
56 16 120
56 16 144
56 16 152
56 16 176
56 16 192
56 24 4
56 24 12
56 24 16
56 24 24
56 24 48
56 24 56
56 24 80
56 24 88
56 24 112
56 24 120
56 24 144
56 24 152
56 24 176
56 24 192
56 48 4
56 48 12
56 48 16
56 48 24
56 48 48
56 48 56
56 48 80
56 48 88
56 48 112
56 48 120
56 48 144
56 48 152
56 48 176
56 48 192
56 56 4
56 56 12
56 56 16
56 56 24
56 56 48
56 56 56
56 56 80
56 56 88
56 56 112
56 56 120
56 56 144
56 56 152
56 56 176
56 56 192
56 80 4
56 80 12
56 80 16
56 80 24
56 80 48
56 80 56
56 80 80
56 80 88
56 80 112
56 80 120
56 80 144
56 80 152
56 80 176
56 80 192
56 88 4
56 88 12
56 88 16
56 88 24
56 88 48
56 88 56
56 88 80
56 88 88
56 88 112
56 88 120
56 88 144
56 88 152
56 88 176
56 88 192
56 112 4
56 112 12
56 112 16
56 112 24
56 112 48
56 112 56
56 112 80
56 112 88
56 112 112
56 112 120
56 112 144
56 112 152
56 112 176
56 112 192
56 120 4
56 120 12
56 120 16
56 120 24
56 120 48
56 120 56
56 120 80
56 120 88
56 120 112
56 120 120
56 120 144
56 120 152
56 120 176
56 120 192
56 144 4
56 144 12
56 144 16
56 144 24
56 144 48
56 144 56
56 144 80
56 144 88
56 144 112
56 144 120
56 144 144
56 144 152
56 144 176
56 144 192
56 152 4
56 152 12
56 152 16
56 152 24
56 152 48
56 152 56
56 152 80
56 152 88
56 152 112
56 152 120
56 152 144
56 152 152
56 152 176
56 152 192
56 176 4
56 176 12
56 176 16
56 176 24
56 176 48
56 176 56
56 176 80
56 176 88
56 176 112
56 176 120
56 176 144
56 176 152
56 176 176
56 176 192
56 192 4
56 192 12
56 192 16
56 192 24
56 192 48
56 192 56
56 192 80
56 192 88
56 192 112
56 192 120
56 192 144
56 192 152
56 192 176
56 192 192
80 4 4
80 4 12
80 4 16
80 4 24
80 4 48
80 4 56
80 4 80
80 4 88
80 4 112
80 4 120
80 4 144
80 4 152
80 4 176
80 4 192
80 12 4
80 12 12
80 12 16
80 12 24
80 12 48
80 12 56
80 12 80
80 12 88
80 12 112
80 12 120
80 12 144
80 12 152
80 12 176
80 12 192
80 16 4
80 16 12
80 16 16
80 16 24
80 16 48
80 16 56
80 16 80
80 16 88
80 16 112
80 16 120
80 16 144
80 16 152
80 16 176
80 16 192
80 24 4
80 24 12
80 24 16
80 24 24
80 24 48
80 24 56
80 24 80
80 24 88
80 24 112
80 24 120
80 24 144
80 24 152
80 24 176
80 24 192
80 48 4
80 48 12
80 48 16
80 48 24
80 48 48
80 48 56
80 48 80
80 48 88
80 48 112
80 48 120
80 48 144
80 48 152
80 48 176
80 48 192
80 56 4
80 56 12
80 56 16
80 56 24
80 56 48
80 56 56
80 56 80
80 56 88
80 56 112
80 56 120
80 56 144
80 56 152
80 56 176
80 56 192
80 80 4
80 80 12
80 80 16
80 80 24
80 80 48
80 80 56
80 80 80
80 80 88
80 80 112
80 80 120
80 80 144
80 80 152
80 80 176
80 80 192
80 88 4
80 88 12
80 88 16
80 88 24
80 88 48
80 88 56
80 88 80
80 88 88
80 88 112
80 88 120
80 88 144
80 88 152
80 88 176
80 88 192
80 112 4
80 112 12
80 112 16
80 112 24
80 112 48
80 112 56
80 112 80
80 112 88
80 112 112
80 112 120
80 112 144
80 112 152
80 112 176
80 112 192
80 120 4
80 120 12
80 120 16
80 120 24
80 120 48
80 120 56
80 120 80
80 120 88
80 120 112
80 120 120
80 120 144
80 120 152
80 120 176
80 120 192
80 144 4
80 144 12
80 144 16
80 144 24
80 144 48
80 144 56
80 144 80
80 144 88
80 144 112
80 144 120
80 144 144
80 144 152
80 144 176
80 144 192
80 152 4
80 152 12
80 152 16
80 152 24
80 152 48
80 152 56
80 152 80
80 152 88
80 152 112
80 152 120
80 152 144
80 152 152
80 152 176
80 152 192
80 176 4
80 176 12
80 176 16
80 176 24
80 176 48
80 176 56
80 176 80
80 176 88
80 176 112
80 176 120
80 176 144
80 176 152
80 176 176
80 176 192
80 192 4
80 192 12
80 192 16
80 192 24
80 192 48
80 192 56
80 192 80
80 192 88
80 192 112
80 192 120
80 192 144
80 192 152
80 192 176
80 192 192
88 4 4
88 4 12
88 4 16
88 4 24
88 4 48
88 4 56
88 4 80
88 4 88
88 4 112
88 4 120
88 4 144
88 4 152
88 4 176
88 4 192
88 12 4
88 12 12
88 12 16
88 12 24
88 12 48
88 12 56
88 12 80
88 12 88
88 12 112
88 12 120
88 12 144
88 12 152
88 12 176
88 12 192
88 16 4
88 16 12
88 16 16
88 16 24
88 16 48
88 16 56
88 16 80
88 16 88
88 16 112
88 16 120
88 16 144
88 16 152
88 16 176
88 16 192
88 24 4
88 24 12
88 24 16
88 24 24
88 24 48
88 24 56
88 24 80
88 24 88
88 24 112
88 24 120
88 24 144
88 24 152
88 24 176
88 24 192
88 48 4
88 48 12
88 48 16
88 48 24
88 48 48
88 48 56
88 48 80
88 48 88
88 48 112
88 48 120
88 48 144
88 48 152
88 48 176
88 48 192
88 56 4
88 56 12
88 56 16
88 56 24
88 56 48
88 56 56
88 56 80
88 56 88
88 56 112
88 56 120
88 56 144
88 56 152
88 56 176
88 56 192
88 80 4
88 80 12
88 80 16
88 80 24
88 80 48
88 80 56
88 80 80
88 80 88
88 80 112
88 80 120
88 80 144
88 80 152
88 80 176
88 80 192
88 88 4
88 88 12
88 88 16
88 88 24
88 88 48
88 88 56
88 88 80
88 88 88
88 88 112
88 88 120
88 88 144
88 88 152
88 88 176
88 88 192
88 112 4
88 112 12
88 112 16
88 112 24
88 112 48
88 112 56
88 112 80
88 112 88
88 112 112
88 112 120
88 112 144
88 112 152
88 112 176
88 112 192
88 120 4
88 120 12
88 120 16
88 120 24
88 120 48
88 120 56
88 120 80
88 120 88
88 120 112
88 120 120
88 120 144
88 120 152
88 120 176
88 120 192
88 144 4
88 144 12
88 144 16
88 144 24
88 144 48
88 144 56
88 144 80
88 144 88
88 144 112
88 144 120
88 144 144
88 144 152
88 144 176
88 144 192
88 152 4
88 152 12
88 152 16
88 152 24
88 152 48
88 152 56
88 152 80
88 152 88
88 152 112
88 152 120
88 152 144
88 152 152
88 152 176
88 152 192
88 176 4
88 176 12
88 176 16
88 176 24
88 176 48
88 176 56
88 176 80
88 176 88
88 176 112
88 176 120
88 176 144
88 176 152
88 176 176
88 176 192
88 192 4
88 192 12
88 192 16
88 192 24
88 192 48
88 192 56
88 192 80
88 192 88
88 192 112
88 192 120
88 192 144
88 192 152
88 192 176
88 192 192
112 4 4
112 4 12
112 4 16
112 4 24
112 4 48
112 4 56
112 4 80
112 4 88
112 4 112
112 4 120
112 4 144
112 4 152
112 4 176
112 4 192
112 12 4
112 12 12
112 12 16
112 12 24
112 12 48
112 12 56
112 12 80
112 12 88
112 12 112
112 12 120
112 12 144
112 12 152
112 12 176
112 12 192
112 16 4
112 16 12
112 16 16
112 16 24
112 16 48
112 16 56
112 16 80
112 16 88
112 16 112
112 16 120
112 16 144
112 16 152
112 16 176
112 16 192
112 24 4
112 24 12
112 24 16
112 24 24
112 24 48
112 24 56
112 24 80
112 24 88
112 24 112
112 24 120
112 24 144
112 24 152
112 24 176
112 24 192
112 48 4
112 48 12
112 48 16
112 48 24
112 48 48
112 48 56
112 48 80
112 48 88
112 48 112
112 48 120
112 48 144
112 48 152
112 48 176
112 48 192
112 56 4
112 56 12
112 56 16
112 56 24
112 56 48
112 56 56
112 56 80
112 56 88
112 56 112
112 56 120
112 56 144
112 56 152
112 56 176
112 56 192
112 80 4
112 80 12
112 80 16
112 80 24
112 80 48
112 80 56
112 80 80
112 80 88
112 80 112
112 80 120
112 80 144
112 80 152
112 80 176
112 80 192
112 88 4
112 88 12
112 88 16
112 88 24
112 88 48
112 88 56
112 88 80
112 88 88
112 88 112
112 88 120
112 88 144
112 88 152
112 88 176
112 88 192
112 112 4
112 112 12
112 112 16
112 112 24
112 112 48
112 112 56
112 112 80
112 112 88
112 112 112
112 112 120
112 112 144
112 112 152
112 112 176
112 112 192
112 120 4
112 120 12
112 120 16
112 120 24
112 120 48
112 120 56
112 120 80
112 120 88
112 120 112
112 120 120
112 120 144
112 120 152
112 120 176
112 120 192
112 144 4
112 144 12
112 144 16
112 144 24
112 144 48
112 144 56
112 144 80
112 144 88
112 144 112
112 144 120
112 144 144
112 144 152
112 144 176
112 144 192
112 152 4
112 152 12
112 152 16
112 152 24
112 152 48
112 152 56
112 152 80
112 152 88
112 152 112
112 152 120
112 152 144
112 152 152
112 152 176
112 152 192
112 176 4
112 176 12
112 176 16
112 176 24
112 176 48
112 176 56
112 176 80
112 176 88
112 176 112
112 176 120
112 176 144
112 176 152
112 176 176
112 176 192
112 192 4
112 192 12
112 192 16
112 192 24
112 192 48
112 192 56
112 192 80
112 192 88
112 192 112
112 192 120
112 192 144
112 192 152
112 192 176
112 192 192
120 4 4
120 4 12
120 4 16
120 4 24
120 4 48
120 4 56
120 4 80
120 4 88
120 4 112
120 4 120
120 4 144
120 4 152
120 4 176
120 4 192
120 12 4
120 12 12
120 12 16
120 12 24
120 12 48
120 12 56
120 12 80
120 12 88
120 12 112
120 12 120
120 12 144
120 12 152
120 12 176
120 12 192
120 16 4
120 16 12
120 16 16
120 16 24
120 16 48
120 16 56
120 16 80
120 16 88
120 16 112
120 16 120
120 16 144
120 16 152
120 16 176
120 16 192
120 24 4
120 24 12
120 24 16
120 24 24
120 24 48
120 24 56
120 24 80
120 24 88
120 24 112
120 24 120
120 24 144
120 24 152
120 24 176
120 24 192
120 48 4
120 48 12
120 48 16
120 48 24
120 48 48
120 48 56
120 48 80
120 48 88
120 48 112
120 48 120
120 48 144
120 48 152
120 48 176
120 48 192
120 56 4
120 56 12
120 56 16
120 56 24
120 56 48
120 56 56
120 56 80
120 56 88
120 56 112
120 56 120
120 56 144
120 56 152
120 56 176
120 56 192
120 80 4
120 80 12
120 80 16
120 80 24
120 80 48
120 80 56
120 80 80
120 80 88
120 80 112
120 80 120
120 80 144
120 80 152
120 80 176
120 80 192
120 88 4
120 88 12
120 88 16
120 88 24
120 88 48
120 88 56
120 88 80
120 88 88
120 88 112
120 88 120
120 88 144
120 88 152
120 88 176
120 88 192
120 112 4
120 112 12
120 112 16
120 112 24
120 112 48
120 112 56
120 112 80
120 112 88
120 112 112
120 112 120
120 112 144
120 112 152
120 112 176
120 112 192
120 120 4
120 120 12
120 120 16
120 120 24
120 120 48
120 120 56
120 120 80
120 120 88
120 120 112
120 120 120
120 120 144
120 120 152
120 120 176
120 120 192
120 144 4
120 144 12
120 144 16
120 144 24
120 144 48
120 144 56
120 144 80
120 144 88
120 144 112
120 144 120
120 144 144
120 144 152
120 144 176
120 144 192
120 152 4
120 152 12
120 152 16
120 152 24
120 152 48
120 152 56
120 152 80
120 152 88
120 152 112
120 152 120
120 152 144
120 152 152
120 152 176
120 152 192
120 176 4
120 176 12
120 176 16
120 176 24
120 176 48
120 176 56
120 176 80
120 176 88
120 176 112
120 176 120
120 176 144
120 176 152
120 176 176
120 176 192
120 192 4
120 192 12
120 192 16
120 192 24
120 192 48
120 192 56
120 192 80
120 192 88
120 192 112
120 192 120
120 192 144
120 192 152
120 192 176
120 192 192
144 4 4
144 4 12
144 4 16
144 4 24
144 4 48
144 4 56
144 4 80
144 4 88
144 4 112
144 4 120
144 4 144
144 4 152
144 4 176
144 4 192
144 12 4
144 12 12
144 12 16
144 12 24
144 12 48
144 12 56
144 12 80
144 12 88
144 12 112
144 12 120
144 12 144
144 12 152
144 12 176
144 12 192
144 16 4
144 16 12
144 16 16
144 16 24
144 16 48
144 16 56
144 16 80
144 16 88
144 16 112
144 16 120
144 16 144
144 16 152
144 16 176
144 16 192
144 24 4
144 24 12
144 24 16
144 24 24
144 24 48
144 24 56
144 24 80
144 24 88
144 24 112
144 24 120
144 24 144
144 24 152
144 24 176
144 24 192
144 48 4
144 48 12
144 48 16
144 48 24
144 48 48
144 48 56
144 48 80
144 48 88
144 48 112
144 48 120
144 48 144
144 48 152
144 48 176
144 48 192
144 56 4
144 56 12
144 56 16
144 56 24
144 56 48
144 56 56
144 56 80
144 56 88
144 56 112
144 56 120
144 56 144
144 56 152
144 56 176
144 56 192
144 80 4
144 80 12
144 80 16
144 80 24
144 80 48
144 80 56
144 80 80
144 80 88
144 80 112
144 80 120
144 80 144
144 80 152
144 80 176
144 80 192
144 88 4
144 88 12
144 88 16
144 88 24
144 88 48
144 88 56
144 88 80
144 88 88
144 88 112
144 88 120
144 88 144
144 88 152
144 88 176
144 88 192
144 112 4
144 112 12
144 112 16
144 112 24
144 112 48
144 112 56
144 112 80
144 112 88
144 112 112
144 112 120
144 112 144
144 112 152
144 112 176
144 112 192
144 120 4
144 120 12
144 120 16
144 120 24
144 120 48
144 120 56
144 120 80
144 120 88
144 120 112
144 120 120
144 120 144
144 120 152
144 120 176
144 120 192
144 144 4
144 144 12
144 144 16
144 144 24
144 144 48
144 144 56
144 144 80
144 144 88
144 144 112
144 144 120
144 144 144
144 144 152
144 144 176
144 144 192
144 152 4
144 152 12
144 152 16
144 152 24
144 152 48
144 152 56
144 152 80
144 152 88
144 152 112
144 152 120
144 152 144
144 152 152
144 152 176
144 152 192
144 176 4
144 176 12
144 176 16
144 176 24
144 176 48
144 176 56
144 176 80
144 176 88
144 176 112
144 176 120
144 176 144
144 176 152
144 176 176
144 176 192
144 192 4
144 192 12
144 192 16
144 192 24
144 192 48
144 192 56
144 192 80
144 192 88
144 192 112
144 192 120
144 192 144
144 192 152
144 192 176
144 192 192
152 4 4
152 4 12
152 4 16
152 4 24
152 4 48
152 4 56
152 4 80
152 4 88
152 4 112
152 4 120
152 4 144
152 4 152
152 4 176
152 4 192
152 12 4
152 12 12
152 12 16
152 12 24
152 12 48
152 12 56
152 12 80
152 12 88
152 12 112
152 12 120
152 12 144
152 12 152
152 12 176
152 12 192
152 16 4
152 16 12
152 16 16
152 16 24
152 16 48
152 16 56
152 16 80
152 16 88
152 16 112
152 16 120
152 16 144
152 16 152
152 16 176
152 16 192
152 24 4
152 24 12
152 24 16
152 24 24
152 24 48
152 24 56
152 24 80
152 24 88
152 24 112
152 24 120
152 24 144
152 24 152
152 24 176
152 24 192
152 48 4
152 48 12
152 48 16
152 48 24
152 48 48
152 48 56
152 48 80
152 48 88
152 48 112
152 48 120
152 48 144
152 48 152
152 48 176
152 48 192
152 56 4
152 56 12
152 56 16
152 56 24
152 56 48
152 56 56
152 56 80
152 56 88
152 56 112
152 56 120
152 56 144
152 56 152
152 56 176
152 56 192
152 80 4
152 80 12
152 80 16
152 80 24
152 80 48
152 80 56
152 80 80
152 80 88
152 80 112
152 80 120
152 80 144
152 80 152
152 80 176
152 80 192
152 88 4
152 88 12
152 88 16
152 88 24
152 88 48
152 88 56
152 88 80
152 88 88
152 88 112
152 88 120
152 88 144
152 88 152
152 88 176
152 88 192
152 112 4
152 112 12
152 112 16
152 112 24
152 112 48
152 112 56
152 112 80
152 112 88
152 112 112
152 112 120
152 112 144
152 112 152
152 112 176
152 112 192
152 120 4
152 120 12
152 120 16
152 120 24
152 120 48
152 120 56
152 120 80
152 120 88
152 120 112
152 120 120
152 120 144
152 120 152
152 120 176
152 120 192
152 144 4
152 144 12
152 144 16
152 144 24
152 144 48
152 144 56
152 144 80
152 144 88
152 144 112
152 144 120
152 144 144
152 144 152
152 144 176
152 144 192
152 152 4
152 152 12
152 152 16
152 152 24
152 152 48
152 152 56
152 152 80
152 152 88
152 152 112
152 152 120
152 152 144
152 152 152
152 152 176
152 152 192
152 176 4
152 176 12
152 176 16
152 176 24
152 176 48
152 176 56
152 176 80
152 176 88
152 176 112
152 176 120
152 176 144
152 176 152
152 176 176
152 176 192
152 192 4
152 192 12
152 192 16
152 192 24
152 192 48
152 192 56
152 192 80
152 192 88
152 192 112
152 192 120
152 192 144
152 192 152
152 192 176
152 192 192
176 4 4
176 4 12
176 4 16
176 4 24
176 4 48
176 4 56
176 4 80
176 4 88
176 4 112
176 4 120
176 4 144
176 4 152
176 4 176
176 4 192
176 12 4
176 12 12
176 12 16
176 12 24
176 12 48
176 12 56
176 12 80
176 12 88
176 12 112
176 12 120
176 12 144
176 12 152
176 12 176
176 12 192
176 16 4
176 16 12
176 16 16
176 16 24
176 16 48
176 16 56
176 16 80
176 16 88
176 16 112
176 16 120
176 16 144
176 16 152
176 16 176
176 16 192
176 24 4
176 24 12
176 24 16
176 24 24
176 24 48
176 24 56
176 24 80
176 24 88
176 24 112
176 24 120
176 24 144
176 24 152
176 24 176
176 24 192
176 48 4
176 48 12
176 48 16
176 48 24
176 48 48
176 48 56
176 48 80
176 48 88
176 48 112
176 48 120
176 48 144
176 48 152
176 48 176
176 48 192
176 56 4
176 56 12
176 56 16
176 56 24
176 56 48
176 56 56
176 56 80
176 56 88
176 56 112
176 56 120
176 56 144
176 56 152
176 56 176
176 56 192
176 80 4
176 80 12
176 80 16
176 80 24
176 80 48
176 80 56
176 80 80
176 80 88
176 80 112
176 80 120
176 80 144
176 80 152
176 80 176
176 80 192
176 88 4
176 88 12
176 88 16
176 88 24
176 88 48
176 88 56
176 88 80
176 88 88
176 88 112
176 88 120
176 88 144
176 88 152
176 88 176
176 88 192
176 112 4
176 112 12
176 112 16
176 112 24
176 112 48
176 112 56
176 112 80
176 112 88
176 112 112
176 112 120
176 112 144
176 112 152
176 112 176
176 112 192
176 120 4
176 120 12
176 120 16
176 120 24
176 120 48
176 120 56
176 120 80
176 120 88
176 120 112
176 120 120
176 120 144
176 120 152
176 120 176
176 120 192
176 144 4
176 144 12
176 144 16
176 144 24
176 144 48
176 144 56
176 144 80
176 144 88
176 144 112
176 144 120
176 144 144
176 144 152
176 144 176
176 144 192
176 152 4
176 152 12
176 152 16
176 152 24
176 152 48
176 152 56
176 152 80
176 152 88
176 152 112
176 152 120
176 152 144
176 152 152
176 152 176
176 152 192
176 176 4
176 176 12
176 176 16
176 176 24
176 176 48
176 176 56
176 176 80
176 176 88
176 176 112
176 176 120
176 176 144
176 176 152
176 176 176
176 176 192
176 192 4
176 192 12
176 192 16
176 192 24
176 192 48
176 192 56
176 192 80
176 192 88
176 192 112
176 192 120
176 192 144
176 192 152
176 192 176
176 192 192
192 4 4
192 4 12
192 4 16
192 4 24
192 4 48
192 4 56
192 4 80
192 4 88
192 4 112
192 4 120
192 4 144
192 4 152
192 4 176
192 4 192
192 12 4
192 12 12
192 12 16
192 12 24
192 12 48
192 12 56
192 12 80
192 12 88
192 12 112
192 12 120
192 12 144
192 12 152
192 12 176
192 12 192
192 16 4
192 16 12
192 16 16
192 16 24
192 16 48
192 16 56
192 16 80
192 16 88
192 16 112
192 16 120
192 16 144
192 16 152
192 16 176
192 16 192
192 24 4
192 24 12
192 24 16
192 24 24
192 24 48
192 24 56
192 24 80
192 24 88
192 24 112
192 24 120
192 24 144
192 24 152
192 24 176
192 24 192
192 48 4
192 48 12
192 48 16
192 48 24
192 48 48
192 48 56
192 48 80
192 48 88
192 48 112
192 48 120
192 48 144
192 48 152
192 48 176
192 48 192
192 56 4
192 56 12
192 56 16
192 56 24
192 56 48
192 56 56
192 56 80
192 56 88
192 56 112
192 56 120
192 56 144
192 56 152
192 56 176
192 56 192
192 80 4
192 80 12
192 80 16
192 80 24
192 80 48
192 80 56
192 80 80
192 80 88
192 80 112
192 80 120
192 80 144
192 80 152
192 80 176
192 80 192
192 88 4
192 88 12
192 88 16
192 88 24
192 88 48
192 88 56
192 88 80
192 88 88
192 88 112
192 88 120
192 88 144
192 88 152
192 88 176
192 88 192
192 112 4
192 112 12
192 112 16
192 112 24
192 112 48
192 112 56
192 112 80
192 112 88
192 112 112
192 112 120
192 112 144
192 112 152
192 112 176
192 112 192
192 120 4
192 120 12
192 120 16
192 120 24
192 120 48
192 120 56
192 120 80
192 120 88
192 120 112
192 120 120
192 120 144
192 120 152
192 120 176
192 120 192
192 144 4
192 144 12
192 144 16
192 144 24
192 144 48
192 144 56
192 144 80
192 144 88
192 144 112
192 144 120
192 144 144
192 144 152
192 144 176
192 144 192
192 152 4
192 152 12
192 152 16
192 152 24
192 152 48
192 152 56
192 152 80
192 152 88
192 152 112
192 152 120
192 152 144
192 152 152
192 152 176
192 152 192
192 176 4
192 176 12
192 176 16
192 176 24
192 176 48
192 176 56
192 176 80
192 176 88
192 176 112
192 176 120
192 176 144
192 176 152
192 176 176
192 176 192
192 192 4
192 192 12
192 192 16
192 192 24
192 192 48
192 192 56
192 192 80
192 192 88
192 192 112
192 192 120
192 192 144
192 192 152
192 192 176
192 192 192
