200
79 79 79
79 79 80
79 79 81
79 79 87
79 79 88
79 79 89
79 79 111
79 79 112
79 79 113
79 79 119
79 79 120
79 79 121
79 80 79
79 80 80
79 80 81
79 80 87
79 80 88
79 80 89
79 80 111
79 80 112
79 80 113
79 80 119
79 80 120
79 80 121
79 81 79
79 81 80
79 81 81
79 81 87
79 81 88
79 81 89
79 81 111
79 81 112
79 81 113
79 81 119
79 81 120
79 81 121
79 87 79
79 87 80
79 87 81
79 87 87
79 87 88
79 87 89
79 87 111
79 87 112
79 87 113
79 87 119
79 87 120
79 87 121
79 88 79
79 88 80
79 88 81
79 88 87
79 88 88
79 88 89
79 88 111
79 88 112
79 88 113
79 88 119
79 88 120
79 88 121
79 89 79
79 89 80
79 89 81
79 89 87
79 89 88
79 89 89
79 89 111
79 89 112
79 89 113
79 89 119
79 89 120
79 89 121
79 111 79
79 111 80
79 111 81
79 111 87
79 111 88
79 111 89
79 111 111
79 111 112
79 111 113
79 111 119
79 111 120
79 111 121
79 112 79
79 112 80
79 112 81
79 112 87
79 112 88
79 112 89
79 112 111
79 112 112
79 112 113
79 112 119
79 112 120
79 112 121
79 113 79
79 113 80
79 113 81
79 113 87
79 113 88
79 113 89
79 113 111
79 113 112
79 113 113
79 113 119
79 113 120
79 113 121
79 119 79
79 119 80
79 119 81
79 119 87
79 119 88
79 119 89
79 119 111
79 119 112
79 119 113
79 119 119
79 119 120
79 119 121
79 120 79
79 120 80
79 120 81
79 120 87
79 120 88
79 120 89
79 120 111
79 120 112
79 120 113
79 120 119
79 120 120
79 120 121
79 121 79
79 121 80
79 121 81
79 121 87
79 121 88
79 121 89
79 121 111
79 121 112
79 121 113
79 121 119
79 121 120
79 121 121
80 79 79
80 79 80
80 79 81
80 79 87
80 79 88
80 79 89
80 79 111
80 79 112
80 79 113
80 79 119
80 79 120
80 79 121
80 80 79
80 80 81
80 80 87
80 80 89
80 80 111
80 80 113
80 80 119
80 80 121
80 81 79
80 81 80
80 81 81
80 81 87
80 81 88
80 81 89
80 81 111
80 81 112
80 81 113
80 81 119
80 81 120
80 81 121
80 87 79
80 87 80
80 87 81
80 87 87
80 87 88
80 87 89
80 87 111
80 87 112
80 87 113
80 87 119
80 87 120
80 87 121
80 88 79
80 88 81
80 88 87
80 88 89
80 88 111
80 88 113
80 88 119
80 88 121
80 89 79
80 89 80
80 89 81
80 89 87
80 89 88
80 89 89
80 89 111
80 89 112
80 89 113
80 89 119
80 89 120
80 89 121
80 111 79
80 111 80
80 111 81
80 111 87
80 111 88
80 111 89
80 111 111
80 111 112
80 111 113
80 111 119
80 111 120
80 111 121
80 112 79
80 112 81
80 112 87
80 112 89
80 112 111
80 112 113
80 112 119
80 112 121
80 113 79
80 113 80
80 113 81
80 113 87
80 113 88
80 113 89
80 113 111
80 113 112
80 113 113
80 113 119
80 113 120
80 113 121
80 119 79
80 119 80
80 119 81
80 119 87
80 119 88
80 119 89
80 119 111
80 119 112
80 119 113
80 119 119
80 119 120
80 119 121
80 120 79
80 120 81
80 120 87
80 120 89
80 120 111
80 120 113
80 120 119
80 120 121
80 121 79
80 121 80
80 121 81
80 121 87
80 121 88
80 121 89
80 121 111
80 121 112
80 121 113
80 121 119
80 121 120
80 121 121
81 79 79
81 79 80
81 79 81
81 79 87
81 79 88
81 79 89
81 79 111
81 79 112
81 79 113
81 79 119
81 79 120
81 79 121
81 80 79
81 80 80
81 80 81
81 80 87
81 80 88
81 80 89
81 80 111
81 80 112
81 80 113
81 80 119
81 80 120
81 80 121
81 81 79
81 81 80
81 81 81
81 81 87
81 81 88
81 81 89
81 81 111
81 81 112
81 81 113
81 81 119
81 81 120
81 81 121
81 87 79
81 87 80
81 87 81
81 87 87
81 87 88
81 87 89
81 87 111
81 87 112
81 87 113
81 87 119
81 87 120
81 87 121
81 88 79
81 88 80
81 88 81
81 88 87
81 88 88
81 88 89
81 88 111
81 88 112
81 88 113
81 88 119
81 88 120
81 88 121
81 89 79
81 89 80
81 89 81
81 89 87
81 89 88
81 89 89
81 89 111
81 89 112
81 89 113
81 89 119
81 89 120
81 89 121
81 111 79
81 111 80
81 111 81
81 111 87
81 111 88
81 111 89
81 111 111
81 111 112
81 111 113
81 111 119
81 111 120
81 111 121
81 112 79
81 112 80
81 112 81
81 112 87
81 112 88
81 112 89
81 112 111
81 112 112
81 112 113
81 112 119
81 112 120
81 112 121
81 113 79
81 113 80
81 113 81
81 113 87
81 113 88
81 113 89
81 113 111
81 113 112
81 113 113
81 113 119
81 113 120
81 113 121
81 119 79
81 119 80
81 119 81
81 119 87
81 119 88
81 119 89
81 119 111
81 119 112
81 119 113
81 119 119
81 119 120
81 119 121
81 120 79
81 120 80
81 120 81
81 120 87
81 120 88
81 120 89
81 120 111
81 120 112
81 120 113
81 120 119
81 120 120
81 120 121
81 121 79
81 121 80
81 121 81
81 121 87
81 121 88
81 121 89
81 121 111
81 121 112
81 121 113
81 121 119
81 121 120
81 121 121
87 79 79
87 79 80
87 79 81
87 79 87
87 79 88
87 79 89
87 79 111
87 79 112
87 79 113
87 79 119
87 79 120
87 79 121
87 80 79
87 80 80
87 80 81
87 80 87
87 80 88
87 80 89
87 80 111
87 80 112
87 80 113
87 80 119
87 80 120
87 80 121
87 81 79
87 81 80
87 81 81
87 81 87
87 81 88
87 81 89
87 81 111
87 81 112
87 81 113
87 81 119
87 81 120
87 81 121
87 87 79
87 87 80
87 87 81
87 87 87
87 87 88
87 87 89
87 87 111
87 87 112
87 87 113
87 87 119
87 87 120
87 87 121
87 88 79
87 88 80
87 88 81
87 88 87
87 88 88
87 88 89
87 88 111
87 88 112
87 88 113
87 88 119
87 88 120
87 88 121
87 89 79
87 89 80
87 89 81
87 89 87
87 89 88
87 89 89
87 89 111
87 89 112
87 89 113
87 89 119
87 89 120
87 89 121
87 111 79
87 111 80
87 111 81
87 111 87
87 111 88
87 111 89
87 111 111
87 111 112
87 111 113
87 111 119
87 111 120
87 111 121
87 112 79
87 112 80
87 112 81
87 112 87
87 112 88
87 112 89
87 112 111
87 112 112
87 112 113
87 112 119
87 112 120
87 112 121
87 113 79
87 113 80
87 113 81
87 113 87
87 113 88
87 113 89
87 113 111
87 113 112
87 113 113
87 113 119
87 113 120
87 113 121
87 119 79
87 119 80
87 119 81
87 119 87
87 119 88
87 119 89
87 119 111
87 119 112
87 119 113
87 119 119
87 119 120
87 119 121
87 120 79
87 120 80
87 120 81
87 120 87
87 120 88
87 120 89
87 120 111
87 120 112
87 120 113
87 120 119
87 120 120
87 120 121
87 121 79
87 121 80
87 121 81
87 121 87
87 121 88
87 121 89
87 121 111
87 121 112
87 121 113
87 121 119
87 121 120
87 121 121
88 79 79
88 79 80
88 79 81
88 79 87
88 79 88
88 79 89
88 79 111
88 79 112
88 79 113
88 79 119
88 79 120
88 79 121
88 80 79
88 80 81
88 80 87
88 80 89
88 80 111
88 80 113
88 80 119
88 80 121
88 81 79
88 81 80
88 81 81
88 81 87
88 81 88
88 81 89
88 81 111
88 81 112
88 81 113
88 81 119
88 81 120
88 81 121
88 87 79
88 87 80
88 87 81
88 87 87
88 87 88
88 87 89
88 87 111
88 87 112
88 87 113
88 87 119
88 87 120
88 87 121
88 88 79
88 88 81
88 88 87
88 88 89
88 88 111
88 88 113
88 88 119
88 88 121
88 89 79
88 89 80
88 89 81
88 89 87
88 89 88
88 89 89
88 89 111
88 89 112
88 89 113
88 89 119
88 89 120
88 89 121
88 111 79
88 111 80
88 111 81
88 111 87
88 111 88
88 111 89
88 111 111
88 111 112
88 111 113
88 111 119
88 111 120
88 111 121
88 112 79
88 112 81
88 112 87
88 112 89
88 112 111
88 112 113
88 112 119
88 112 121
88 113 79
88 113 80
88 113 81
88 113 87
88 113 88
88 113 89
88 113 111
88 113 112
88 113 113
88 113 119
88 113 120
88 113 121
88 119 79
88 119 80
88 119 81
88 119 87
88 119 88
88 119 89
88 119 111
88 119 112
88 119 113
88 119 119
88 119 120
88 119 121
88 120 79
88 120 81
88 120 87
88 120 89
88 120 111
88 120 113
88 120 119
88 120 121
88 121 79
88 121 80
88 121 81
88 121 87
88 121 88
88 121 89
88 121 111
88 121 112
88 121 113
88 121 119
88 121 120
88 121 121
89 79 79
89 79 80
89 79 81
89 79 87
89 79 88
89 79 89
89 79 111
89 79 112
89 79 113
89 79 119
89 79 120
89 79 121
89 80 79
89 80 80
89 80 81
89 80 87
89 80 88
89 80 89
89 80 111
89 80 112
89 80 113
89 80 119
89 80 120
89 80 121
89 81 79
89 81 80
89 81 81
89 81 87
89 81 88
89 81 89
89 81 111
89 81 112
89 81 113
89 81 119
89 81 120
89 81 121
89 87 79
89 87 80
89 87 81
89 87 87
89 87 88
89 87 89
89 87 111
89 87 112
89 87 113
89 87 119
89 87 120
89 87 121
89 88 79
89 88 80
89 88 81
89 88 87
89 88 88
89 88 89
89 88 111
89 88 112
89 88 113
89 88 119
89 88 120
89 88 121
89 89 79
89 89 80
89 89 81
89 89 87
89 89 88
89 89 89
89 89 111
89 89 112
89 89 113
89 89 119
89 89 120
89 89 121
89 111 79
89 111 80
89 111 81
89 111 87
89 111 88
89 111 89
89 111 111
89 111 112
89 111 113
89 111 119
89 111 120
89 111 121
89 112 79
89 112 80
89 112 81
89 112 87
89 112 88
89 112 89
89 112 111
89 112 112
89 112 113
89 112 119
89 112 120
89 112 121
89 113 79
89 113 80
89 113 81
89 113 87
89 113 88
89 113 89
89 113 111
89 113 112
89 113 113
89 113 119
89 113 120
89 113 121
89 119 79
89 119 80
89 119 81
89 119 87
89 119 88
89 119 89
89 119 111
89 119 112
89 119 113
89 119 119
89 119 120
89 119 121
89 120 79
89 120 80
89 120 81
89 120 87
89 120 88
89 120 89
89 120 111
89 120 112
89 120 113
89 120 119
89 120 120
89 120 121
89 121 79
89 121 80
89 121 81
89 121 87
89 121 88
89 121 89
89 121 111
89 121 112
89 121 113
89 121 119
89 121 120
89 121 121
111 79 79
111 79 80
111 79 81
111 79 87
111 79 88
111 79 89
111 79 111
111 79 112
111 79 113
111 79 119
111 79 120
111 79 121
111 80 79
111 80 80
111 80 81
111 80 87
111 80 88
111 80 89
111 80 111
111 80 112
111 80 113
111 80 119
111 80 120
111 80 121
111 81 79
111 81 80
111 81 81
111 81 87
111 81 88
111 81 89
111 81 111
111 81 112
111 81 113
111 81 119
111 81 120
111 81 121
111 87 79
111 87 80
111 87 81
111 87 87
111 87 88
111 87 89
111 87 111
111 87 112
111 87 113
111 87 119
111 87 120
111 87 121
111 88 79
111 88 80
111 88 81
111 88 87
111 88 88
111 88 89
111 88 111
111 88 112
111 88 113
111 88 119
111 88 120
111 88 121
111 89 79
111 89 80
111 89 81
111 89 87
111 89 88
111 89 89
111 89 111
111 89 112
111 89 113
111 89 119
111 89 120
111 89 121
111 111 79
111 111 80
111 111 81
111 111 87
111 111 88
111 111 89
111 111 111
111 111 112
111 111 113
111 111 119
111 111 120
111 111 121
111 112 79
111 112 80
111 112 81
111 112 87
111 112 88
111 112 89
111 112 111
111 112 112
111 112 113
111 112 119
111 112 120
111 112 121
111 113 79
111 113 80
111 113 81
111 113 87
111 113 88
111 113 89
111 113 111
111 113 112
111 113 113
111 113 119
111 113 120
111 113 121
111 119 79
111 119 80
111 119 81
111 119 87
111 119 88
111 119 89
111 119 111
111 119 112
111 119 113
111 119 119
111 119 120
111 119 121
111 120 79
111 120 80
111 120 81
111 120 87
111 120 88
111 120 89
111 120 111
111 120 112
111 120 113
111 120 119
111 120 120
111 120 121
111 121 79
111 121 80
111 121 81
111 121 87
111 121 88
111 121 89
111 121 111
111 121 112
111 121 113
111 121 119
111 121 120
111 121 121
112 79 79
112 79 80
112 79 81
112 79 87
112 79 88
112 79 89
112 79 111
112 79 112
112 79 113
112 79 119
112 79 120
112 79 121
112 80 79
112 80 81
112 80 87
112 80 89
112 80 111
112 80 113
112 80 119
112 80 121
112 81 79
112 81 80
112 81 81
112 81 87
112 81 88
112 81 89
112 81 111
112 81 112
112 81 113
112 81 119
112 81 120
112 81 121
112 87 79
112 87 80
112 87 81
112 87 87
112 87 88
112 87 89
112 87 111
112 87 112
112 87 113
112 87 119
112 87 120
112 87 121
112 88 79
112 88 81
112 88 87
112 88 89
112 88 111
112 88 113
112 88 119
112 88 121
112 89 79
112 89 80
112 89 81
112 89 87
112 89 88
112 89 89
112 89 111
112 89 112
112 89 113
112 89 119
112 89 120
112 89 121
112 111 79
112 111 80
112 111 81
112 111 87
112 111 88
112 111 89
112 111 111
112 111 112
112 111 113
112 111 119
112 111 120
112 111 121
112 112 79
112 112 81
112 112 87
112 112 89
112 112 111
112 112 113
112 112 119
112 112 121
112 113 79
112 113 80
112 113 81
112 113 87
112 113 88
112 113 89
112 113 111
112 113 112
112 113 113
112 113 119
112 113 120
112 113 121
112 119 79
112 119 80
112 119 81
112 119 87
112 119 88
112 119 89
112 119 111
112 119 112
112 119 113
112 119 119
112 119 120
112 119 121
112 120 79
112 120 81
112 120 87
112 120 89
112 120 111
112 120 113
112 120 119
112 120 121
112 121 79
112 121 80
112 121 81
112 121 87
112 121 88
112 121 89
112 121 111
112 121 112
112 121 113
112 121 119
112 121 120
112 121 121
113 79 79
113 79 80
113 79 81
113 79 87
113 79 88
113 79 89
113 79 111
113 79 112
113 79 113
113 79 119
113 79 120
113 79 121
113 80 79
113 80 80
113 80 81
113 80 87
113 80 88
113 80 89
113 80 111
113 80 112
113 80 113
113 80 119
113 80 120
113 80 121
113 81 79
113 81 80
113 81 81
113 81 87
113 81 88
113 81 89
113 81 111
113 81 112
113 81 113
113 81 119
113 81 120
113 81 121
113 87 79
113 87 80
113 87 81
113 87 87
113 87 88
113 87 89
113 87 111
113 87 112
113 87 113
113 87 119
113 87 120
113 87 121
113 88 79
113 88 80
113 88 81
113 88 87
113 88 88
113 88 89
113 88 111
113 88 112
113 88 113
113 88 119
113 88 120
113 88 121
113 89 79
113 89 80
113 89 81
113 89 87
113 89 88
113 89 89
113 89 111
113 89 112
113 89 113
113 89 119
113 89 120
113 89 121
113 111 79
113 111 80
113 111 81
113 111 87
113 111 88
113 111 89
113 111 111
113 111 112
113 111 113
113 111 119
113 111 120
113 111 121
113 112 79
113 112 80
113 112 81
113 112 87
113 112 88
113 112 89
113 112 111
113 112 112
113 112 113
113 112 119
113 112 120
113 112 121
113 113 79
113 113 80
113 113 81
113 113 87
113 113 88
113 113 89
113 113 111
113 113 112
113 113 113
113 113 119
113 113 120
113 113 121
113 119 79
113 119 80
113 119 81
113 119 87
113 119 88
113 119 89
113 119 111
113 119 112
113 119 113
113 119 119
113 119 120
113 119 121
113 120 79
113 120 80
113 120 81
113 120 87
113 120 88
113 120 89
113 120 111
113 120 112
113 120 113
113 120 119
113 120 120
113 120 121
113 121 79
113 121 80
113 121 81
113 121 87
113 121 88
113 121 89
113 121 111
113 121 112
113 121 113
113 121 119
113 121 120
113 121 121
119 79 79
119 79 80
119 79 81
119 79 87
119 79 88
119 79 89
119 79 111
119 79 112
119 79 113
119 79 119
119 79 120
119 79 121
119 80 79
119 80 80
119 80 81
119 80 87
119 80 88
119 80 89
119 80 111
119 80 112
119 80 113
119 80 119
119 80 120
119 80 121
119 81 79
119 81 80
119 81 81
119 81 87
119 81 88
119 81 89
119 81 111
119 81 112
119 81 113
119 81 119
119 81 120
119 81 121
119 87 79
119 87 80
119 87 81
119 87 87
119 87 88
119 87 89
119 87 111
119 87 112
119 87 113
119 87 119
119 87 120
119 87 121
119 88 79
119 88 80
119 88 81
119 88 87
119 88 88
119 88 89
119 88 111
119 88 112
119 88 113
119 88 119
119 88 120
119 88 121
119 89 79
119 89 80
119 89 81
119 89 87
119 89 88
119 89 89
119 89 111
119 89 112
119 89 113
119 89 119
119 89 120
119 89 121
119 111 79
119 111 80
119 111 81
119 111 87
119 111 88
119 111 89
119 111 111
119 111 112
119 111 113
119 111 119
119 111 120
119 111 121
119 112 79
119 112 80
119 112 81
119 112 87
119 112 88
119 112 89
119 112 111
119 112 112
119 112 113
119 112 119
119 112 120
119 112 121
119 113 79
119 113 80
119 113 81
119 113 87
119 113 88
119 113 89
119 113 111
119 113 112
119 113 113
119 113 119
119 113 120
119 113 121
119 119 79
119 119 80
119 119 81
119 119 87
119 119 88
119 119 89
119 119 111
119 119 112
119 119 113
119 119 119
119 119 120
119 119 121
119 120 79
119 120 80
119 120 81
119 120 87
119 120 88
119 120 89
119 120 111
119 120 112
119 120 113
119 120 119
119 120 120
119 120 121
119 121 79
119 121 80
119 121 81
119 121 87
119 121 88
119 121 89
119 121 111
119 121 112
119 121 113
119 121 119
119 121 120
119 121 121
120 79 79
120 79 80
120 79 81
120 79 87
120 79 88
120 79 89
120 79 111
120 79 112
120 79 113
120 79 119
120 79 120
120 79 121
120 80 79
120 80 81
120 80 87
120 80 89
120 80 111
120 80 113
120 80 119
120 80 121
120 81 79
120 81 80
120 81 81
120 81 87
120 81 88
120 81 89
120 81 111
120 81 112
120 81 113
120 81 119
120 81 120
120 81 121
120 87 79
120 87 80
120 87 81
120 87 87
120 87 88
120 87 89
120 87 111
120 87 112
120 87 113
120 87 119
120 87 120
120 87 121
120 88 79
120 88 81
120 88 87
120 88 89
120 88 111
120 88 113
120 88 119
120 88 121
120 89 79
120 89 80
120 89 81
120 89 87
120 89 88
120 89 89
120 89 111
120 89 112
120 89 113
120 89 119
120 89 120
120 89 121
120 111 79
120 111 80
120 111 81
120 111 87
120 111 88
120 111 89
120 111 111
120 111 112
120 111 113
120 111 119
120 111 120
120 111 121
120 112 79
120 112 81
120 112 87
120 112 89
120 112 111
120 112 113
120 112 119
120 112 121
120 113 79
120 113 80
120 113 81
120 113 87
120 113 88
120 113 89
120 113 111
120 113 112
120 113 113
120 113 119
120 113 120
120 113 121
120 119 79
120 119 80
120 119 81
120 119 87
120 119 88
120 119 89
120 119 111
120 119 112
120 119 113
120 119 119
120 119 120
120 119 121
120 120 79
120 120 81
120 120 87
120 120 89
120 120 111
120 120 113
120 120 119
120 120 121
120 121 79
120 121 80
120 121 81
120 121 87
120 121 88
120 121 89
120 121 111
120 121 112
120 121 113
120 121 119
120 121 120
120 121 121
121 79 79
121 79 80
121 79 81
121 79 87
121 79 88
121 79 89
121 79 111
121 79 112
121 79 113
121 79 119
121 79 120
121 79 121
121 80 79
121 80 80
121 80 81
121 80 87
121 80 88
121 80 89
121 80 111
121 80 112
121 80 113
121 80 119
121 80 120
121 80 121
121 81 79
121 81 80
121 81 81
121 81 87
121 81 88
121 81 89
121 81 111
121 81 112
121 81 113
121 81 119
121 81 120
121 81 121
121 87 79
121 87 80
121 87 81
121 87 87
121 87 88
121 87 89
121 87 111
121 87 112
121 87 113
121 87 119
121 87 120
121 87 121
121 88 79
121 88 80
121 88 81
121 88 87
121 88 88
121 88 89
121 88 111
121 88 112
121 88 113
121 88 119
121 88 120
121 88 121
121 89 79
121 89 80
121 89 81
121 89 87
121 89 88
121 89 89
121 89 111
121 89 112
121 89 113
121 89 119
121 89 120
121 89 121
121 111 79
121 111 80
121 111 81
121 111 87
121 111 88
121 111 89
121 111 111
121 111 112
121 111 113
121 111 119
121 111 120
121 111 121
121 112 79
121 112 80
121 112 81
121 112 87
121 112 88
121 112 89
121 112 111
121 112 112
121 112 113
121 112 119
121 112 120
121 112 121
121 113 79
121 113 80
121 113 81
121 113 87
121 113 88
121 113 89
121 113 111
121 113 112
121 113 113
121 113 119
121 113 120
121 113 121
121 119 79
121 119 80
121 119 81
121 119 87
121 119 88
121 119 89
121 119 111
121 119 112
121 119 113
121 119 119
121 119 120
121 119 121
121 120 79
121 120 80
121 120 81
121 120 87
121 120 88
121 120 89
121 120 111
121 120 112
121 120 113
121 120 119
121 120 120
121 120 121
121 121 79
121 121 80
121 121 81
121 121 87
121 121 88
121 121 89
121 121 111
121 121 112
121 121 113
121 121 119
121 121 120
121 121 121
