200
0 0 0
0 0 12
0 0 60
0 0 76
0 0 124
0 0 140
0 0 188
0 0 196
0 12 0
0 12 12
0 12 60
0 12 76
0 12 124
0 12 140
0 12 188
0 12 196
0 60 0
0 60 12
0 60 60
0 60 76
0 60 124
0 60 140
0 60 188
0 60 196
0 76 0
0 76 12
0 76 60
0 76 76
0 76 124
0 76 140
0 76 188
0 76 196
0 124 0
0 124 12
0 124 60
0 124 76
0 124 124
0 124 140
0 124 188
0 124 196
0 140 0
0 140 12
0 140 60
0 140 76
0 140 124
0 140 140
0 140 188
0 140 196
0 188 0
0 188 12
0 188 60
0 188 76
0 188 124
0 188 140
0 188 188
0 188 196
0 196 0
0 196 12
0 196 60
0 196 76
0 196 124
0 196 140
0 196 188
0 196 196
12 0 0
12 0 12
12 0 60
12 0 76
12 0 124
12 0 140
12 0 188
12 0 196
12 12 0
12 12 12
12 12 60
12 12 76
12 12 124
12 12 140
12 12 188
12 12 196
12 60 0
12 60 12
12 60 60
12 60 76
12 60 124
12 60 140
12 60 188
12 60 196
12 76 0
12 76 12
12 76 60
12 76 76
12 76 124
12 76 140
12 76 188
12 76 196
12 124 0
12 124 12
12 124 60
12 124 76
12 124 124
12 124 140
12 124 188
12 124 196
12 140 0
12 140 12
12 140 60
12 140 76
12 140 124
12 140 140
12 140 188
12 140 196
12 188 0
12 188 12
12 188 60
12 188 76
12 188 124
12 188 140
12 188 188
12 188 196
12 196 0
12 196 12
12 196 60
12 196 76
12 196 124
12 196 140
12 196 188
12 196 196
60 0 0
60 0 12
60 0 60
60 0 76
60 0 124
60 0 140
60 0 188
60 0 196
60 12 0
60 12 12
60 12 60
60 12 76
60 12 124
60 12 140
60 12 188
60 12 196
60 60 0
60 60 12
60 60 60
60 60 76
60 60 124
60 60 140
60 60 188
60 60 196
60 76 0
60 76 12
60 76 60
60 76 76
60 76 124
60 76 140
60 76 188
60 76 196
60 124 0
60 124 12
60 124 60
60 124 76
60 124 124
60 124 140
60 124 188
60 124 196
60 140 0
60 140 12
60 140 60
60 140 76
60 140 124
60 140 140
60 140 188
60 140 196
60 188 0
60 188 12
60 188 60
60 188 76
60 188 124
60 188 140
60 188 188
60 188 196
60 196 0
60 196 12
60 196 60
60 196 76
60 196 124
60 196 140
60 196 188
60 196 196
76 0 0
76 0 12
76 0 60
76 0 76
76 0 124
76 0 140
76 0 188
76 0 196
76 12 0
76 12 12
76 12 60
76 12 76
76 12 124
76 12 140
76 12 188
76 12 196
76 60 0
76 60 12
76 60 60
76 60 76
76 60 124
76 60 140
76 60 188
76 60 196
76 76 0
76 76 12
76 76 60
76 76 76
76 76 124
76 76 140
76 76 188
76 76 196
76 124 0
76 124 12
76 124 60
76 124 76
76 124 124
76 124 140
76 124 188
76 124 196
76 140 0
76 140 12
76 140 60
76 140 76
76 140 124
76 140 140
76 140 188
76 140 196
76 188 0
76 188 12
76 188 60
76 188 76
76 188 124
76 188 140
76 188 188
76 188 196
76 196 0
76 196 12
76 196 60
76 196 76
76 196 124
76 196 140
76 196 188
76 196 196
124 0 0
124 0 12
124 0 60
124 0 76
124 0 124
124 0 140
124 0 188
124 0 196
124 12 0
124 12 12
124 12 60
124 12 76
124 12 124
124 12 140
124 12 188
124 12 196
124 60 0
124 60 12
124 60 60
124 60 76
124 60 124
124 60 140
124 60 188
124 60 196
124 76 0
124 76 12
124 76 60
124 76 76
124 76 124
124 76 140
124 76 188
124 76 196
124 124 0
124 124 12
124 124 60
124 124 76
124 124 124
124 124 140
124 124 188
124 124 196
124 140 0
124 140 12
124 140 60
124 140 76
124 140 124
124 140 140
124 140 188
124 140 196
124 188 0
124 188 12
124 188 60
124 188 76
124 188 124
124 188 140
124 188 188
124 188 196
124 196 0
124 196 12
124 196 60
124 196 76
124 196 124
124 196 140
124 196 188
124 196 196
140 0 0
140 0 12
140 0 60
140 0 76
140 0 124
140 0 140
140 0 188
140 0 196
140 12 0
140 12 12
140 12 60
140 12 76
140 12 124
140 12 140
140 12 188
140 12 196
140 60 0
140 60 12
140 60 60
140 60 76
140 60 124
140 60 140
140 60 188
140 60 196
140 76 0
140 76 12
140 76 60
140 76 76
140 76 124
140 76 140
140 76 188
140 76 196
140 124 0
140 124 12
140 124 60
140 124 76
140 124 124
140 124 140
140 124 188
140 124 196
140 140 0
140 140 12
140 140 60
140 140 76
140 140 124
140 140 140
140 140 188
140 140 196
140 188 0
140 188 12
140 188 60
140 188 76
140 188 124
140 188 140
140 188 188
140 188 196
140 196 0
140 196 12
140 196 60
140 196 76
140 196 124
140 196 140
140 196 188
140 196 196
188 0 0
188 0 12
188 0 60
188 0 76
188 0 124
188 0 140
188 0 188
188 0 196
188 12 0
188 12 12
188 12 60
188 12 76
188 12 124
188 12 140
188 12 188
188 12 196
188 60 0
188 60 12
188 60 60
188 60 76
188 60 124
188 60 140
188 60 188
188 60 196
188 76 0
188 76 12
188 76 60
188 76 76
188 76 124
188 76 140
188 76 188
188 76 196
188 124 0
188 124 12
188 124 60
188 124 76
188 124 124
188 124 140
188 124 188
188 124 196
188 140 0
188 140 12
188 140 60
188 140 76
188 140 124
188 140 140
188 140 188
188 140 196
188 188 0
188 188 12
188 188 60
188 188 76
188 188 124
188 188 140
188 188 188
188 188 196
188 196 0
188 196 12
188 196 60
188 196 76
188 196 124
188 196 140
188 196 188
188 196 196
196 0 0
196 0 12
196 0 60
196 0 76
196 0 124
196 0 140
196 0 188
196 0 196
196 12 0
196 12 12
196 12 60
196 12 76
196 12 124
196 12 140
196 12 188
196 12 196
196 60 0
196 60 12
196 60 60
196 60 76
196 60 124
196 60 140
196 60 188
196 60 196
196 76 0
196 76 12
196 76 60
196 76 76
196 76 124
196 76 140
196 76 188
196 76 196
196 124 0
196 124 12
196 124 60
196 124 76
196 124 124
196 124 140
196 124 188
196 124 196
196 140 0
196 140 12
196 140 60
196 140 76
196 140 124
196 140 140
196 140 188
196 140 196
196 188 0
196 188 12
196 188 60
196 188 76
196 188 124
196 188 140
196 188 188
196 188 196
196 196 0
196 196 12
196 196 60
196 196 76
196 196 124
196 196 140
196 196 188
196 196 196
