200
56 56 56
56 56 64
56 56 72
56 56 80
56 56 120
56 56 128
56 56 136
56 56 144
56 64 56
56 64 64
56 64 72
56 64 80
56 64 120
56 64 128
56 64 136
56 64 144
56 72 56
56 72 64
56 72 72
56 72 80
56 72 120
56 72 128
56 72 136
56 72 144
56 80 56
56 80 64
56 80 72
56 80 80
56 80 120
56 80 128
56 80 136
56 80 144
56 120 56
56 120 64
56 120 72
56 120 80
56 120 120
56 120 128
56 120 136
56 120 144
56 128 56
56 128 64
56 128 72
56 128 80
56 128 120
56 128 128
56 128 136
56 128 144
56 136 56
56 136 64
56 136 72
56 136 80
56 136 120
56 136 128
56 136 136
56 136 144
56 144 56
56 144 64
56 144 72
56 144 80
56 144 120
56 144 128
56 144 136
56 144 144
64 56 56
64 56 64
64 56 72
64 56 80
64 56 120
64 56 128
64 56 136
64 56 144
64 64 56
64 64 64
64 64 72
64 64 80
64 64 120
64 64 128
64 64 136
64 64 144
64 72 56
64 72 64
64 72 72
64 72 80
64 72 120
64 72 128
64 72 136
64 72 144
64 80 56
64 80 64
64 80 72
64 80 80
64 80 120
64 80 128
64 80 136
64 80 144
64 120 56
64 120 64
64 120 72
64 120 80
64 120 120
64 120 128
64 120 136
64 120 144
64 128 56
64 128 64
64 128 72
64 128 80
64 128 120
64 128 128
64 128 136
64 128 144
64 136 56
64 136 64
64 136 72
64 136 80
64 136 120
64 136 128
64 136 136
64 136 144
64 144 56
64 144 64
64 144 72
64 144 80
64 144 120
64 144 128
64 144 136
64 144 144
72 56 56
72 56 64
72 56 72
72 56 80
72 56 120
72 56 128
72 56 136
72 56 144
72 64 56
72 64 64
72 64 72
72 64 80
72 64 120
72 64 128
72 64 136
72 64 144
72 72 56
72 72 64
72 72 72
72 72 80
72 72 120
72 72 128
72 72 136
72 72 144
72 80 56
72 80 64
72 80 72
72 80 80
72 80 120
72 80 128
72 80 136
72 80 144
72 120 56
72 120 64
72 120 72
72 120 80
72 120 120
72 120 128
72 120 136
72 120 144
72 128 56
72 128 64
72 128 72
72 128 80
72 128 120
72 128 128
72 128 136
72 128 144
72 136 56
72 136 64
72 136 72
72 136 80
72 136 120
72 136 128
72 136 136
72 136 144
72 144 56
72 144 64
72 144 72
72 144 80
72 144 120
72 144 128
72 144 136
72 144 144
80 56 56
80 56 64
80 56 72
80 56 80
80 56 120
80 56 128
80 56 136
80 56 144
80 64 56
80 64 64
80 64 72
80 64 80
80 64 120
80 64 128
80 64 136
80 64 144
80 72 56
80 72 64
80 72 72
80 72 80
80 72 120
80 72 128
80 72 136
80 72 144
80 80 56
80 80 64
80 80 72
80 80 80
80 80 120
80 80 128
80 80 136
80 80 144
80 120 56
80 120 64
80 120 72
80 120 80
80 120 120
80 120 128
80 120 136
80 120 144
80 128 56
80 128 64
80 128 72
80 128 80
80 128 120
80 128 128
80 128 136
80 128 144
80 136 56
80 136 64
80 136 72
80 136 80
80 136 120
80 136 128
80 136 136
80 136 144
80 144 56
80 144 64
80 144 72
80 144 80
80 144 120
80 144 128
80 144 136
80 144 144
120 56 56
120 56 64
120 56 72
120 56 80
120 56 120
120 56 128
120 56 136
120 56 144
120 64 56
120 64 64
120 64 72
120 64 80
120 64 120
120 64 128
120 64 136
120 64 144
120 72 56
120 72 64
120 72 72
120 72 80
120 72 120
120 72 128
120 72 136
120 72 144
120 80 56
120 80 64
120 80 72
120 80 80
120 80 120
120 80 128
120 80 136
120 80 144
120 120 56
120 120 64
120 120 72
120 120 80
120 120 120
120 120 128
120 120 136
120 120 144
120 128 56
120 128 64
120 128 72
120 128 80
120 128 120
120 128 128
120 128 136
120 128 144
120 136 56
120 136 64
120 136 72
120 136 80
120 136 120
120 136 128
120 136 136
120 136 144
120 144 56
120 144 64
120 144 72
120 144 80
120 144 120
120 144 128
120 144 136
120 144 144
128 56 56
128 56 64
128 56 72
128 56 80
128 56 120
128 56 128
128 56 136
128 56 144
128 64 56
128 64 64
128 64 72
128 64 80
128 64 120
128 64 128
128 64 136
128 64 144
128 72 56
128 72 64
128 72 72
128 72 80
128 72 120
128 72 128
128 72 136
128 72 144
128 80 56
128 80 64
128 80 72
128 80 80
128 80 120
128 80 128
128 80 136
128 80 144
128 120 56
128 120 64
128 120 72
128 120 80
128 120 120
128 120 128
128 120 136
128 120 144
128 128 56
128 128 64
128 128 72
128 128 80
128 128 120
128 128 128
128 128 136
128 128 144
128 136 56
128 136 64
128 136 72
128 136 80
128 136 120
128 136 128
128 136 136
128 136 144
128 144 56
128 144 64
128 144 72
128 144 80
128 144 120
128 144 128
128 144 136
128 144 144
136 56 56
136 56 64
136 56 72
136 56 80
136 56 120
136 56 128
136 56 136
136 56 144
136 64 56
136 64 64
136 64 72
136 64 80
136 64 120
136 64 128
136 64 136
136 64 144
136 72 56
136 72 64
136 72 72
136 72 80
136 72 120
136 72 128
136 72 136
136 72 144
136 80 56
136 80 64
136 80 72
136 80 80
136 80 120
136 80 128
136 80 136
136 80 144
136 120 56
136 120 64
136 120 72
136 120 80
136 120 120
136 120 128
136 120 136
136 120 144
136 128 56
136 128 64
136 128 72
136 128 80
136 128 120
136 128 128
136 128 136
136 128 144
136 136 56
136 136 64
136 136 72
136 136 80
136 136 120
136 136 128
136 136 136
136 136 144
136 144 56
136 144 64
136 144 72
136 144 80
136 144 120
136 144 128
136 144 136
136 144 144
144 56 56
144 56 64
144 56 72
144 56 80
144 56 120
144 56 128
144 56 136
144 56 144
144 64 56
144 64 64
144 64 72
144 64 80
144 64 120
144 64 128
144 64 136
144 64 144
144 72 56
144 72 64
144 72 72
144 72 80
144 72 120
144 72 128
144 72 136
144 72 144
144 80 56
144 80 64
144 80 72
144 80 80
144 80 120
144 80 128
144 80 136
144 80 144
144 120 56
144 120 64
144 120 72
144 120 80
144 120 120
144 120 128
144 120 136
144 120 144
144 128 56
144 128 64
144 128 72
144 128 80
144 128 120
144 128 128
144 128 136
144 128 144
144 136 56
144 136 64
144 136 72
144 136 80
144 136 120
144 136 128
144 136 136
144 136 144
144 144 56
144 144 64
144 144 72
144 144 80
144 144 120
144 144 128
144 144 136
144 144 144
