200
2 2 2
2 2 10
2 2 14
2 2 46
2 2 50
2 2 62
2 2 66
2 2 130
2 2 134
2 2 146
2 2 150
2 2 186
2 2 190
2 2 194
2 2 198
2 10 2
2 10 10
2 10 14
2 10 46
2 10 50
2 10 62
2 10 66
2 10 130
2 10 134
2 10 146
2 10 150
2 10 186
2 10 190
2 10 194
2 10 198
2 14 2
2 14 10
2 14 14
2 14 46
2 14 50
2 14 62
2 14 66
2 14 130
2 14 134
2 14 146
2 14 150
2 14 186
2 14 190
2 14 194
2 14 198
2 46 2
2 46 10
2 46 14
2 46 46
2 46 50
2 46 62
2 46 66
2 46 130
2 46 134
2 46 146
2 46 150
2 46 186
2 46 190
2 46 194
2 46 198
2 50 2
2 50 10
2 50 14
2 50 46
2 50 50
2 50 62
2 50 66
2 50 130
2 50 134
2 50 146
2 50 150
2 50 186
2 50 190
2 50 194
2 50 198
2 62 2
2 62 10
2 62 14
2 62 46
2 62 50
2 62 62
2 62 66
2 62 130
2 62 134
2 62 146
2 62 150
2 62 186
2 62 190
2 62 194
2 62 198
2 66 2
2 66 10
2 66 14
2 66 46
2 66 50
2 66 62
2 66 66
2 66 130
2 66 134
2 66 146
2 66 150
2 66 186
2 66 190
2 66 194
2 66 198
2 130 2
2 130 10
2 130 14
2 130 46
2 130 50
2 130 62
2 130 66
2 130 130
2 130 134
2 130 146
2 130 150
2 130 186
2 130 190
2 130 194
2 130 198
2 134 2
2 134 10
2 134 14
2 134 46
2 134 50
2 134 62
2 134 66
2 134 130
2 134 134
2 134 146
2 134 150
2 134 186
2 134 190
2 134 194
2 134 198
2 146 2
2 146 10
2 146 14
2 146 46
2 146 50
2 146 62
2 146 66
2 146 130
2 146 134
2 146 146
2 146 150
2 146 186
2 146 190
2 146 194
2 146 198
2 150 2
2 150 10
2 150 14
2 150 46
2 150 50
2 150 62
2 150 66
2 150 130
2 150 134
2 150 146
2 150 150
2 150 186
2 150 190
2 150 194
2 150 198
2 186 2
2 186 10
2 186 14
2 186 46
2 186 50
2 186 62
2 186 66
2 186 130
2 186 134
2 186 146
2 186 150
2 186 186
2 186 190
2 186 194
2 186 198
2 190 2
2 190 10
2 190 14
2 190 46
2 190 50
2 190 62
2 190 66
2 190 130
2 190 134
2 190 146
2 190 150
2 190 186
2 190 190
2 190 194
2 190 198
2 194 2
2 194 10
2 194 14
2 194 46
2 194 50
2 194 62
2 194 66
2 194 130
2 194 134
2 194 146
2 194 150
2 194 186
2 194 190
2 194 194
2 194 198
2 198 2
2 198 10
2 198 14
2 198 46
2 198 50
2 198 62
2 198 66
2 198 130
2 198 134
2 198 146
2 198 150
2 198 186
2 198 190
2 198 194
2 198 198
10 2 2
10 2 10
10 2 14
10 2 46
10 2 50
10 2 62
10 2 66
10 2 130
10 2 134
10 2 146
10 2 150
10 2 186
10 2 190
10 2 194
10 2 198
10 10 2
10 10 10
10 10 14
10 10 46
10 10 50
10 10 62
10 10 66
10 10 130
10 10 134
10 10 146
10 10 150
10 10 186
10 10 190
10 10 194
10 10 198
10 14 2
10 14 10
10 14 14
10 14 46
10 14 50
10 14 62
10 14 66
10 14 130
10 14 134
10 14 146
10 14 150
10 14 186
10 14 190
10 14 194
10 14 198
10 46 2
10 46 10
10 46 14
10 46 46
10 46 50
10 46 62
10 46 66
10 46 130
10 46 134
10 46 146
10 46 150
10 46 186
10 46 190
10 46 194
10 46 198
10 50 2
10 50 10
10 50 14
10 50 46
10 50 50
10 50 62
10 50 66
10 50 130
10 50 134
10 50 146
10 50 150
10 50 186
10 50 190
10 50 194
10 50 198
10 62 2
10 62 10
10 62 14
10 62 46
10 62 50
10 62 62
10 62 66
10 62 130
10 62 134
10 62 146
10 62 150
10 62 186
10 62 190
10 62 194
10 62 198
10 66 2
10 66 10
10 66 14
10 66 46
10 66 50
10 66 62
10 66 66
10 66 130
10 66 134
10 66 146
10 66 150
10 66 186
10 66 190
10 66 194
10 66 198
10 130 2
10 130 10
10 130 14
10 130 46
10 130 50
10 130 62
10 130 66
10 130 130
10 130 134
10 130 146
10 130 150
10 130 186
10 130 190
10 130 194
10 130 198
10 134 2
10 134 10
10 134 14
10 134 46
10 134 50
10 134 62
10 134 66
10 134 130
10 134 134
10 134 146
10 134 150
10 134 186
10 134 190
10 134 194
10 134 198
10 146 2
10 146 10
10 146 14
10 146 46
10 146 50
10 146 62
10 146 66
10 146 130
10 146 134
10 146 146
10 146 150
10 146 186
10 146 190
10 146 194
10 146 198
10 150 2
10 150 10
10 150 14
10 150 46
10 150 50
10 150 62
10 150 66
10 150 130
10 150 134
10 150 146
10 150 150
10 150 186
10 150 190
10 150 194
10 150 198
10 186 2
10 186 10
10 186 14
10 186 46
10 186 50
10 186 62
10 186 66
10 186 130
10 186 134
10 186 146
10 186 150
10 186 186
10 186 190
10 186 194
10 186 198
10 190 2
10 190 10
10 190 14
10 190 46
10 190 50
10 190 62
10 190 66
10 190 130
10 190 134
10 190 146
10 190 150
10 190 186
10 190 190
10 190 194
10 190 198
10 194 2
10 194 10
10 194 14
10 194 46
10 194 50
10 194 62
10 194 66
10 194 130
10 194 134
10 194 146
10 194 150
10 194 186
10 194 190
10 194 194
10 194 198
10 198 2
10 198 10
10 198 14
10 198 46
10 198 50
10 198 62
10 198 66
10 198 130
10 198 134
10 198 146
10 198 150
10 198 186
10 198 190
10 198 194
10 198 198
14 2 2
14 2 10
14 2 14
14 2 46
14 2 50
14 2 62
14 2 66
14 2 130
14 2 134
14 2 146
14 2 150
14 2 186
14 2 190
14 2 194
14 2 198
14 10 2
14 10 10
14 10 14
14 10 46
14 10 50
14 10 62
14 10 66
14 10 130
14 10 134
14 10 146
14 10 150
14 10 186
14 10 190
14 10 194
14 10 198
14 14 2
14 14 10
14 14 14
14 14 46
14 14 50
14 14 62
14 14 66
14 14 130
14 14 134
14 14 146
14 14 150
14 14 186
14 14 190
14 14 194
14 14 198
14 46 2
14 46 10
14 46 14
14 46 46
14 46 50
14 46 62
14 46 66
14 46 130
14 46 134
14 46 146
14 46 150
14 46 186
14 46 190
14 46 194
14 46 198
14 50 2
14 50 10
14 50 14
14 50 46
14 50 50
14 50 62
14 50 66
14 50 130
14 50 134
14 50 146
14 50 150
14 50 186
14 50 190
14 50 194
14 50 198
14 62 2
14 62 10
14 62 14
14 62 46
14 62 50
14 62 62
14 62 66
14 62 130
14 62 134
14 62 146
14 62 150
14 62 186
14 62 190
14 62 194
14 62 198
14 66 2
14 66 10
14 66 14
14 66 46
14 66 50
14 66 62
14 66 66
14 66 130
14 66 134
14 66 146
14 66 150
14 66 186
14 66 190
14 66 194
14 66 198
14 130 2
14 130 10
14 130 14
14 130 46
14 130 50
14 130 62
14 130 66
14 130 130
14 130 134
14 130 146
14 130 150
14 130 186
14 130 190
14 130 194
14 130 198
14 134 2
14 134 10
14 134 14
14 134 46
14 134 50
14 134 62
14 134 66
14 134 130
14 134 134
14 134 146
14 134 150
14 134 186
14 134 190
14 134 194
14 134 198
14 146 2
14 146 10
14 146 14
14 146 46
14 146 50
14 146 62
14 146 66
14 146 130
14 146 134
14 146 146
14 146 150
14 146 186
14 146 190
14 146 194
14 146 198
14 150 2
14 150 10
14 150 14
14 150 46
14 150 50
14 150 62
14 150 66
14 150 130
14 150 134
14 150 146
14 150 150
14 150 186
14 150 190
14 150 194
14 150 198
14 186 2
14 186 10
14 186 14
14 186 46
14 186 50
14 186 62
14 186 66
14 186 130
14 186 134
14 186 146
14 186 150
14 186 186
14 186 190
14 186 194
14 186 198
14 190 2
14 190 10
14 190 14
14 190 46
14 190 50
14 190 62
14 190 66
14 190 130
14 190 134
14 190 146
14 190 150
14 190 186
14 190 190
14 190 194
14 190 198
14 194 2
14 194 10
14 194 14
14 194 46
14 194 50
14 194 62
14 194 66
14 194 130
14 194 134
14 194 146
14 194 150
14 194 186
14 194 190
14 194 194
14 194 198
14 198 2
14 198 10
14 198 14
14 198 46
14 198 50
14 198 62
14 198 66
14 198 130
14 198 134
14 198 146
14 198 150
14 198 186
14 198 190
14 198 194
14 198 198
46 2 2
46 2 10
46 2 14
46 2 46
46 2 50
46 2 62
46 2 66
46 2 130
46 2 134
46 2 146
46 2 150
46 2 186
46 2 190
46 2 194
46 2 198
46 10 2
46 10 10
46 10 14
46 10 46
46 10 50
46 10 62
46 10 66
46 10 130
46 10 134
46 10 146
46 10 150
46 10 186
46 10 190
46 10 194
46 10 198
46 14 2
46 14 10
46 14 14
46 14 46
46 14 50
46 14 62
46 14 66
46 14 130
46 14 134
46 14 146
46 14 150
46 14 186
46 14 190
46 14 194
46 14 198
46 46 2
46 46 10
46 46 14
46 46 46
46 46 50
46 46 62
46 46 66
46 46 130
46 46 134
46 46 146
46 46 150
46 46 186
46 46 190
46 46 194
46 46 198
46 50 2
46 50 10
46 50 14
46 50 46
46 50 50
46 50 62
46 50 66
46 50 130
46 50 134
46 50 146
46 50 150
46 50 186
46 50 190
46 50 194
46 50 198
46 62 2
46 62 10
46 62 14
46 62 46
46 62 50
46 62 62
46 62 66
46 62 130
46 62 134
46 62 146
46 62 150
46 62 186
46 62 190
46 62 194
46 62 198
46 66 2
46 66 10
46 66 14
46 66 46
46 66 50
46 66 62
46 66 66
46 66 130
46 66 134
46 66 146
46 66 150
46 66 186
46 66 190
46 66 194
46 66 198
46 130 2
46 130 10
46 130 14
46 130 46
46 130 50
46 130 62
46 130 66
46 130 130
46 130 134
46 130 146
46 130 150
46 130 186
46 130 190
46 130 194
46 130 198
46 134 2
46 134 10
46 134 14
46 134 46
46 134 50
46 134 62
46 134 66
46 134 130
46 134 134
46 134 146
46 134 150
46 134 186
46 134 190
46 134 194
46 134 198
46 146 2
46 146 10
46 146 14
46 146 46
46 146 50
46 146 62
46 146 66
46 146 130
46 146 134
46 146 146
46 146 150
46 146 186
46 146 190
46 146 194
46 146 198
46 150 2
46 150 10
46 150 14
46 150 46
46 150 50
46 150 62
46 150 66
46 150 130
46 150 134
46 150 146
46 150 150
46 150 186
46 150 190
46 150 194
46 150 198
46 186 2
46 186 10
46 186 14
46 186 46
46 186 50
46 186 62
46 186 66
46 186 130
46 186 134
46 186 146
46 186 150
46 186 186
46 186 190
46 186 194
46 186 198
46 190 2
46 190 10
46 190 14
46 190 46
46 190 50
46 190 62
46 190 66
46 190 130
46 190 134
46 190 146
46 190 150
46 190 186
46 190 190
46 190 194
46 190 198
46 194 2
46 194 10
46 194 14
46 194 46
46 194 50
46 194 62
46 194 66
46 194 130
46 194 134
46 194 146
46 194 150
46 194 186
46 194 190
46 194 194
46 194 198
46 198 2
46 198 10
46 198 14
46 198 46
46 198 50
46 198 62
46 198 66
46 198 130
46 198 134
46 198 146
46 198 150
46 198 186
46 198 190
46 198 194
46 198 198
50 2 2
50 2 10
50 2 14
50 2 46
50 2 50
50 2 62
50 2 66
50 2 130
50 2 134
50 2 146
50 2 150
50 2 186
50 2 190
50 2 194
50 2 198
50 10 2
50 10 10
50 10 14
50 10 46
50 10 50
50 10 62
50 10 66
50 10 130
50 10 134
50 10 146
50 10 150
50 10 186
50 10 190
50 10 194
50 10 198
50 14 2
50 14 10
50 14 14
50 14 46
50 14 50
50 14 62
50 14 66
50 14 130
50 14 134
50 14 146
50 14 150
50 14 186
50 14 190
50 14 194
50 14 198
50 46 2
50 46 10
50 46 14
50 46 46
50 46 50
50 46 62
50 46 66
50 46 130
50 46 134
50 46 146
50 46 150
50 46 186
50 46 190
50 46 194
50 46 198
50 50 2
50 50 10
50 50 14
50 50 46
50 50 50
50 50 62
50 50 66
50 50 130
50 50 134
50 50 146
50 50 150
50 50 186
50 50 190
50 50 194
50 50 198
50 62 2
50 62 10
50 62 14
50 62 46
50 62 50
50 62 62
50 62 66
50 62 130
50 62 134
50 62 146
50 62 150
50 62 186
50 62 190
50 62 194
50 62 198
50 66 2
50 66 10
50 66 14
50 66 46
50 66 50
50 66 62
50 66 66
50 66 130
50 66 134
50 66 146
50 66 150
50 66 186
50 66 190
50 66 194
50 66 198
50 130 2
50 130 10
50 130 14
50 130 46
50 130 50
50 130 62
50 130 66
50 130 130
50 130 134
50 130 146
50 130 150
50 130 186
50 130 190
50 130 194
50 130 198
50 134 2
50 134 10
50 134 14
50 134 46
50 134 50
50 134 62
50 134 66
50 134 130
50 134 134
50 134 146
50 134 150
50 134 186
50 134 190
50 134 194
50 134 198
50 146 2
50 146 10
50 146 14
50 146 46
50 146 50
50 146 62
50 146 66
50 146 130
50 146 134
50 146 146
50 146 150
50 146 186
50 146 190
50 146 194
50 146 198
50 150 2
50 150 10
50 150 14
50 150 46
50 150 50
50 150 62
50 150 66
50 150 130
50 150 134
50 150 146
50 150 150
50 150 186
50 150 190
50 150 194
50 150 198
50 186 2
50 186 10
50 186 14
50 186 46
50 186 50
50 186 62
50 186 66
50 186 130
50 186 134
50 186 146
50 186 150
50 186 186
50 186 190
50 186 194
50 186 198
50 190 2
50 190 10
50 190 14
50 190 46
50 190 50
50 190 62
50 190 66
50 190 130
50 190 134
50 190 146
50 190 150
50 190 186
50 190 190
50 190 194
50 190 198
50 194 2
50 194 10
50 194 14
50 194 46
50 194 50
50 194 62
50 194 66
50 194 130
50 194 134
50 194 146
50 194 150
50 194 186
50 194 190
50 194 194
50 194 198
50 198 2
50 198 10
50 198 14
50 198 46
50 198 50
50 198 62
50 198 66
50 198 130
50 198 134
50 198 146
50 198 150
50 198 186
50 198 190
50 198 194
50 198 198
62 2 2
62 2 10
62 2 14
62 2 46
62 2 50
62 2 62
62 2 66
62 2 130
62 2 134
62 2 146
62 2 150
62 2 186
62 2 190
62 2 194
62 2 198
62 10 2
62 10 10
62 10 14
62 10 46
62 10 50
62 10 62
62 10 66
62 10 130
62 10 134
62 10 146
62 10 150
62 10 186
62 10 190
62 10 194
62 10 198
62 14 2
62 14 10
62 14 14
62 14 46
62 14 50
62 14 62
62 14 66
62 14 130
62 14 134
62 14 146
62 14 150
62 14 186
62 14 190
62 14 194
62 14 198
62 46 2
62 46 10
62 46 14
62 46 46
62 46 50
62 46 62
62 46 66
62 46 130
62 46 134
62 46 146
62 46 150
62 46 186
62 46 190
62 46 194
62 46 198
62 50 2
62 50 10
62 50 14
62 50 46
62 50 50
62 50 62
62 50 66
62 50 130
62 50 134
62 50 146
62 50 150
62 50 186
62 50 190
62 50 194
62 50 198
62 62 2
62 62 10
62 62 14
62 62 46
62 62 50
62 62 62
62 62 66
62 62 130
62 62 134
62 62 146
62 62 150
62 62 186
62 62 190
62 62 194
62 62 198
62 66 2
62 66 10
62 66 14
62 66 46
62 66 50
62 66 62
62 66 66
62 66 130
62 66 134
62 66 146
62 66 150
62 66 186
62 66 190
62 66 194
62 66 198
62 130 2
62 130 10
62 130 14
62 130 46
62 130 50
62 130 62
62 130 66
62 130 130
62 130 134
62 130 146
62 130 150
62 130 186
62 130 190
62 130 194
62 130 198
62 134 2
62 134 10
62 134 14
62 134 46
62 134 50
62 134 62
62 134 66
62 134 130
62 134 134
62 134 146
62 134 150
62 134 186
62 134 190
62 134 194
62 134 198
62 146 2
62 146 10
62 146 14
62 146 46
62 146 50
62 146 62
62 146 66
62 146 130
62 146 134
62 146 146
62 146 150
62 146 186
62 146 190
62 146 194
62 146 198
62 150 2
62 150 10
62 150 14
62 150 46
62 150 50
62 150 62
62 150 66
62 150 130
62 150 134
62 150 146
62 150 150
62 150 186
62 150 190
62 150 194
62 150 198
62 186 2
62 186 10
62 186 14
62 186 46
62 186 50
62 186 62
62 186 66
62 186 130
62 186 134
62 186 146
62 186 150
62 186 186
62 186 190
62 186 194
62 186 198
62 190 2
62 190 10
62 190 14
62 190 46
62 190 50
62 190 62
62 190 66
62 190 130
62 190 134
62 190 146
62 190 150
62 190 186
62 190 190
62 190 194
62 190 198
62 194 2
62 194 10
62 194 14
62 194 46
62 194 50
62 194 62
62 194 66
62 194 130
62 194 134
62 194 146
62 194 150
62 194 186
62 194 190
62 194 194
62 194 198
62 198 2
62 198 10
62 198 14
62 198 46
62 198 50
62 198 62
62 198 66
62 198 130
62 198 134
62 198 146
62 198 150
62 198 186
62 198 190
62 198 194
62 198 198
66 2 2
66 2 10
66 2 14
66 2 46
66 2 50
66 2 62
66 2 66
66 2 130
66 2 134
66 2 146
66 2 150
66 2 186
66 2 190
66 2 194
66 2 198
66 10 2
66 10 10
66 10 14
66 10 46
66 10 50
66 10 62
66 10 66
66 10 130
66 10 134
66 10 146
66 10 150
66 10 186
66 10 190
66 10 194
66 10 198
66 14 2
66 14 10
66 14 14
66 14 46
66 14 50
66 14 62
66 14 66
66 14 130
66 14 134
66 14 146
66 14 150
66 14 186
66 14 190
66 14 194
66 14 198
66 46 2
66 46 10
66 46 14
66 46 46
66 46 50
66 46 62
66 46 66
66 46 130
66 46 134
66 46 146
66 46 150
66 46 186
66 46 190
66 46 194
66 46 198
66 50 2
66 50 10
66 50 14
66 50 46
66 50 50
66 50 62
66 50 66
66 50 130
66 50 134
66 50 146
66 50 150
66 50 186
66 50 190
66 50 194
66 50 198
66 62 2
66 62 10
66 62 14
66 62 46
66 62 50
66 62 62
66 62 66
66 62 130
66 62 134
66 62 146
66 62 150
66 62 186
66 62 190
66 62 194
66 62 198
66 66 2
66 66 10
66 66 14
66 66 46
66 66 50
66 66 62
66 66 66
66 66 130
66 66 134
66 66 146
66 66 150
66 66 186
66 66 190
66 66 194
66 66 198
66 130 2
66 130 10
66 130 14
66 130 46
66 130 50
66 130 62
66 130 66
66 130 130
66 130 134
66 130 146
66 130 150
66 130 186
66 130 190
66 130 194
66 130 198
66 134 2
66 134 10
66 134 14
66 134 46
66 134 50
66 134 62
66 134 66
66 134 130
66 134 134
66 134 146
66 134 150
66 134 186
66 134 190
66 134 194
66 134 198
66 146 2
66 146 10
66 146 14
66 146 46
66 146 50
66 146 62
66 146 66
66 146 130
66 146 134
66 146 146
66 146 150
66 146 186
66 146 190
66 146 194
66 146 198
66 150 2
66 150 10
66 150 14
66 150 46
66 150 50
66 150 62
66 150 66
66 150 130
66 150 134
66 150 146
66 150 150
66 150 186
66 150 190
66 150 194
66 150 198
66 186 2
66 186 10
66 186 14
66 186 46
66 186 50
66 186 62
66 186 66
66 186 130
66 186 134
66 186 146
66 186 150
66 186 186
66 186 190
66 186 194
66 186 198
66 190 2
66 190 10
66 190 14
66 190 46
66 190 50
66 190 62
66 190 66
66 190 130
66 190 134
66 190 146
66 190 150
66 190 186
66 190 190
66 190 194
66 190 198
66 194 2
66 194 10
66 194 14
66 194 46
66 194 50
66 194 62
66 194 66
66 194 130
66 194 134
66 194 146
66 194 150
66 194 186
66 194 190
66 194 194
66 194 198
66 198 2
66 198 10
66 198 14
66 198 46
66 198 50
66 198 62
66 198 66
66 198 130
66 198 134
66 198 146
66 198 150
66 198 186
66 198 190
66 198 194
66 198 198
130 2 2
130 2 10
130 2 14
130 2 46
130 2 50
130 2 62
130 2 66
130 2 130
130 2 134
130 2 146
130 2 150
130 2 186
130 2 190
130 2 194
130 2 198
130 10 2
130 10 10
130 10 14
130 10 46
130 10 50
130 10 62
130 10 66
130 10 130
130 10 134
130 10 146
130 10 150
130 10 186
130 10 190
130 10 194
130 10 198
130 14 2
130 14 10
130 14 14
130 14 46
130 14 50
130 14 62
130 14 66
130 14 130
130 14 134
130 14 146
130 14 150
130 14 186
130 14 190
130 14 194
130 14 198
130 46 2
130 46 10
130 46 14
130 46 46
130 46 50
130 46 62
130 46 66
130 46 130
130 46 134
130 46 146
130 46 150
130 46 186
130 46 190
130 46 194
130 46 198
130 50 2
130 50 10
130 50 14
130 50 46
130 50 50
130 50 62
130 50 66
130 50 130
130 50 134
130 50 146
130 50 150
130 50 186
130 50 190
130 50 194
130 50 198
130 62 2
130 62 10
130 62 14
130 62 46
130 62 50
130 62 62
130 62 66
130 62 130
130 62 134
130 62 146
130 62 150
130 62 186
130 62 190
130 62 194
130 62 198
130 66 2
130 66 10
130 66 14
130 66 46
130 66 50
130 66 62
130 66 66
130 66 130
130 66 134
130 66 146
130 66 150
130 66 186
130 66 190
130 66 194
130 66 198
130 130 2
130 130 10
130 130 14
130 130 46
130 130 50
130 130 62
130 130 66
130 130 130
130 130 134
130 130 146
130 130 150
130 130 186
130 130 190
130 130 194
130 130 198
130 134 2
130 134 10
130 134 14
130 134 46
130 134 50
130 134 62
130 134 66
130 134 130
130 134 134
130 134 146
130 134 150
130 134 186
130 134 190
130 134 194
130 134 198
130 146 2
130 146 10
130 146 14
130 146 46
130 146 50
130 146 62
130 146 66
130 146 130
130 146 134
130 146 146
130 146 150
130 146 186
130 146 190
130 146 194
130 146 198
130 150 2
130 150 10
130 150 14
130 150 46
130 150 50
130 150 62
130 150 66
130 150 130
130 150 134
130 150 146
130 150 150
130 150 186
130 150 190
130 150 194
130 150 198
130 186 2
130 186 10
130 186 14
130 186 46
130 186 50
130 186 62
130 186 66
130 186 130
130 186 134
130 186 146
130 186 150
130 186 186
130 186 190
130 186 194
130 186 198
130 190 2
130 190 10
130 190 14
130 190 46
130 190 50
130 190 62
130 190 66
130 190 130
130 190 134
130 190 146
130 190 150
130 190 186
130 190 190
130 190 194
130 190 198
130 194 2
130 194 10
130 194 14
130 194 46
130 194 50
130 194 62
130 194 66
130 194 130
130 194 134
130 194 146
130 194 150
130 194 186
130 194 190
130 194 194
130 194 198
130 198 2
130 198 10
130 198 14
130 198 46
130 198 50
130 198 62
130 198 66
130 198 130
130 198 134
130 198 146
130 198 150
130 198 186
130 198 190
130 198 194
130 198 198
134 2 2
134 2 10
134 2 14
134 2 46
134 2 50
134 2 62
134 2 66
134 2 130
134 2 134
134 2 146
134 2 150
134 2 186
134 2 190
134 2 194
134 2 198
134 10 2
134 10 10
134 10 14
134 10 46
134 10 50
134 10 62
134 10 66
134 10 130
134 10 134
134 10 146
134 10 150
134 10 186
134 10 190
134 10 194
134 10 198
134 14 2
134 14 10
134 14 14
134 14 46
134 14 50
134 14 62
134 14 66
134 14 130
134 14 134
134 14 146
134 14 150
134 14 186
134 14 190
134 14 194
134 14 198
134 46 2
134 46 10
134 46 14
134 46 46
134 46 50
134 46 62
134 46 66
134 46 130
134 46 134
134 46 146
134 46 150
134 46 186
134 46 190
134 46 194
134 46 198
134 50 2
134 50 10
134 50 14
134 50 46
134 50 50
134 50 62
134 50 66
134 50 130
134 50 134
134 50 146
134 50 150
134 50 186
134 50 190
134 50 194
134 50 198
134 62 2
134 62 10
134 62 14
134 62 46
134 62 50
134 62 62
134 62 66
134 62 130
134 62 134
134 62 146
134 62 150
134 62 186
134 62 190
134 62 194
134 62 198
134 66 2
134 66 10
134 66 14
134 66 46
134 66 50
134 66 62
134 66 66
134 66 130
134 66 134
134 66 146
134 66 150
134 66 186
134 66 190
134 66 194
134 66 198
134 130 2
134 130 10
134 130 14
134 130 46
134 130 50
134 130 62
134 130 66
134 130 130
134 130 134
134 130 146
134 130 150
134 130 186
134 130 190
134 130 194
134 130 198
134 134 2
134 134 10
134 134 14
134 134 46
134 134 50
134 134 62
134 134 66
134 134 130
134 134 134
134 134 146
134 134 150
134 134 186
134 134 190
134 134 194
134 134 198
134 146 2
134 146 10
134 146 14
134 146 46
134 146 50
134 146 62
134 146 66
134 146 130
134 146 134
134 146 146
134 146 150
134 146 186
134 146 190
134 146 194
134 146 198
134 150 2
134 150 10
134 150 14
134 150 46
134 150 50
134 150 62
134 150 66
134 150 130
134 150 134
134 150 146
134 150 150
134 150 186
134 150 190
134 150 194
134 150 198
134 186 2
134 186 10
134 186 14
134 186 46
134 186 50
134 186 62
134 186 66
134 186 130
134 186 134
134 186 146
134 186 150
134 186 186
134 186 190
134 186 194
134 186 198
134 190 2
134 190 10
134 190 14
134 190 46
134 190 50
134 190 62
134 190 66
134 190 130
134 190 134
134 190 146
134 190 150
134 190 186
134 190 190
134 190 194
134 190 198
134 194 2
134 194 10
134 194 14
134 194 46
134 194 50
134 194 62
134 194 66
134 194 130
134 194 134
134 194 146
134 194 150
134 194 186
134 194 190
134 194 194
134 194 198
134 198 2
134 198 10
134 198 14
134 198 46
134 198 50
134 198 62
134 198 66
134 198 130
134 198 134
134 198 146
134 198 150
134 198 186
134 198 190
134 198 194
134 198 198
146 2 2
146 2 10
146 2 14
146 2 46
146 2 50
146 2 62
146 2 66
146 2 130
146 2 134
146 2 146
146 2 150
146 2 186
146 2 190
146 2 194
146 2 198
146 10 2
146 10 10
146 10 14
146 10 46
146 10 50
146 10 62
146 10 66
146 10 130
146 10 134
146 10 146
146 10 150
146 10 186
146 10 190
146 10 194
146 10 198
146 14 2
146 14 10
146 14 14
146 14 46
146 14 50
146 14 62
146 14 66
146 14 130
146 14 134
146 14 146
146 14 150
146 14 186
146 14 190
146 14 194
146 14 198
146 46 2
146 46 10
146 46 14
146 46 46
146 46 50
146 46 62
146 46 66
146 46 130
146 46 134
146 46 146
146 46 150
146 46 186
146 46 190
146 46 194
146 46 198
146 50 2
146 50 10
146 50 14
146 50 46
146 50 50
146 50 62
146 50 66
146 50 130
146 50 134
146 50 146
146 50 150
146 50 186
146 50 190
146 50 194
146 50 198
146 62 2
146 62 10
146 62 14
146 62 46
146 62 50
146 62 62
146 62 66
146 62 130
146 62 134
146 62 146
146 62 150
146 62 186
146 62 190
146 62 194
146 62 198
146 66 2
146 66 10
146 66 14
146 66 46
146 66 50
146 66 62
146 66 66
146 66 130
146 66 134
146 66 146
146 66 150
146 66 186
146 66 190
146 66 194
146 66 198
146 130 2
146 130 10
146 130 14
146 130 46
146 130 50
146 130 62
146 130 66
146 130 130
146 130 134
146 130 146
146 130 150
146 130 186
146 130 190
146 130 194
146 130 198
146 134 2
146 134 10
146 134 14
146 134 46
146 134 50
146 134 62
146 134 66
146 134 130
146 134 134
146 134 146
146 134 150
146 134 186
146 134 190
146 134 194
146 134 198
146 146 2
146 146 10
146 146 14
146 146 46
146 146 50
146 146 62
146 146 66
146 146 130
146 146 134
146 146 146
146 146 150
146 146 186
146 146 190
146 146 194
146 146 198
146 150 2
146 150 10
146 150 14
146 150 46
146 150 50
146 150 62
146 150 66
146 150 130
146 150 134
146 150 146
146 150 150
146 150 186
146 150 190
146 150 194
146 150 198
146 186 2
146 186 10
146 186 14
146 186 46
146 186 50
146 186 62
146 186 66
146 186 130
146 186 134
146 186 146
146 186 150
146 186 186
146 186 190
146 186 194
146 186 198
146 190 2
146 190 10
146 190 14
146 190 46
146 190 50
146 190 62
146 190 66
146 190 130
146 190 134
146 190 146
146 190 150
146 190 186
146 190 190
146 190 194
146 190 198
146 194 2
146 194 10
146 194 14
146 194 46
146 194 50
146 194 62
146 194 66
146 194 130
146 194 134
146 194 146
146 194 150
146 194 186
146 194 190
146 194 194
146 194 198
146 198 2
146 198 10
146 198 14
146 198 46
146 198 50
146 198 62
146 198 66
146 198 130
146 198 134
146 198 146
146 198 150
146 198 186
146 198 190
146 198 194
146 198 198
150 2 2
150 2 10
150 2 14
150 2 46
150 2 50
150 2 62
150 2 66
150 2 130
150 2 134
150 2 146
150 2 150
150 2 186
150 2 190
150 2 194
150 2 198
150 10 2
150 10 10
150 10 14
150 10 46
150 10 50
150 10 62
150 10 66
150 10 130
150 10 134
150 10 146
150 10 150
150 10 186
150 10 190
150 10 194
150 10 198
150 14 2
150 14 10
150 14 14
150 14 46
150 14 50
150 14 62
150 14 66
150 14 130
150 14 134
150 14 146
150 14 150
150 14 186
150 14 190
150 14 194
150 14 198
150 46 2
150 46 10
150 46 14
150 46 46
150 46 50
150 46 62
150 46 66
150 46 130
150 46 134
150 46 146
150 46 150
150 46 186
150 46 190
150 46 194
150 46 198
150 50 2
150 50 10
150 50 14
150 50 46
150 50 50
150 50 62
150 50 66
150 50 130
150 50 134
150 50 146
150 50 150
150 50 186
150 50 190
150 50 194
150 50 198
150 62 2
150 62 10
150 62 14
150 62 46
150 62 50
150 62 62
150 62 66
150 62 130
150 62 134
150 62 146
150 62 150
150 62 186
150 62 190
150 62 194
150 62 198
150 66 2
150 66 10
150 66 14
150 66 46
150 66 50
150 66 62
150 66 66
150 66 130
150 66 134
150 66 146
150 66 150
150 66 186
150 66 190
150 66 194
150 66 198
150 130 2
150 130 10
150 130 14
150 130 46
150 130 50
150 130 62
150 130 66
150 130 130
150 130 134
150 130 146
150 130 150
150 130 186
150 130 190
150 130 194
150 130 198
150 134 2
150 134 10
150 134 14
150 134 46
150 134 50
150 134 62
150 134 66
150 134 130
150 134 134
150 134 146
150 134 150
150 134 186
150 134 190
150 134 194
150 134 198
150 146 2
150 146 10
150 146 14
150 146 46
150 146 50
150 146 62
150 146 66
150 146 130
150 146 134
150 146 146
150 146 150
150 146 186
150 146 190
150 146 194
150 146 198
150 150 2
150 150 10
150 150 14
150 150 46
150 150 50
150 150 62
150 150 66
150 150 130
150 150 134
150 150 146
150 150 150
150 150 186
150 150 190
150 150 194
150 150 198
150 186 2
150 186 10
150 186 14
150 186 46
150 186 50
150 186 62
150 186 66
150 186 130
150 186 134
150 186 146
150 186 150
150 186 186
150 186 190
150 186 194
150 186 198
150 190 2
150 190 10
150 190 14
150 190 46
150 190 50
150 190 62
150 190 66
150 190 130
150 190 134
150 190 146
150 190 150
150 190 186
150 190 190
150 190 194
150 190 198
150 194 2
150 194 10
150 194 14
150 194 46
150 194 50
150 194 62
150 194 66
150 194 130
150 194 134
150 194 146
150 194 150
150 194 186
150 194 190
150 194 194
150 194 198
150 198 2
150 198 10
150 198 14
150 198 46
150 198 50
150 198 62
150 198 66
150 198 130
150 198 134
150 198 146
150 198 150
150 198 186
150 198 190
150 198 194
150 198 198
186 2 2
186 2 10
186 2 14
186 2 46
186 2 50
186 2 62
186 2 66
186 2 130
186 2 134
186 2 146
186 2 150
186 2 186
186 2 190
186 2 194
186 2 198
186 10 2
186 10 10
186 10 14
186 10 46
186 10 50
186 10 62
186 10 66
186 10 130
186 10 134
186 10 146
186 10 150
186 10 186
186 10 190
186 10 194
186 10 198
186 14 2
186 14 10
186 14 14
186 14 46
186 14 50
186 14 62
186 14 66
186 14 130
186 14 134
186 14 146
186 14 150
186 14 186
186 14 190
186 14 194
186 14 198
186 46 2
186 46 10
186 46 14
186 46 46
186 46 50
186 46 62
186 46 66
186 46 130
186 46 134
186 46 146
186 46 150
186 46 186
186 46 190
186 46 194
186 46 198
186 50 2
186 50 10
186 50 14
186 50 46
186 50 50
186 50 62
186 50 66
186 50 130
186 50 134
186 50 146
186 50 150
186 50 186
186 50 190
186 50 194
186 50 198
186 62 2
186 62 10
186 62 14
186 62 46
186 62 50
186 62 62
186 62 66
186 62 130
186 62 134
186 62 146
186 62 150
186 62 186
186 62 190
186 62 194
186 62 198
186 66 2
186 66 10
186 66 14
186 66 46
186 66 50
186 66 62
186 66 66
186 66 130
186 66 134
186 66 146
186 66 150
186 66 186
186 66 190
186 66 194
186 66 198
186 130 2
186 130 10
186 130 14
186 130 46
186 130 50
186 130 62
186 130 66
186 130 130
186 130 134
186 130 146
186 130 150
186 130 186
186 130 190
186 130 194
186 130 198
186 134 2
186 134 10
186 134 14
186 134 46
186 134 50
186 134 62
186 134 66
186 134 130
186 134 134
186 134 146
186 134 150
186 134 186
186 134 190
186 134 194
186 134 198
186 146 2
186 146 10
186 146 14
186 146 46
186 146 50
186 146 62
186 146 66
186 146 130
186 146 134
186 146 146
186 146 150
186 146 186
186 146 190
186 146 194
186 146 198
186 150 2
186 150 10
186 150 14
186 150 46
186 150 50
186 150 62
186 150 66
186 150 130
186 150 134
186 150 146
186 150 150
186 150 186
186 150 190
186 150 194
186 150 198
186 186 2
186 186 10
186 186 14
186 186 46
186 186 50
186 186 62
186 186 66
186 186 130
186 186 134
186 186 146
186 186 150
186 186 186
186 186 190
186 186 194
186 186 198
186 190 2
186 190 10
186 190 14
186 190 46
186 190 50
186 190 62
186 190 66
186 190 130
186 190 134
186 190 146
186 190 150
186 190 186
186 190 190
186 190 194
186 190 198
186 194 2
186 194 10
186 194 14
186 194 46
186 194 50
186 194 62
186 194 66
186 194 130
186 194 134
186 194 146
186 194 150
186 194 186
186 194 190
186 194 194
186 194 198
186 198 2
186 198 10
186 198 14
186 198 46
186 198 50
186 198 62
186 198 66
186 198 130
186 198 134
186 198 146
186 198 150
186 198 186
186 198 190
186 198 194
186 198 198
190 2 2
190 2 10
190 2 14
190 2 46
190 2 50
190 2 62
190 2 66
190 2 130
190 2 134
190 2 146
190 2 150
190 2 186
190 2 190
190 2 194
190 2 198
190 10 2
190 10 10
190 10 14
190 10 46
190 10 50
190 10 62
190 10 66
190 10 130
190 10 134
190 10 146
190 10 150
190 10 186
190 10 190
190 10 194
190 10 198
190 14 2
190 14 10
190 14 14
190 14 46
190 14 50
190 14 62
190 14 66
190 14 130
190 14 134
190 14 146
190 14 150
190 14 186
190 14 190
190 14 194
190 14 198
190 46 2
190 46 10
190 46 14
190 46 46
190 46 50
190 46 62
190 46 66
190 46 130
190 46 134
190 46 146
190 46 150
190 46 186
190 46 190
190 46 194
190 46 198
190 50 2
190 50 10
190 50 14
190 50 46
190 50 50
190 50 62
190 50 66
190 50 130
190 50 134
190 50 146
190 50 150
190 50 186
190 50 190
190 50 194
190 50 198
190 62 2
190 62 10
190 62 14
190 62 46
190 62 50
190 62 62
190 62 66
190 62 130
190 62 134
190 62 146
190 62 150
190 62 186
190 62 190
190 62 194
190 62 198
190 66 2
190 66 10
190 66 14
190 66 46
190 66 50
190 66 62
190 66 66
190 66 130
190 66 134
190 66 146
190 66 150
190 66 186
190 66 190
190 66 194
190 66 198
190 130 2
190 130 10
190 130 14
190 130 46
190 130 50
190 130 62
190 130 66
190 130 130
190 130 134
190 130 146
190 130 150
190 130 186
190 130 190
190 130 194
190 130 198
190 134 2
190 134 10
190 134 14
190 134 46
190 134 50
190 134 62
190 134 66
190 134 130
190 134 134
190 134 146
190 134 150
190 134 186
190 134 190
190 134 194
190 134 198
190 146 2
190 146 10
190 146 14
190 146 46
190 146 50
190 146 62
190 146 66
190 146 130
190 146 134
190 146 146
190 146 150
190 146 186
190 146 190
190 146 194
190 146 198
190 150 2
190 150 10
190 150 14
190 150 46
190 150 50
190 150 62
190 150 66
190 150 130
190 150 134
190 150 146
190 150 150
190 150 186
190 150 190
190 150 194
190 150 198
190 186 2
190 186 10
190 186 14
190 186 46
190 186 50
190 186 62
190 186 66
190 186 130
190 186 134
190 186 146
190 186 150
190 186 186
190 186 190
190 186 194
190 186 198
190 190 2
190 190 10
190 190 14
190 190 46
190 190 50
190 190 62
190 190 66
190 190 130
190 190 134
190 190 146
190 190 150
190 190 186
190 190 190
190 190 194
190 190 198
190 194 2
190 194 10
190 194 14
190 194 46
190 194 50
190 194 62
190 194 66
190 194 130
190 194 134
190 194 146
190 194 150
190 194 186
190 194 190
190 194 194
190 194 198
190 198 2
190 198 10
190 198 14
190 198 46
190 198 50
190 198 62
190 198 66
190 198 130
190 198 134
190 198 146
190 198 150
190 198 186
190 198 190
190 198 194
190 198 198
194 2 2
194 2 10
194 2 14
194 2 46
194 2 50
194 2 62
194 2 66
194 2 130
194 2 134
194 2 146
194 2 150
194 2 186
194 2 190
194 2 194
194 2 198
194 10 2
194 10 10
194 10 14
194 10 46
194 10 50
194 10 62
194 10 66
194 10 130
194 10 134
194 10 146
194 10 150
194 10 186
194 10 190
194 10 194
194 10 198
194 14 2
194 14 10
194 14 14
194 14 46
194 14 50
194 14 62
194 14 66
194 14 130
194 14 134
194 14 146
194 14 150
194 14 186
194 14 190
194 14 194
194 14 198
194 46 2
194 46 10
194 46 14
194 46 46
194 46 50
194 46 62
194 46 66
194 46 130
194 46 134
194 46 146
194 46 150
194 46 186
194 46 190
194 46 194
194 46 198
194 50 2
194 50 10
194 50 14
194 50 46
194 50 50
194 50 62
194 50 66
194 50 130
194 50 134
194 50 146
194 50 150
194 50 186
194 50 190
194 50 194
194 50 198
194 62 2
194 62 10
194 62 14
194 62 46
194 62 50
194 62 62
194 62 66
194 62 130
194 62 134
194 62 146
194 62 150
194 62 186
194 62 190
194 62 194
194 62 198
194 66 2
194 66 10
194 66 14
194 66 46
194 66 50
194 66 62
194 66 66
194 66 130
194 66 134
194 66 146
194 66 150
194 66 186
194 66 190
194 66 194
194 66 198
194 130 2
194 130 10
194 130 14
194 130 46
194 130 50
194 130 62
194 130 66
194 130 130
194 130 134
194 130 146
194 130 150
194 130 186
194 130 190
194 130 194
194 130 198
194 134 2
194 134 10
194 134 14
194 134 46
194 134 50
194 134 62
194 134 66
194 134 130
194 134 134
194 134 146
194 134 150
194 134 186
194 134 190
194 134 194
194 134 198
194 146 2
194 146 10
194 146 14
194 146 46
194 146 50
194 146 62
194 146 66
194 146 130
194 146 134
194 146 146
194 146 150
194 146 186
194 146 190
194 146 194
194 146 198
194 150 2
194 150 10
194 150 14
194 150 46
194 150 50
194 150 62
194 150 66
194 150 130
194 150 134
194 150 146
194 150 150
194 150 186
194 150 190
194 150 194
194 150 198
194 186 2
194 186 10
194 186 14
194 186 46
194 186 50
194 186 62
194 186 66
194 186 130
194 186 134
194 186 146
194 186 150
194 186 186
194 186 190
194 186 194
194 186 198
194 190 2
194 190 10
194 190 14
194 190 46
194 190 50
194 190 62
194 190 66
194 190 130
194 190 134
194 190 146
194 190 150
194 190 186
194 190 190
194 190 194
194 190 198
194 194 2
194 194 10
194 194 14
194 194 46
194 194 50
194 194 62
194 194 66
194 194 130
194 194 134
194 194 146
194 194 150
194 194 186
194 194 190
194 194 194
194 194 198
194 198 2
194 198 10
194 198 14
194 198 46
194 198 50
194 198 62
194 198 66
194 198 130
194 198 134
194 198 146
194 198 150
194 198 186
194 198 190
194 198 194
194 198 198
198 2 2
198 2 10
198 2 14
198 2 46
198 2 50
198 2 62
198 2 66
198 2 130
198 2 134
198 2 146
198 2 150
198 2 186
198 2 190
198 2 194
198 2 198
198 10 2
198 10 10
198 10 14
198 10 46
198 10 50
198 10 62
198 10 66
198 10 130
198 10 134
198 10 146
198 10 150
198 10 186
198 10 190
198 10 194
198 10 198
198 14 2
198 14 10
198 14 14
198 14 46
198 14 50
198 14 62
198 14 66
198 14 130
198 14 134
198 14 146
198 14 150
198 14 186
198 14 190
198 14 194
198 14 198
198 46 2
198 46 10
198 46 14
198 46 46
198 46 50
198 46 62
198 46 66
198 46 130
198 46 134
198 46 146
198 46 150
198 46 186
198 46 190
198 46 194
198 46 198
198 50 2
198 50 10
198 50 14
198 50 46
198 50 50
198 50 62
198 50 66
198 50 130
198 50 134
198 50 146
198 50 150
198 50 186
198 50 190
198 50 194
198 50 198
198 62 2
198 62 10
198 62 14
198 62 46
198 62 50
198 62 62
198 62 66
198 62 130
198 62 134
198 62 146
198 62 150
198 62 186
198 62 190
198 62 194
198 62 198
198 66 2
198 66 10
198 66 14
198 66 46
198 66 50
198 66 62
198 66 66
198 66 130
198 66 134
198 66 146
198 66 150
198 66 186
198 66 190
198 66 194
198 66 198
198 130 2
198 130 10
198 130 14
198 130 46
198 130 50
198 130 62
198 130 66
198 130 130
198 130 134
198 130 146
198 130 150
198 130 186
198 130 190
198 130 194
198 130 198
198 134 2
198 134 10
198 134 14
198 134 46
198 134 50
198 134 62
198 134 66
198 134 130
198 134 134
198 134 146
198 134 150
198 134 186
198 134 190
198 134 194
198 134 198
198 146 2
198 146 10
198 146 14
198 146 46
198 146 50
198 146 62
198 146 66
198 146 130
198 146 134
198 146 146
198 146 150
198 146 186
198 146 190
198 146 194
198 146 198
198 150 2
198 150 10
198 150 14
198 150 46
198 150 50
198 150 62
198 150 66
198 150 130
198 150 134
198 150 146
198 150 150
198 150 186
198 150 190
198 150 194
198 150 198
198 186 2
198 186 10
198 186 14
198 186 46
198 186 50
198 186 62
198 186 66
198 186 130
198 186 134
198 186 146
198 186 150
198 186 186
198 186 190
198 186 194
198 186 198
198 190 2
198 190 10
198 190 14
198 190 46
198 190 50
198 190 62
198 190 66
198 190 130
198 190 134
198 190 146
198 190 150
198 190 186
198 190 190
198 190 194
198 190 198
198 194 2
198 194 10
198 194 14
198 194 46
198 194 50
198 194 62
198 194 66
198 194 130
198 194 134
198 194 146
198 194 150
198 194 186
198 194 190
198 194 194
198 194 198
198 198 2
198 198 10
198 198 14
198 198 46
198 198 50
198 198 62
198 198 66
198 198 130
198 198 134
198 198 146
198 198 150
198 198 186
198 198 190
198 198 194
198 198 198
