200
0 0 0
0 0 8
0 0 52
0 0 60
0 0 136
0 0 144
0 0 192
0 8 0
0 8 8
0 8 52
0 8 60
0 8 136
0 8 144
0 8 192
0 52 0
0 52 8
0 52 52
0 52 60
0 52 136
0 52 144
0 52 192
0 60 0
0 60 8
0 60 52
0 60 60
0 60 136
0 60 144
0 60 192
0 136 0
0 136 8
0 136 52
0 136 60
0 136 136
0 136 144
0 136 192
0 144 0
0 144 8
0 144 52
0 144 60
0 144 136
0 144 144
0 144 192
0 192 0
0 192 8
0 192 52
0 192 60
0 192 136
0 192 144
0 192 192
8 0 0
8 0 8
8 0 52
8 0 60
8 0 136
8 0 144
8 0 192
8 8 0
8 8 8
8 8 52
8 8 60
8 8 136
8 8 144
8 8 192
8 52 0
8 52 8
8 52 52
8 52 60
8 52 136
8 52 144
8 52 192
8 60 0
8 60 8
8 60 52
8 60 60
8 60 136
8 60 144
8 60 192
8 136 0
8 136 8
8 136 52
8 136 60
8 136 136
8 136 144
8 136 192
8 144 0
8 144 8
8 144 52
8 144 60
8 144 136
8 144 144
8 144 192
8 192 0
8 192 8
8 192 52
8 192 60
8 192 136
8 192 144
8 192 192
52 0 0
52 0 8
52 0 52
52 0 60
52 0 136
52 0 144
52 0 192
52 8 0
52 8 8
52 8 52
52 8 60
52 8 136
52 8 144
52 8 192
52 52 0
52 52 8
52 52 52
52 52 60
52 52 136
52 52 144
52 52 192
52 60 0
52 60 8
52 60 52
52 60 60
52 60 136
52 60 144
52 60 192
52 136 0
52 136 8
52 136 52
52 136 60
52 136 136
52 136 144
52 136 192
52 144 0
52 144 8
52 144 52
52 144 60
52 144 136
52 144 144
52 144 192
52 192 0
52 192 8
52 192 52
52 192 60
52 192 136
52 192 144
52 192 192
60 0 0
60 0 8
60 0 52
60 0 60
60 0 136
60 0 144
60 0 192
60 8 0
60 8 8
60 8 52
60 8 60
60 8 136
60 8 144
60 8 192
60 52 0
60 52 8
60 52 52
60 52 60
60 52 136
60 52 144
60 52 192
60 60 0
60 60 8
60 60 52
60 60 60
60 60 136
60 60 144
60 60 192
60 136 0
60 136 8
60 136 52
60 136 60
60 136 136
60 136 144
60 136 192
60 144 0
60 144 8
60 144 52
60 144 60
60 144 136
60 144 144
60 144 192
60 192 0
60 192 8
60 192 52
60 192 60
60 192 136
60 192 144
60 192 192
136 0 0
136 0 8
136 0 52
136 0 60
136 0 136
136 0 144
136 0 192
136 8 0
136 8 8
136 8 52
136 8 60
136 8 136
136 8 144
136 8 192
136 52 0
136 52 8
136 52 52
136 52 60
136 52 136
136 52 144
136 52 192
136 60 0
136 60 8
136 60 52
136 60 60
136 60 136
136 60 144
136 60 192
136 136 0
136 136 8
136 136 52
136 136 60
136 136 136
136 136 144
136 136 192
136 144 0
136 144 8
136 144 52
136 144 60
136 144 136
136 144 144
136 144 192
136 192 0
136 192 8
136 192 52
136 192 60
136 192 136
136 192 144
136 192 192
144 0 0
144 0 8
144 0 52
144 0 60
144 0 136
144 0 144
144 0 192
144 8 0
144 8 8
144 8 52
144 8 60
144 8 136
144 8 144
144 8 192
144 52 0
144 52 8
144 52 52
144 52 60
144 52 136
144 52 144
144 52 192
144 60 0
144 60 8
144 60 52
144 60 60
144 60 136
144 60 144
144 60 192
144 136 0
144 136 8
144 136 52
144 136 60
144 136 136
144 136 144
144 136 192
144 144 0
144 144 8
144 144 52
144 144 60
144 144 136
144 144 144
144 144 192
144 192 0
144 192 8
144 192 52
144 192 60
144 192 136
144 192 144
144 192 192
192 0 0
192 0 8
192 0 52
192 0 60
192 0 136
192 0 144
192 0 192
192 8 0
192 8 8
192 8 52
192 8 60
192 8 136
192 8 144
192 8 192
192 52 0
192 52 8
192 52 52
192 52 60
192 52 136
192 52 144
192 52 192
192 60 0
192 60 8
192 60 52
192 60 60
192 60 136
192 60 144
192 60 192
192 136 0
192 136 8
192 136 52
192 136 60
192 136 136
192 136 144
192 136 192
192 144 0
192 144 8
192 144 52
192 144 60
192 144 136
192 144 144
192 144 192
192 192 0
192 192 8
192 192 52
192 192 60
192 192 136
192 192 144
192 192 192
