200
8 8 8
8 8 20
8 8 40
8 8 72
8 8 124
8 8 156
8 8 180
8 8 188
8 20 8
8 20 20
8 20 40
8 20 72
8 20 124
8 20 156
8 20 180
8 20 188
8 40 8
8 40 20
8 40 40
8 40 72
8 40 124
8 40 156
8 40 180
8 40 188
8 72 8
8 72 20
8 72 40
8 72 72
8 72 124
8 72 156
8 72 180
8 72 188
8 124 8
8 124 20
8 124 40
8 124 72
8 124 124
8 124 156
8 124 180
8 124 188
8 156 8
8 156 20
8 156 40
8 156 72
8 156 124
8 156 156
8 156 180
8 156 188
8 180 8
8 180 20
8 180 40
8 180 72
8 180 124
8 180 156
8 180 180
8 180 188
8 188 8
8 188 20
8 188 40
8 188 72
8 188 124
8 188 156
8 188 180
8 188 188
20 8 8
20 8 20
20 8 40
20 8 72
20 8 124
20 8 156
20 8 180
20 8 188
20 20 8
20 20 20
20 20 40
20 20 72
20 20 124
20 20 156
20 20 180
20 20 188
20 40 8
20 40 20
20 40 40
20 40 72
20 40 124
20 40 156
20 40 180
20 40 188
20 72 8
20 72 20
20 72 40
20 72 72
20 72 124
20 72 156
20 72 180
20 72 188
20 124 8
20 124 20
20 124 40
20 124 72
20 124 124
20 124 156
20 124 180
20 124 188
20 156 8
20 156 20
20 156 40
20 156 72
20 156 124
20 156 156
20 156 180
20 156 188
20 180 8
20 180 20
20 180 40
20 180 72
20 180 124
20 180 156
20 180 180
20 180 188
20 188 8
20 188 20
20 188 40
20 188 72
20 188 124
20 188 156
20 188 180
20 188 188
40 8 8
40 8 20
40 8 40
40 8 72
40 8 124
40 8 156
40 8 180
40 8 188
40 20 8
40 20 20
40 20 40
40 20 72
40 20 124
40 20 156
40 20 180
40 20 188
40 40 8
40 40 20
40 40 40
40 40 72
40 40 124
40 40 156
40 40 180
40 40 188
40 72 8
40 72 20
40 72 40
40 72 72
40 72 124
40 72 156
40 72 180
40 72 188
40 124 8
40 124 20
40 124 40
40 124 72
40 124 124
40 124 156
40 124 180
40 124 188
40 156 8
40 156 20
40 156 40
40 156 72
40 156 124
40 156 156
40 156 180
40 156 188
40 180 8
40 180 20
40 180 40
40 180 72
40 180 124
40 180 156
40 180 180
40 180 188
40 188 8
40 188 20
40 188 40
40 188 72
40 188 124
40 188 156
40 188 180
40 188 188
72 8 8
72 8 20
72 8 40
72 8 72
72 8 124
72 8 156
72 8 180
72 8 188
72 20 8
72 20 20
72 20 40
72 20 72
72 20 124
72 20 156
72 20 180
72 20 188
72 40 8
72 40 20
72 40 40
72 40 72
72 40 124
72 40 156
72 40 180
72 40 188
72 72 8
72 72 20
72 72 40
72 72 72
72 72 124
72 72 156
72 72 180
72 72 188
72 124 8
72 124 20
72 124 40
72 124 72
72 124 124
72 124 156
72 124 180
72 124 188
72 156 8
72 156 20
72 156 40
72 156 72
72 156 124
72 156 156
72 156 180
72 156 188
72 180 8
72 180 20
72 180 40
72 180 72
72 180 124
72 180 156
72 180 180
72 180 188
72 188 8
72 188 20
72 188 40
72 188 72
72 188 124
72 188 156
72 188 180
72 188 188
124 8 8
124 8 20
124 8 40
124 8 72
124 8 124
124 8 156
124 8 180
124 8 188
124 20 8
124 20 20
124 20 40
124 20 72
124 20 124
124 20 156
124 20 180
124 20 188
124 40 8
124 40 20
124 40 40
124 40 72
124 40 124
124 40 156
124 40 180
124 40 188
124 72 8
124 72 20
124 72 40
124 72 72
124 72 124
124 72 156
124 72 180
124 72 188
124 124 8
124 124 20
124 124 40
124 124 72
124 124 124
124 124 156
124 124 180
124 124 188
124 156 8
124 156 20
124 156 40
124 156 72
124 156 124
124 156 156
124 156 180
124 156 188
124 180 8
124 180 20
124 180 40
124 180 72
124 180 124
124 180 156
124 180 180
124 180 188
124 188 8
124 188 20
124 188 40
124 188 72
124 188 124
124 188 156
124 188 180
124 188 188
156 8 8
156 8 20
156 8 40
156 8 72
156 8 124
156 8 156
156 8 180
156 8 188
156 20 8
156 20 20
156 20 40
156 20 72
156 20 124
156 20 156
156 20 180
156 20 188
156 40 8
156 40 20
156 40 40
156 40 72
156 40 124
156 40 156
156 40 180
156 40 188
156 72 8
156 72 20
156 72 40
156 72 72
156 72 124
156 72 156
156 72 180
156 72 188
156 124 8
156 124 20
156 124 40
156 124 72
156 124 124
156 124 156
156 124 180
156 124 188
156 156 8
156 156 20
156 156 40
156 156 72
156 156 124
156 156 156
156 156 180
156 156 188
156 180 8
156 180 20
156 180 40
156 180 72
156 180 124
156 180 156
156 180 180
156 180 188
156 188 8
156 188 20
156 188 40
156 188 72
156 188 124
156 188 156
156 188 180
156 188 188
180 8 8
180 8 20
180 8 40
180 8 72
180 8 124
180 8 156
180 8 180
180 8 188
180 20 8
180 20 20
180 20 40
180 20 72
180 20 124
180 20 156
180 20 180
180 20 188
180 40 8
180 40 20
180 40 40
180 40 72
180 40 124
180 40 156
180 40 180
180 40 188
180 72 8
180 72 20
180 72 40
180 72 72
180 72 124
180 72 156
180 72 180
180 72 188
180 124 8
180 124 20
180 124 40
180 124 72
180 124 124
180 124 156
180 124 180
180 124 188
180 156 8
180 156 20
180 156 40
180 156 72
180 156 124
180 156 156
180 156 180
180 156 188
180 180 8
180 180 20
180 180 40
180 180 72
180 180 124
180 180 156
180 180 180
180 180 188
180 188 8
180 188 20
180 188 40
180 188 72
180 188 124
180 188 156
180 188 180
180 188 188
188 8 8
188 8 20
188 8 40
188 8 72
188 8 124
188 8 156
188 8 180
188 8 188
188 20 8
188 20 20
188 20 40
188 20 72
188 20 124
188 20 156
188 20 180
188 20 188
188 40 8
188 40 20
188 40 40
188 40 72
188 40 124
188 40 156
188 40 180
188 40 188
188 72 8
188 72 20
188 72 40
188 72 72
188 72 124
188 72 156
188 72 180
188 72 188
188 124 8
188 124 20
188 124 40
188 124 72
188 124 124
188 124 156
188 124 180
188 124 188
188 156 8
188 156 20
188 156 40
188 156 72
188 156 124
188 156 156
188 156 180
188 156 188
188 180 8
188 180 20
188 180 40
188 180 72
188 180 124
188 180 156
188 180 180
188 180 188
188 188 8
188 188 20
188 188 40
188 188 72
188 188 124
188 188 156
188 188 180
188 188 188
