200
46 46 46
46 46 50
46 46 54
46 46 58
46 46 78
46 46 82
46 46 86
46 46 90
46 46 110
46 46 114
46 46 118
46 46 122
46 46 142
46 46 146
46 46 150
46 46 154
46 50 46
46 50 50
46 50 54
46 50 58
46 50 78
46 50 82
46 50 86
46 50 90
46 50 110
46 50 114
46 50 118
46 50 122
46 50 142
46 50 146
46 50 150
46 50 154
46 54 46
46 54 50
46 54 54
46 54 58
46 54 78
46 54 82
46 54 86
46 54 90
46 54 110
46 54 114
46 54 118
46 54 122
46 54 142
46 54 146
46 54 150
46 54 154
46 58 46
46 58 50
46 58 54
46 58 58
46 58 78
46 58 82
46 58 86
46 58 90
46 58 110
46 58 114
46 58 118
46 58 122
46 58 142
46 58 146
46 58 150
46 58 154
46 78 46
46 78 50
46 78 54
46 78 58
46 78 78
46 78 82
46 78 86
46 78 90
46 78 110
46 78 114
46 78 118
46 78 122
46 78 142
46 78 146
46 78 150
46 78 154
46 82 46
46 82 50
46 82 54
46 82 58
46 82 78
46 82 82
46 82 86
46 82 90
46 82 110
46 82 114
46 82 118
46 82 122
46 82 142
46 82 146
46 82 150
46 82 154
46 86 46
46 86 50
46 86 54
46 86 58
46 86 78
46 86 82
46 86 86
46 86 90
46 86 110
46 86 114
46 86 118
46 86 122
46 86 142
46 86 146
46 86 150
46 86 154
46 90 46
46 90 50
46 90 54
46 90 58
46 90 78
46 90 82
46 90 86
46 90 90
46 90 110
46 90 114
46 90 118
46 90 122
46 90 142
46 90 146
46 90 150
46 90 154
46 110 46
46 110 50
46 110 54
46 110 58
46 110 78
46 110 82
46 110 86
46 110 90
46 110 110
46 110 114
46 110 118
46 110 122
46 110 142
46 110 146
46 110 150
46 110 154
46 114 46
46 114 50
46 114 54
46 114 58
46 114 78
46 114 82
46 114 86
46 114 90
46 114 110
46 114 114
46 114 118
46 114 122
46 114 142
46 114 146
46 114 150
46 114 154
46 118 46
46 118 50
46 118 54
46 118 58
46 118 78
46 118 82
46 118 86
46 118 90
46 118 110
46 118 114
46 118 118
46 118 122
46 118 142
46 118 146
46 118 150
46 118 154
46 122 46
46 122 50
46 122 54
46 122 58
46 122 78
46 122 82
46 122 86
46 122 90
46 122 110
46 122 114
46 122 118
46 122 122
46 122 142
46 122 146
46 122 150
46 122 154
46 142 46
46 142 50
46 142 54
46 142 58
46 142 78
46 142 82
46 142 86
46 142 90
46 142 110
46 142 114
46 142 118
46 142 122
46 142 142
46 142 146
46 142 150
46 142 154
46 146 46
46 146 50
46 146 54
46 146 58
46 146 78
46 146 82
46 146 86
46 146 90
46 146 110
46 146 114
46 146 118
46 146 122
46 146 142
46 146 146
46 146 150
46 146 154
46 150 46
46 150 50
46 150 54
46 150 58
46 150 78
46 150 82
46 150 86
46 150 90
46 150 110
46 150 114
46 150 118
46 150 122
46 150 142
46 150 146
46 150 150
46 150 154
46 154 46
46 154 50
46 154 54
46 154 58
46 154 78
46 154 82
46 154 86
46 154 90
46 154 110
46 154 114
46 154 118
46 154 122
46 154 142
46 154 146
46 154 150
46 154 154
50 46 46
50 46 50
50 46 54
50 46 58
50 46 78
50 46 82
50 46 86
50 46 90
50 46 110
50 46 114
50 46 118
50 46 122
50 46 142
50 46 146
50 46 150
50 46 154
50 50 46
50 50 50
50 50 54
50 50 58
50 50 78
50 50 82
50 50 86
50 50 90
50 50 110
50 50 114
50 50 118
50 50 122
50 50 142
50 50 146
50 50 150
50 50 154
50 54 46
50 54 50
50 54 54
50 54 58
50 54 78
50 54 82
50 54 86
50 54 90
50 54 110
50 54 114
50 54 118
50 54 122
50 54 142
50 54 146
50 54 150
50 54 154
50 58 46
50 58 50
50 58 54
50 58 58
50 58 78
50 58 82
50 58 86
50 58 90
50 58 110
50 58 114
50 58 118
50 58 122
50 58 142
50 58 146
50 58 150
50 58 154
50 78 46
50 78 50
50 78 54
50 78 58
50 78 78
50 78 82
50 78 86
50 78 90
50 78 110
50 78 114
50 78 118
50 78 122
50 78 142
50 78 146
50 78 150
50 78 154
50 82 46
50 82 50
50 82 54
50 82 58
50 82 78
50 82 82
50 82 86
50 82 90
50 82 110
50 82 114
50 82 118
50 82 122
50 82 142
50 82 146
50 82 150
50 82 154
50 86 46
50 86 50
50 86 54
50 86 58
50 86 78
50 86 82
50 86 86
50 86 90
50 86 110
50 86 114
50 86 118
50 86 122
50 86 142
50 86 146
50 86 150
50 86 154
50 90 46
50 90 50
50 90 54
50 90 58
50 90 78
50 90 82
50 90 86
50 90 90
50 90 110
50 90 114
50 90 118
50 90 122
50 90 142
50 90 146
50 90 150
50 90 154
50 110 46
50 110 50
50 110 54
50 110 58
50 110 78
50 110 82
50 110 86
50 110 90
50 110 110
50 110 114
50 110 118
50 110 122
50 110 142
50 110 146
50 110 150
50 110 154
50 114 46
50 114 50
50 114 54
50 114 58
50 114 78
50 114 82
50 114 86
50 114 90
50 114 110
50 114 114
50 114 118
50 114 122
50 114 142
50 114 146
50 114 150
50 114 154
50 118 46
50 118 50
50 118 54
50 118 58
50 118 78
50 118 82
50 118 86
50 118 90
50 118 110
50 118 114
50 118 118
50 118 122
50 118 142
50 118 146
50 118 150
50 118 154
50 122 46
50 122 50
50 122 54
50 122 58
50 122 78
50 122 82
50 122 86
50 122 90
50 122 110
50 122 114
50 122 118
50 122 122
50 122 142
50 122 146
50 122 150
50 122 154
50 142 46
50 142 50
50 142 54
50 142 58
50 142 78
50 142 82
50 142 86
50 142 90
50 142 110
50 142 114
50 142 118
50 142 122
50 142 142
50 142 146
50 142 150
50 142 154
50 146 46
50 146 50
50 146 54
50 146 58
50 146 78
50 146 82
50 146 86
50 146 90
50 146 110
50 146 114
50 146 118
50 146 122
50 146 142
50 146 146
50 146 150
50 146 154
50 150 46
50 150 50
50 150 54
50 150 58
50 150 78
50 150 82
50 150 86
50 150 90
50 150 110
50 150 114
50 150 118
50 150 122
50 150 142
50 150 146
50 150 150
50 150 154
50 154 46
50 154 50
50 154 54
50 154 58
50 154 78
50 154 82
50 154 86
50 154 90
50 154 110
50 154 114
50 154 118
50 154 122
50 154 142
50 154 146
50 154 150
50 154 154
54 46 46
54 46 50
54 46 54
54 46 58
54 46 78
54 46 82
54 46 86
54 46 90
54 46 110
54 46 114
54 46 118
54 46 122
54 46 142
54 46 146
54 46 150
54 46 154
54 50 46
54 50 50
54 50 54
54 50 58
54 50 78
54 50 82
54 50 86
54 50 90
54 50 110
54 50 114
54 50 118
54 50 122
54 50 142
54 50 146
54 50 150
54 50 154
54 54 46
54 54 50
54 54 54
54 54 58
54 54 78
54 54 82
54 54 86
54 54 90
54 54 110
54 54 114
54 54 118
54 54 122
54 54 142
54 54 146
54 54 150
54 54 154
54 58 46
54 58 50
54 58 54
54 58 58
54 58 78
54 58 82
54 58 86
54 58 90
54 58 110
54 58 114
54 58 118
54 58 122
54 58 142
54 58 146
54 58 150
54 58 154
54 78 46
54 78 50
54 78 54
54 78 58
54 78 78
54 78 82
54 78 86
54 78 90
54 78 110
54 78 114
54 78 118
54 78 122
54 78 142
54 78 146
54 78 150
54 78 154
54 82 46
54 82 50
54 82 54
54 82 58
54 82 78
54 82 82
54 82 86
54 82 90
54 82 110
54 82 114
54 82 118
54 82 122
54 82 142
54 82 146
54 82 150
54 82 154
54 86 46
54 86 50
54 86 54
54 86 58
54 86 78
54 86 82
54 86 86
54 86 90
54 86 110
54 86 114
54 86 118
54 86 122
54 86 142
54 86 146
54 86 150
54 86 154
54 90 46
54 90 50
54 90 54
54 90 58
54 90 78
54 90 82
54 90 86
54 90 90
54 90 110
54 90 114
54 90 118
54 90 122
54 90 142
54 90 146
54 90 150
54 90 154
54 110 46
54 110 50
54 110 54
54 110 58
54 110 78
54 110 82
54 110 86
54 110 90
54 110 110
54 110 114
54 110 118
54 110 122
54 110 142
54 110 146
54 110 150
54 110 154
54 114 46
54 114 50
54 114 54
54 114 58
54 114 78
54 114 82
54 114 86
54 114 90
54 114 110
54 114 114
54 114 118
54 114 122
54 114 142
54 114 146
54 114 150
54 114 154
54 118 46
54 118 50
54 118 54
54 118 58
54 118 78
54 118 82
54 118 86
54 118 90
54 118 110
54 118 114
54 118 118
54 118 122
54 118 142
54 118 146
54 118 150
54 118 154
54 122 46
54 122 50
54 122 54
54 122 58
54 122 78
54 122 82
54 122 86
54 122 90
54 122 110
54 122 114
54 122 118
54 122 122
54 122 142
54 122 146
54 122 150
54 122 154
54 142 46
54 142 50
54 142 54
54 142 58
54 142 78
54 142 82
54 142 86
54 142 90
54 142 110
54 142 114
54 142 118
54 142 122
54 142 142
54 142 146
54 142 150
54 142 154
54 146 46
54 146 50
54 146 54
54 146 58
54 146 78
54 146 82
54 146 86
54 146 90
54 146 110
54 146 114
54 146 118
54 146 122
54 146 142
54 146 146
54 146 150
54 146 154
54 150 46
54 150 50
54 150 54
54 150 58
54 150 78
54 150 82
54 150 86
54 150 90
54 150 110
54 150 114
54 150 118
54 150 122
54 150 142
54 150 146
54 150 150
54 150 154
54 154 46
54 154 50
54 154 54
54 154 58
54 154 78
54 154 82
54 154 86
54 154 90
54 154 110
54 154 114
54 154 118
54 154 122
54 154 142
54 154 146
54 154 150
54 154 154
58 46 46
58 46 50
58 46 54
58 46 58
58 46 78
58 46 82
58 46 86
58 46 90
58 46 110
58 46 114
58 46 118
58 46 122
58 46 142
58 46 146
58 46 150
58 46 154
58 50 46
58 50 50
58 50 54
58 50 58
58 50 78
58 50 82
58 50 86
58 50 90
58 50 110
58 50 114
58 50 118
58 50 122
58 50 142
58 50 146
58 50 150
58 50 154
58 54 46
58 54 50
58 54 54
58 54 58
58 54 78
58 54 82
58 54 86
58 54 90
58 54 110
58 54 114
58 54 118
58 54 122
58 54 142
58 54 146
58 54 150
58 54 154
58 58 46
58 58 50
58 58 54
58 58 58
58 58 78
58 58 82
58 58 86
58 58 90
58 58 110
58 58 114
58 58 118
58 58 122
58 58 142
58 58 146
58 58 150
58 58 154
58 78 46
58 78 50
58 78 54
58 78 58
58 78 78
58 78 82
58 78 86
58 78 90
58 78 110
58 78 114
58 78 118
58 78 122
58 78 142
58 78 146
58 78 150
58 78 154
58 82 46
58 82 50
58 82 54
58 82 58
58 82 78
58 82 82
58 82 86
58 82 90
58 82 110
58 82 114
58 82 118
58 82 122
58 82 142
58 82 146
58 82 150
58 82 154
58 86 46
58 86 50
58 86 54
58 86 58
58 86 78
58 86 82
58 86 86
58 86 90
58 86 110
58 86 114
58 86 118
58 86 122
58 86 142
58 86 146
58 86 150
58 86 154
58 90 46
58 90 50
58 90 54
58 90 58
58 90 78
58 90 82
58 90 86
58 90 90
58 90 110
58 90 114
58 90 118
58 90 122
58 90 142
58 90 146
58 90 150
58 90 154
58 110 46
58 110 50
58 110 54
58 110 58
58 110 78
58 110 82
58 110 86
58 110 90
58 110 110
58 110 114
58 110 118
58 110 122
58 110 142
58 110 146
58 110 150
58 110 154
58 114 46
58 114 50
58 114 54
58 114 58
58 114 78
58 114 82
58 114 86
58 114 90
58 114 110
58 114 114
58 114 118
58 114 122
58 114 142
58 114 146
58 114 150
58 114 154
58 118 46
58 118 50
58 118 54
58 118 58
58 118 78
58 118 82
58 118 86
58 118 90
58 118 110
58 118 114
58 118 118
58 118 122
58 118 142
58 118 146
58 118 150
58 118 154
58 122 46
58 122 50
58 122 54
58 122 58
58 122 78
58 122 82
58 122 86
58 122 90
58 122 110
58 122 114
58 122 118
58 122 122
58 122 142
58 122 146
58 122 150
58 122 154
58 142 46
58 142 50
58 142 54
58 142 58
58 142 78
58 142 82
58 142 86
58 142 90
58 142 110
58 142 114
58 142 118
58 142 122
58 142 142
58 142 146
58 142 150
58 142 154
58 146 46
58 146 50
58 146 54
58 146 58
58 146 78
58 146 82
58 146 86
58 146 90
58 146 110
58 146 114
58 146 118
58 146 122
58 146 142
58 146 146
58 146 150
58 146 154
58 150 46
58 150 50
58 150 54
58 150 58
58 150 78
58 150 82
58 150 86
58 150 90
58 150 110
58 150 114
58 150 118
58 150 122
58 150 142
58 150 146
58 150 150
58 150 154
58 154 46
58 154 50
58 154 54
58 154 58
58 154 78
58 154 82
58 154 86
58 154 90
58 154 110
58 154 114
58 154 118
58 154 122
58 154 142
58 154 146
58 154 150
58 154 154
78 46 46
78 46 50
78 46 54
78 46 58
78 46 78
78 46 82
78 46 86
78 46 90
78 46 110
78 46 114
78 46 118
78 46 122
78 46 142
78 46 146
78 46 150
78 46 154
78 50 46
78 50 50
78 50 54
78 50 58
78 50 78
78 50 82
78 50 86
78 50 90
78 50 110
78 50 114
78 50 118
78 50 122
78 50 142
78 50 146
78 50 150
78 50 154
78 54 46
78 54 50
78 54 54
78 54 58
78 54 78
78 54 82
78 54 86
78 54 90
78 54 110
78 54 114
78 54 118
78 54 122
78 54 142
78 54 146
78 54 150
78 54 154
78 58 46
78 58 50
78 58 54
78 58 58
78 58 78
78 58 82
78 58 86
78 58 90
78 58 110
78 58 114
78 58 118
78 58 122
78 58 142
78 58 146
78 58 150
78 58 154
78 78 46
78 78 50
78 78 54
78 78 58
78 78 78
78 78 82
78 78 86
78 78 90
78 78 110
78 78 114
78 78 118
78 78 122
78 78 142
78 78 146
78 78 150
78 78 154
78 82 46
78 82 50
78 82 54
78 82 58
78 82 78
78 82 82
78 82 86
78 82 90
78 82 110
78 82 114
78 82 118
78 82 122
78 82 142
78 82 146
78 82 150
78 82 154
78 86 46
78 86 50
78 86 54
78 86 58
78 86 78
78 86 82
78 86 86
78 86 90
78 86 110
78 86 114
78 86 118
78 86 122
78 86 142
78 86 146
78 86 150
78 86 154
78 90 46
78 90 50
78 90 54
78 90 58
78 90 78
78 90 82
78 90 86
78 90 90
78 90 110
78 90 114
78 90 118
78 90 122
78 90 142
78 90 146
78 90 150
78 90 154
78 110 46
78 110 50
78 110 54
78 110 58
78 110 78
78 110 82
78 110 86
78 110 90
78 110 110
78 110 114
78 110 118
78 110 122
78 110 142
78 110 146
78 110 150
78 110 154
78 114 46
78 114 50
78 114 54
78 114 58
78 114 78
78 114 82
78 114 86
78 114 90
78 114 110
78 114 114
78 114 118
78 114 122
78 114 142
78 114 146
78 114 150
78 114 154
78 118 46
78 118 50
78 118 54
78 118 58
78 118 78
78 118 82
78 118 86
78 118 90
78 118 110
78 118 114
78 118 118
78 118 122
78 118 142
78 118 146
78 118 150
78 118 154
78 122 46
78 122 50
78 122 54
78 122 58
78 122 78
78 122 82
78 122 86
78 122 90
78 122 110
78 122 114
78 122 118
78 122 122
78 122 142
78 122 146
78 122 150
78 122 154
78 142 46
78 142 50
78 142 54
78 142 58
78 142 78
78 142 82
78 142 86
78 142 90
78 142 110
78 142 114
78 142 118
78 142 122
78 142 142
78 142 146
78 142 150
78 142 154
78 146 46
78 146 50
78 146 54
78 146 58
78 146 78
78 146 82
78 146 86
78 146 90
78 146 110
78 146 114
78 146 118
78 146 122
78 146 142
78 146 146
78 146 150
78 146 154
78 150 46
78 150 50
78 150 54
78 150 58
78 150 78
78 150 82
78 150 86
78 150 90
78 150 110
78 150 114
78 150 118
78 150 122
78 150 142
78 150 146
78 150 150
78 150 154
78 154 46
78 154 50
78 154 54
78 154 58
78 154 78
78 154 82
78 154 86
78 154 90
78 154 110
78 154 114
78 154 118
78 154 122
78 154 142
78 154 146
78 154 150
78 154 154
82 46 46
82 46 50
82 46 54
82 46 58
82 46 78
82 46 82
82 46 86
82 46 90
82 46 110
82 46 114
82 46 118
82 46 122
82 46 142
82 46 146
82 46 150
82 46 154
82 50 46
82 50 50
82 50 54
82 50 58
82 50 78
82 50 82
82 50 86
82 50 90
82 50 110
82 50 114
82 50 118
82 50 122
82 50 142
82 50 146
82 50 150
82 50 154
82 54 46
82 54 50
82 54 54
82 54 58
82 54 78
82 54 82
82 54 86
82 54 90
82 54 110
82 54 114
82 54 118
82 54 122
82 54 142
82 54 146
82 54 150
82 54 154
82 58 46
82 58 50
82 58 54
82 58 58
82 58 78
82 58 82
82 58 86
82 58 90
82 58 110
82 58 114
82 58 118
82 58 122
82 58 142
82 58 146
82 58 150
82 58 154
82 78 46
82 78 50
82 78 54
82 78 58
82 78 78
82 78 82
82 78 86
82 78 90
82 78 110
82 78 114
82 78 118
82 78 122
82 78 142
82 78 146
82 78 150
82 78 154
82 82 46
82 82 50
82 82 54
82 82 58
82 82 78
82 82 82
82 82 86
82 82 90
82 82 110
82 82 114
82 82 118
82 82 122
82 82 142
82 82 146
82 82 150
82 82 154
82 86 46
82 86 50
82 86 54
82 86 58
82 86 78
82 86 82
82 86 86
82 86 90
82 86 110
82 86 114
82 86 118
82 86 122
82 86 142
82 86 146
82 86 150
82 86 154
82 90 46
82 90 50
82 90 54
82 90 58
82 90 78
82 90 82
82 90 86
82 90 90
82 90 110
82 90 114
82 90 118
82 90 122
82 90 142
82 90 146
82 90 150
82 90 154
82 110 46
82 110 50
82 110 54
82 110 58
82 110 78
82 110 82
82 110 86
82 110 90
82 110 110
82 110 114
82 110 118
82 110 122
82 110 142
82 110 146
82 110 150
82 110 154
82 114 46
82 114 50
82 114 54
82 114 58
82 114 78
82 114 82
82 114 86
82 114 90
82 114 110
82 114 114
82 114 118
82 114 122
82 114 142
82 114 146
82 114 150
82 114 154
82 118 46
82 118 50
82 118 54
82 118 58
82 118 78
82 118 82
82 118 86
82 118 90
82 118 110
82 118 114
82 118 118
82 118 122
82 118 142
82 118 146
82 118 150
82 118 154
82 122 46
82 122 50
82 122 54
82 122 58
82 122 78
82 122 82
82 122 86
82 122 90
82 122 110
82 122 114
82 122 118
82 122 122
82 122 142
82 122 146
82 122 150
82 122 154
82 142 46
82 142 50
82 142 54
82 142 58
82 142 78
82 142 82
82 142 86
82 142 90
82 142 110
82 142 114
82 142 118
82 142 122
82 142 142
82 142 146
82 142 150
82 142 154
82 146 46
82 146 50
82 146 54
82 146 58
82 146 78
82 146 82
82 146 86
82 146 90
82 146 110
82 146 114
82 146 118
82 146 122
82 146 142
82 146 146
82 146 150
82 146 154
82 150 46
82 150 50
82 150 54
82 150 58
82 150 78
82 150 82
82 150 86
82 150 90
82 150 110
82 150 114
82 150 118
82 150 122
82 150 142
82 150 146
82 150 150
82 150 154
82 154 46
82 154 50
82 154 54
82 154 58
82 154 78
82 154 82
82 154 86
82 154 90
82 154 110
82 154 114
82 154 118
82 154 122
82 154 142
82 154 146
82 154 150
82 154 154
86 46 46
86 46 50
86 46 54
86 46 58
86 46 78
86 46 82
86 46 86
86 46 90
86 46 110
86 46 114
86 46 118
86 46 122
86 46 142
86 46 146
86 46 150
86 46 154
86 50 46
86 50 50
86 50 54
86 50 58
86 50 78
86 50 82
86 50 86
86 50 90
86 50 110
86 50 114
86 50 118
86 50 122
86 50 142
86 50 146
86 50 150
86 50 154
86 54 46
86 54 50
86 54 54
86 54 58
86 54 78
86 54 82
86 54 86
86 54 90
86 54 110
86 54 114
86 54 118
86 54 122
86 54 142
86 54 146
86 54 150
86 54 154
86 58 46
86 58 50
86 58 54
86 58 58
86 58 78
86 58 82
86 58 86
86 58 90
86 58 110
86 58 114
86 58 118
86 58 122
86 58 142
86 58 146
86 58 150
86 58 154
86 78 46
86 78 50
86 78 54
86 78 58
86 78 78
86 78 82
86 78 86
86 78 90
86 78 110
86 78 114
86 78 118
86 78 122
86 78 142
86 78 146
86 78 150
86 78 154
86 82 46
86 82 50
86 82 54
86 82 58
86 82 78
86 82 82
86 82 86
86 82 90
86 82 110
86 82 114
86 82 118
86 82 122
86 82 142
86 82 146
86 82 150
86 82 154
86 86 46
86 86 50
86 86 54
86 86 58
86 86 78
86 86 82
86 86 86
86 86 90
86 86 110
86 86 114
86 86 118
86 86 122
86 86 142
86 86 146
86 86 150
86 86 154
86 90 46
86 90 50
86 90 54
86 90 58
86 90 78
86 90 82
86 90 86
86 90 90
86 90 110
86 90 114
86 90 118
86 90 122
86 90 142
86 90 146
86 90 150
86 90 154
86 110 46
86 110 50
86 110 54
86 110 58
86 110 78
86 110 82
86 110 86
86 110 90
86 110 110
86 110 114
86 110 118
86 110 122
86 110 142
86 110 146
86 110 150
86 110 154
86 114 46
86 114 50
86 114 54
86 114 58
86 114 78
86 114 82
86 114 86
86 114 90
86 114 110
86 114 114
86 114 118
86 114 122
86 114 142
86 114 146
86 114 150
86 114 154
86 118 46
86 118 50
86 118 54
86 118 58
86 118 78
86 118 82
86 118 86
86 118 90
86 118 110
86 118 114
86 118 118
86 118 122
86 118 142
86 118 146
86 118 150
86 118 154
86 122 46
86 122 50
86 122 54
86 122 58
86 122 78
86 122 82
86 122 86
86 122 90
86 122 110
86 122 114
86 122 118
86 122 122
86 122 142
86 122 146
86 122 150
86 122 154
86 142 46
86 142 50
86 142 54
86 142 58
86 142 78
86 142 82
86 142 86
86 142 90
86 142 110
86 142 114
86 142 118
86 142 122
86 142 142
86 142 146
86 142 150
86 142 154
86 146 46
86 146 50
86 146 54
86 146 58
86 146 78
86 146 82
86 146 86
86 146 90
86 146 110
86 146 114
86 146 118
86 146 122
86 146 142
86 146 146
86 146 150
86 146 154
86 150 46
86 150 50
86 150 54
86 150 58
86 150 78
86 150 82
86 150 86
86 150 90
86 150 110
86 150 114
86 150 118
86 150 122
86 150 142
86 150 146
86 150 150
86 150 154
86 154 46
86 154 50
86 154 54
86 154 58
86 154 78
86 154 82
86 154 86
86 154 90
86 154 110
86 154 114
86 154 118
86 154 122
86 154 142
86 154 146
86 154 150
86 154 154
90 46 46
90 46 50
90 46 54
90 46 58
90 46 78
90 46 82
90 46 86
90 46 90
90 46 110
90 46 114
90 46 118
90 46 122
90 46 142
90 46 146
90 46 150
90 46 154
90 50 46
90 50 50
90 50 54
90 50 58
90 50 78
90 50 82
90 50 86
90 50 90
90 50 110
90 50 114
90 50 118
90 50 122
90 50 142
90 50 146
90 50 150
90 50 154
90 54 46
90 54 50
90 54 54
90 54 58
90 54 78
90 54 82
90 54 86
90 54 90
90 54 110
90 54 114
90 54 118
90 54 122
90 54 142
90 54 146
90 54 150
90 54 154
90 58 46
90 58 50
90 58 54
90 58 58
90 58 78
90 58 82
90 58 86
90 58 90
90 58 110
90 58 114
90 58 118
90 58 122
90 58 142
90 58 146
90 58 150
90 58 154
90 78 46
90 78 50
90 78 54
90 78 58
90 78 78
90 78 82
90 78 86
90 78 90
90 78 110
90 78 114
90 78 118
90 78 122
90 78 142
90 78 146
90 78 150
90 78 154
90 82 46
90 82 50
90 82 54
90 82 58
90 82 78
90 82 82
90 82 86
90 82 90
90 82 110
90 82 114
90 82 118
90 82 122
90 82 142
90 82 146
90 82 150
90 82 154
90 86 46
90 86 50
90 86 54
90 86 58
90 86 78
90 86 82
90 86 86
90 86 90
90 86 110
90 86 114
90 86 118
90 86 122
90 86 142
90 86 146
90 86 150
90 86 154
90 90 46
90 90 50
90 90 54
90 90 58
90 90 78
90 90 82
90 90 86
90 90 90
90 90 110
90 90 114
90 90 118
90 90 122
90 90 142
90 90 146
90 90 150
90 90 154
90 110 46
90 110 50
90 110 54
90 110 58
90 110 78
90 110 82
90 110 86
90 110 90
90 110 110
90 110 114
90 110 118
90 110 122
90 110 142
90 110 146
90 110 150
90 110 154
90 114 46
90 114 50
90 114 54
90 114 58
90 114 78
90 114 82
90 114 86
90 114 90
90 114 110
90 114 114
90 114 118
90 114 122
90 114 142
90 114 146
90 114 150
90 114 154
90 118 46
90 118 50
90 118 54
90 118 58
90 118 78
90 118 82
90 118 86
90 118 90
90 118 110
90 118 114
90 118 118
90 118 122
90 118 142
90 118 146
90 118 150
90 118 154
90 122 46
90 122 50
90 122 54
90 122 58
90 122 78
90 122 82
90 122 86
90 122 90
90 122 110
90 122 114
90 122 118
90 122 122
90 122 142
90 122 146
90 122 150
90 122 154
90 142 46
90 142 50
90 142 54
90 142 58
90 142 78
90 142 82
90 142 86
90 142 90
90 142 110
90 142 114
90 142 118
90 142 122
90 142 142
90 142 146
90 142 150
90 142 154
90 146 46
90 146 50
90 146 54
90 146 58
90 146 78
90 146 82
90 146 86
90 146 90
90 146 110
90 146 114
90 146 118
90 146 122
90 146 142
90 146 146
90 146 150
90 146 154
90 150 46
90 150 50
90 150 54
90 150 58
90 150 78
90 150 82
90 150 86
90 150 90
90 150 110
90 150 114
90 150 118
90 150 122
90 150 142
90 150 146
90 150 150
90 150 154
90 154 46
90 154 50
90 154 54
90 154 58
90 154 78
90 154 82
90 154 86
90 154 90
90 154 110
90 154 114
90 154 118
90 154 122
90 154 142
90 154 146
90 154 150
90 154 154
110 46 46
110 46 50
110 46 54
110 46 58
110 46 78
110 46 82
110 46 86
110 46 90
110 46 110
110 46 114
110 46 118
110 46 122
110 46 142
110 46 146
110 46 150
110 46 154
110 50 46
110 50 50
110 50 54
110 50 58
110 50 78
110 50 82
110 50 86
110 50 90
110 50 110
110 50 114
110 50 118
110 50 122
110 50 142
110 50 146
110 50 150
110 50 154
110 54 46
110 54 50
110 54 54
110 54 58
110 54 78
110 54 82
110 54 86
110 54 90
110 54 110
110 54 114
110 54 118
110 54 122
110 54 142
110 54 146
110 54 150
110 54 154
110 58 46
110 58 50
110 58 54
110 58 58
110 58 78
110 58 82
110 58 86
110 58 90
110 58 110
110 58 114
110 58 118
110 58 122
110 58 142
110 58 146
110 58 150
110 58 154
110 78 46
110 78 50
110 78 54
110 78 58
110 78 78
110 78 82
110 78 86
110 78 90
110 78 110
110 78 114
110 78 118
110 78 122
110 78 142
110 78 146
110 78 150
110 78 154
110 82 46
110 82 50
110 82 54
110 82 58
110 82 78
110 82 82
110 82 86
110 82 90
110 82 110
110 82 114
110 82 118
110 82 122
110 82 142
110 82 146
110 82 150
110 82 154
110 86 46
110 86 50
110 86 54
110 86 58
110 86 78
110 86 82
110 86 86
110 86 90
110 86 110
110 86 114
110 86 118
110 86 122
110 86 142
110 86 146
110 86 150
110 86 154
110 90 46
110 90 50
110 90 54
110 90 58
110 90 78
110 90 82
110 90 86
110 90 90
110 90 110
110 90 114
110 90 118
110 90 122
110 90 142
110 90 146
110 90 150
110 90 154
110 110 46
110 110 50
110 110 54
110 110 58
110 110 78
110 110 82
110 110 86
110 110 90
110 110 110
110 110 114
110 110 118
110 110 122
110 110 142
110 110 146
110 110 150
110 110 154
110 114 46
110 114 50
110 114 54
110 114 58
110 114 78
110 114 82
110 114 86
110 114 90
110 114 110
110 114 114
110 114 118
110 114 122
110 114 142
110 114 146
110 114 150
110 114 154
110 118 46
110 118 50
110 118 54
110 118 58
110 118 78
110 118 82
110 118 86
110 118 90
110 118 110
110 118 114
110 118 118
110 118 122
110 118 142
110 118 146
110 118 150
110 118 154
110 122 46
110 122 50
110 122 54
110 122 58
110 122 78
110 122 82
110 122 86
110 122 90
110 122 110
110 122 114
110 122 118
110 122 122
110 122 142
110 122 146
110 122 150
110 122 154
110 142 46
110 142 50
110 142 54
110 142 58
110 142 78
110 142 82
110 142 86
110 142 90
110 142 110
110 142 114
110 142 118
110 142 122
110 142 142
110 142 146
110 142 150
110 142 154
110 146 46
110 146 50
110 146 54
110 146 58
110 146 78
110 146 82
110 146 86
110 146 90
110 146 110
110 146 114
110 146 118
110 146 122
110 146 142
110 146 146
110 146 150
110 146 154
110 150 46
110 150 50
110 150 54
110 150 58
110 150 78
110 150 82
110 150 86
110 150 90
110 150 110
110 150 114
110 150 118
110 150 122
110 150 142
110 150 146
110 150 150
110 150 154
110 154 46
110 154 50
110 154 54
110 154 58
110 154 78
110 154 82
110 154 86
110 154 90
110 154 110
110 154 114
110 154 118
110 154 122
110 154 142
110 154 146
110 154 150
110 154 154
114 46 46
114 46 50
114 46 54
114 46 58
114 46 78
114 46 82
114 46 86
114 46 90
114 46 110
114 46 114
114 46 118
114 46 122
114 46 142
114 46 146
114 46 150
114 46 154
114 50 46
114 50 50
114 50 54
114 50 58
114 50 78
114 50 82
114 50 86
114 50 90
114 50 110
114 50 114
114 50 118
114 50 122
114 50 142
114 50 146
114 50 150
114 50 154
114 54 46
114 54 50
114 54 54
114 54 58
114 54 78
114 54 82
114 54 86
114 54 90
114 54 110
114 54 114
114 54 118
114 54 122
114 54 142
114 54 146
114 54 150
114 54 154
114 58 46
114 58 50
114 58 54
114 58 58
114 58 78
114 58 82
114 58 86
114 58 90
114 58 110
114 58 114
114 58 118
114 58 122
114 58 142
114 58 146
114 58 150
114 58 154
114 78 46
114 78 50
114 78 54
114 78 58
114 78 78
114 78 82
114 78 86
114 78 90
114 78 110
114 78 114
114 78 118
114 78 122
114 78 142
114 78 146
114 78 150
114 78 154
114 82 46
114 82 50
114 82 54
114 82 58
114 82 78
114 82 82
114 82 86
114 82 90
114 82 110
114 82 114
114 82 118
114 82 122
114 82 142
114 82 146
114 82 150
114 82 154
114 86 46
114 86 50
114 86 54
114 86 58
114 86 78
114 86 82
114 86 86
114 86 90
114 86 110
114 86 114
114 86 118
114 86 122
114 86 142
114 86 146
114 86 150
114 86 154
114 90 46
114 90 50
114 90 54
114 90 58
114 90 78
114 90 82
114 90 86
114 90 90
114 90 110
114 90 114
114 90 118
114 90 122
114 90 142
114 90 146
114 90 150
114 90 154
114 110 46
114 110 50
114 110 54
114 110 58
114 110 78
114 110 82
114 110 86
114 110 90
114 110 110
114 110 114
114 110 118
114 110 122
114 110 142
114 110 146
114 110 150
114 110 154
114 114 46
114 114 50
114 114 54
114 114 58
114 114 78
114 114 82
114 114 86
114 114 90
114 114 110
114 114 114
114 114 118
114 114 122
114 114 142
114 114 146
114 114 150
114 114 154
114 118 46
114 118 50
114 118 54
114 118 58
114 118 78
114 118 82
114 118 86
114 118 90
114 118 110
114 118 114
114 118 118
114 118 122
114 118 142
114 118 146
114 118 150
114 118 154
114 122 46
114 122 50
114 122 54
114 122 58
114 122 78
114 122 82
114 122 86
114 122 90
114 122 110
114 122 114
114 122 118
114 122 122
114 122 142
114 122 146
114 122 150
114 122 154
114 142 46
114 142 50
114 142 54
114 142 58
114 142 78
114 142 82
114 142 86
114 142 90
114 142 110
114 142 114
114 142 118
114 142 122
114 142 142
114 142 146
114 142 150
114 142 154
114 146 46
114 146 50
114 146 54
114 146 58
114 146 78
114 146 82
114 146 86
114 146 90
114 146 110
114 146 114
114 146 118
114 146 122
114 146 142
114 146 146
114 146 150
114 146 154
114 150 46
114 150 50
114 150 54
114 150 58
114 150 78
114 150 82
114 150 86
114 150 90
114 150 110
114 150 114
114 150 118
114 150 122
114 150 142
114 150 146
114 150 150
114 150 154
114 154 46
114 154 50
114 154 54
114 154 58
114 154 78
114 154 82
114 154 86
114 154 90
114 154 110
114 154 114
114 154 118
114 154 122
114 154 142
114 154 146
114 154 150
114 154 154
118 46 46
118 46 50
118 46 54
118 46 58
118 46 78
118 46 82
118 46 86
118 46 90
118 46 110
118 46 114
118 46 118
118 46 122
118 46 142
118 46 146
118 46 150
118 46 154
118 50 46
118 50 50
118 50 54
118 50 58
118 50 78
118 50 82
118 50 86
118 50 90
118 50 110
118 50 114
118 50 118
118 50 122
118 50 142
118 50 146
118 50 150
118 50 154
118 54 46
118 54 50
118 54 54
118 54 58
118 54 78
118 54 82
118 54 86
118 54 90
118 54 110
118 54 114
118 54 118
118 54 122
118 54 142
118 54 146
118 54 150
118 54 154
118 58 46
118 58 50
118 58 54
118 58 58
118 58 78
118 58 82
118 58 86
118 58 90
118 58 110
118 58 114
118 58 118
118 58 122
118 58 142
118 58 146
118 58 150
118 58 154
118 78 46
118 78 50
118 78 54
118 78 58
118 78 78
118 78 82
118 78 86
118 78 90
118 78 110
118 78 114
118 78 118
118 78 122
118 78 142
118 78 146
118 78 150
118 78 154
118 82 46
118 82 50
118 82 54
118 82 58
118 82 78
118 82 82
118 82 86
118 82 90
118 82 110
118 82 114
118 82 118
118 82 122
118 82 142
118 82 146
118 82 150
118 82 154
118 86 46
118 86 50
118 86 54
118 86 58
118 86 78
118 86 82
118 86 86
118 86 90
118 86 110
118 86 114
118 86 118
118 86 122
118 86 142
118 86 146
118 86 150
118 86 154
118 90 46
118 90 50
118 90 54
118 90 58
118 90 78
118 90 82
118 90 86
118 90 90
118 90 110
118 90 114
118 90 118
118 90 122
118 90 142
118 90 146
118 90 150
118 90 154
118 110 46
118 110 50
118 110 54
118 110 58
118 110 78
118 110 82
118 110 86
118 110 90
118 110 110
118 110 114
118 110 118
118 110 122
118 110 142
118 110 146
118 110 150
118 110 154
118 114 46
118 114 50
118 114 54
118 114 58
118 114 78
118 114 82
118 114 86
118 114 90
118 114 110
118 114 114
118 114 118
118 114 122
118 114 142
118 114 146
118 114 150
118 114 154
118 118 46
118 118 50
118 118 54
118 118 58
118 118 78
118 118 82
118 118 86
118 118 90
118 118 110
118 118 114
118 118 118
118 118 122
118 118 142
118 118 146
118 118 150
118 118 154
118 122 46
118 122 50
118 122 54
118 122 58
118 122 78
118 122 82
118 122 86
118 122 90
118 122 110
118 122 114
118 122 118
118 122 122
118 122 142
118 122 146
118 122 150
118 122 154
118 142 46
118 142 50
118 142 54
118 142 58
118 142 78
118 142 82
118 142 86
118 142 90
118 142 110
118 142 114
118 142 118
118 142 122
118 142 142
118 142 146
118 142 150
118 142 154
118 146 46
118 146 50
118 146 54
118 146 58
118 146 78
118 146 82
118 146 86
118 146 90
118 146 110
118 146 114
118 146 118
118 146 122
118 146 142
118 146 146
118 146 150
118 146 154
118 150 46
118 150 50
118 150 54
118 150 58
118 150 78
118 150 82
118 150 86
118 150 90
118 150 110
118 150 114
118 150 118
118 150 122
118 150 142
118 150 146
118 150 150
118 150 154
118 154 46
118 154 50
118 154 54
118 154 58
118 154 78
118 154 82
118 154 86
118 154 90
118 154 110
118 154 114
118 154 118
118 154 122
118 154 142
118 154 146
118 154 150
118 154 154
122 46 46
122 46 50
122 46 54
122 46 58
122 46 78
122 46 82
122 46 86
122 46 90
122 46 110
122 46 114
122 46 118
122 46 122
122 46 142
122 46 146
122 46 150
122 46 154
122 50 46
122 50 50
122 50 54
122 50 58
122 50 78
122 50 82
122 50 86
122 50 90
122 50 110
122 50 114
122 50 118
122 50 122
122 50 142
122 50 146
122 50 150
122 50 154
122 54 46
122 54 50
122 54 54
122 54 58
122 54 78
122 54 82
122 54 86
122 54 90
122 54 110
122 54 114
122 54 118
122 54 122
122 54 142
122 54 146
122 54 150
122 54 154
122 58 46
122 58 50
122 58 54
122 58 58
122 58 78
122 58 82
122 58 86
122 58 90
122 58 110
122 58 114
122 58 118
122 58 122
122 58 142
122 58 146
122 58 150
122 58 154
122 78 46
122 78 50
122 78 54
122 78 58
122 78 78
122 78 82
122 78 86
122 78 90
122 78 110
122 78 114
122 78 118
122 78 122
122 78 142
122 78 146
122 78 150
122 78 154
122 82 46
122 82 50
122 82 54
122 82 58
122 82 78
122 82 82
122 82 86
122 82 90
122 82 110
122 82 114
122 82 118
122 82 122
122 82 142
122 82 146
122 82 150
122 82 154
122 86 46
122 86 50
122 86 54
122 86 58
122 86 78
122 86 82
122 86 86
122 86 90
122 86 110
122 86 114
122 86 118
122 86 122
122 86 142
122 86 146
122 86 150
122 86 154
122 90 46
122 90 50
122 90 54
122 90 58
122 90 78
122 90 82
122 90 86
122 90 90
122 90 110
122 90 114
122 90 118
122 90 122
122 90 142
122 90 146
122 90 150
122 90 154
122 110 46
122 110 50
122 110 54
122 110 58
122 110 78
122 110 82
122 110 86
122 110 90
122 110 110
122 110 114
122 110 118
122 110 122
122 110 142
122 110 146
122 110 150
122 110 154
122 114 46
122 114 50
122 114 54
122 114 58
122 114 78
122 114 82
122 114 86
122 114 90
122 114 110
122 114 114
122 114 118
122 114 122
122 114 142
122 114 146
122 114 150
122 114 154
122 118 46
122 118 50
122 118 54
122 118 58
122 118 78
122 118 82
122 118 86
122 118 90
122 118 110
122 118 114
122 118 118
122 118 122
122 118 142
122 118 146
122 118 150
122 118 154
122 122 46
122 122 50
122 122 54
122 122 58
122 122 78
122 122 82
122 122 86
122 122 90
122 122 110
122 122 114
122 122 118
122 122 122
122 122 142
122 122 146
122 122 150
122 122 154
122 142 46
122 142 50
122 142 54
122 142 58
122 142 78
122 142 82
122 142 86
122 142 90
122 142 110
122 142 114
122 142 118
122 142 122
122 142 142
122 142 146
122 142 150
122 142 154
122 146 46
122 146 50
122 146 54
122 146 58
122 146 78
122 146 82
122 146 86
122 146 90
122 146 110
122 146 114
122 146 118
122 146 122
122 146 142
122 146 146
122 146 150
122 146 154
122 150 46
122 150 50
122 150 54
122 150 58
122 150 78
122 150 82
122 150 86
122 150 90
122 150 110
122 150 114
122 150 118
122 150 122
122 150 142
122 150 146
122 150 150
122 150 154
122 154 46
122 154 50
122 154 54
122 154 58
122 154 78
122 154 82
122 154 86
122 154 90
122 154 110
122 154 114
122 154 118
122 154 122
122 154 142
122 154 146
122 154 150
122 154 154
142 46 46
142 46 50
142 46 54
142 46 58
142 46 78
142 46 82
142 46 86
142 46 90
142 46 110
142 46 114
142 46 118
142 46 122
142 46 142
142 46 146
142 46 150
142 46 154
142 50 46
142 50 50
142 50 54
142 50 58
142 50 78
142 50 82
142 50 86
142 50 90
142 50 110
142 50 114
142 50 118
142 50 122
142 50 142
142 50 146
142 50 150
142 50 154
142 54 46
142 54 50
142 54 54
142 54 58
142 54 78
142 54 82
142 54 86
142 54 90
142 54 110
142 54 114
142 54 118
142 54 122
142 54 142
142 54 146
142 54 150
142 54 154
142 58 46
142 58 50
142 58 54
142 58 58
142 58 78
142 58 82
142 58 86
142 58 90
142 58 110
142 58 114
142 58 118
142 58 122
142 58 142
142 58 146
142 58 150
142 58 154
142 78 46
142 78 50
142 78 54
142 78 58
142 78 78
142 78 82
142 78 86
142 78 90
142 78 110
142 78 114
142 78 118
142 78 122
142 78 142
142 78 146
142 78 150
142 78 154
142 82 46
142 82 50
142 82 54
142 82 58
142 82 78
142 82 82
142 82 86
142 82 90
142 82 110
142 82 114
142 82 118
142 82 122
142 82 142
142 82 146
142 82 150
142 82 154
142 86 46
142 86 50
142 86 54
142 86 58
142 86 78
142 86 82
142 86 86
142 86 90
142 86 110
142 86 114
142 86 118
142 86 122
142 86 142
142 86 146
142 86 150
142 86 154
142 90 46
142 90 50
142 90 54
142 90 58
142 90 78
142 90 82
142 90 86
142 90 90
142 90 110
142 90 114
142 90 118
142 90 122
142 90 142
142 90 146
142 90 150
142 90 154
142 110 46
142 110 50
142 110 54
142 110 58
142 110 78
142 110 82
142 110 86
142 110 90
142 110 110
142 110 114
142 110 118
142 110 122
142 110 142
142 110 146
142 110 150
142 110 154
142 114 46
142 114 50
142 114 54
142 114 58
142 114 78
142 114 82
142 114 86
142 114 90
142 114 110
142 114 114
142 114 118
142 114 122
142 114 142
142 114 146
142 114 150
142 114 154
142 118 46
142 118 50
142 118 54
142 118 58
142 118 78
142 118 82
142 118 86
142 118 90
142 118 110
142 118 114
142 118 118
142 118 122
142 118 142
142 118 146
142 118 150
142 118 154
142 122 46
142 122 50
142 122 54
142 122 58
142 122 78
142 122 82
142 122 86
142 122 90
142 122 110
142 122 114
142 122 118
142 122 122
142 122 142
142 122 146
142 122 150
142 122 154
142 142 46
142 142 50
142 142 54
142 142 58
142 142 78
142 142 82
142 142 86
142 142 90
142 142 110
142 142 114
142 142 118
142 142 122
142 142 142
142 142 146
142 142 150
142 142 154
142 146 46
142 146 50
142 146 54
142 146 58
142 146 78
142 146 82
142 146 86
142 146 90
142 146 110
142 146 114
142 146 118
142 146 122
142 146 142
142 146 146
142 146 150
142 146 154
142 150 46
142 150 50
142 150 54
142 150 58
142 150 78
142 150 82
142 150 86
142 150 90
142 150 110
142 150 114
142 150 118
142 150 122
142 150 142
142 150 146
142 150 150
142 150 154
142 154 46
142 154 50
142 154 54
142 154 58
142 154 78
142 154 82
142 154 86
142 154 90
142 154 110
142 154 114
142 154 118
142 154 122
142 154 142
142 154 146
142 154 150
142 154 154
146 46 46
146 46 50
146 46 54
146 46 58
146 46 78
146 46 82
146 46 86
146 46 90
146 46 110
146 46 114
146 46 118
146 46 122
146 46 142
146 46 146
146 46 150
146 46 154
146 50 46
146 50 50
146 50 54
146 50 58
146 50 78
146 50 82
146 50 86
146 50 90
146 50 110
146 50 114
146 50 118
146 50 122
146 50 142
146 50 146
146 50 150
146 50 154
146 54 46
146 54 50
146 54 54
146 54 58
146 54 78
146 54 82
146 54 86
146 54 90
146 54 110
146 54 114
146 54 118
146 54 122
146 54 142
146 54 146
146 54 150
146 54 154
146 58 46
146 58 50
146 58 54
146 58 58
146 58 78
146 58 82
146 58 86
146 58 90
146 58 110
146 58 114
146 58 118
146 58 122
146 58 142
146 58 146
146 58 150
146 58 154
146 78 46
146 78 50
146 78 54
146 78 58
146 78 78
146 78 82
146 78 86
146 78 90
146 78 110
146 78 114
146 78 118
146 78 122
146 78 142
146 78 146
146 78 150
146 78 154
146 82 46
146 82 50
146 82 54
146 82 58
146 82 78
146 82 82
146 82 86
146 82 90
146 82 110
146 82 114
146 82 118
146 82 122
146 82 142
146 82 146
146 82 150
146 82 154
146 86 46
146 86 50
146 86 54
146 86 58
146 86 78
146 86 82
146 86 86
146 86 90
146 86 110
146 86 114
146 86 118
146 86 122
146 86 142
146 86 146
146 86 150
146 86 154
146 90 46
146 90 50
146 90 54
146 90 58
146 90 78
146 90 82
146 90 86
146 90 90
146 90 110
146 90 114
146 90 118
146 90 122
146 90 142
146 90 146
146 90 150
146 90 154
146 110 46
146 110 50
146 110 54
146 110 58
146 110 78
146 110 82
146 110 86
146 110 90
146 110 110
146 110 114
146 110 118
146 110 122
146 110 142
146 110 146
146 110 150
146 110 154
146 114 46
146 114 50
146 114 54
146 114 58
146 114 78
146 114 82
146 114 86
146 114 90
146 114 110
146 114 114
146 114 118
146 114 122
146 114 142
146 114 146
146 114 150
146 114 154
146 118 46
146 118 50
146 118 54
146 118 58
146 118 78
146 118 82
146 118 86
146 118 90
146 118 110
146 118 114
146 118 118
146 118 122
146 118 142
146 118 146
146 118 150
146 118 154
146 122 46
146 122 50
146 122 54
146 122 58
146 122 78
146 122 82
146 122 86
146 122 90
146 122 110
146 122 114
146 122 118
146 122 122
146 122 142
146 122 146
146 122 150
146 122 154
146 142 46
146 142 50
146 142 54
146 142 58
146 142 78
146 142 82
146 142 86
146 142 90
146 142 110
146 142 114
146 142 118
146 142 122
146 142 142
146 142 146
146 142 150
146 142 154
146 146 46
146 146 50
146 146 54
146 146 58
146 146 78
146 146 82
146 146 86
146 146 90
146 146 110
146 146 114
146 146 118
146 146 122
146 146 142
146 146 146
146 146 150
146 146 154
146 150 46
146 150 50
146 150 54
146 150 58
146 150 78
146 150 82
146 150 86
146 150 90
146 150 110
146 150 114
146 150 118
146 150 122
146 150 142
146 150 146
146 150 150
146 150 154
146 154 46
146 154 50
146 154 54
146 154 58
146 154 78
146 154 82
146 154 86
146 154 90
146 154 110
146 154 114
146 154 118
146 154 122
146 154 142
146 154 146
146 154 150
146 154 154
150 46 46
150 46 50
150 46 54
150 46 58
150 46 78
150 46 82
150 46 86
150 46 90
150 46 110
150 46 114
150 46 118
150 46 122
150 46 142
150 46 146
150 46 150
150 46 154
150 50 46
150 50 50
150 50 54
150 50 58
150 50 78
150 50 82
150 50 86
150 50 90
150 50 110
150 50 114
150 50 118
150 50 122
150 50 142
150 50 146
150 50 150
150 50 154
150 54 46
150 54 50
150 54 54
150 54 58
150 54 78
150 54 82
150 54 86
150 54 90
150 54 110
150 54 114
150 54 118
150 54 122
150 54 142
150 54 146
150 54 150
150 54 154
150 58 46
150 58 50
150 58 54
150 58 58
150 58 78
150 58 82
150 58 86
150 58 90
150 58 110
150 58 114
150 58 118
150 58 122
150 58 142
150 58 146
150 58 150
150 58 154
150 78 46
150 78 50
150 78 54
150 78 58
150 78 78
150 78 82
150 78 86
150 78 90
150 78 110
150 78 114
150 78 118
150 78 122
150 78 142
150 78 146
150 78 150
150 78 154
150 82 46
150 82 50
150 82 54
150 82 58
150 82 78
150 82 82
150 82 86
150 82 90
150 82 110
150 82 114
150 82 118
150 82 122
150 82 142
150 82 146
150 82 150
150 82 154
150 86 46
150 86 50
150 86 54
150 86 58
150 86 78
150 86 82
150 86 86
150 86 90
150 86 110
150 86 114
150 86 118
150 86 122
150 86 142
150 86 146
150 86 150
150 86 154
150 90 46
150 90 50
150 90 54
150 90 58
150 90 78
150 90 82
150 90 86
150 90 90
150 90 110
150 90 114
150 90 118
150 90 122
150 90 142
150 90 146
150 90 150
150 90 154
150 110 46
150 110 50
150 110 54
150 110 58
150 110 78
150 110 82
150 110 86
150 110 90
150 110 110
150 110 114
150 110 118
150 110 122
150 110 142
150 110 146
150 110 150
150 110 154
150 114 46
150 114 50
150 114 54
150 114 58
150 114 78
150 114 82
150 114 86
150 114 90
150 114 110
150 114 114
150 114 118
150 114 122
150 114 142
150 114 146
150 114 150
150 114 154
150 118 46
150 118 50
150 118 54
150 118 58
150 118 78
150 118 82
150 118 86
150 118 90
150 118 110
150 118 114
150 118 118
150 118 122
150 118 142
150 118 146
150 118 150
150 118 154
150 122 46
150 122 50
150 122 54
150 122 58
150 122 78
150 122 82
150 122 86
150 122 90
150 122 110
150 122 114
150 122 118
150 122 122
150 122 142
150 122 146
150 122 150
150 122 154
150 142 46
150 142 50
150 142 54
150 142 58
150 142 78
150 142 82
150 142 86
150 142 90
150 142 110
150 142 114
150 142 118
150 142 122
150 142 142
150 142 146
150 142 150
150 142 154
150 146 46
150 146 50
150 146 54
150 146 58
150 146 78
150 146 82
150 146 86
150 146 90
150 146 110
150 146 114
150 146 118
150 146 122
150 146 142
150 146 146
150 146 150
150 146 154
150 150 46
150 150 50
150 150 54
150 150 58
150 150 78
150 150 82
150 150 86
150 150 90
150 150 110
150 150 114
150 150 118
150 150 122
150 150 142
150 150 146
150 150 150
150 150 154
150 154 46
150 154 50
150 154 54
150 154 58
150 154 78
150 154 82
150 154 86
150 154 90
150 154 110
150 154 114
150 154 118
150 154 122
150 154 142
150 154 146
150 154 150
150 154 154
154 46 46
154 46 50
154 46 54
154 46 58
154 46 78
154 46 82
154 46 86
154 46 90
154 46 110
154 46 114
154 46 118
154 46 122
154 46 142
154 46 146
154 46 150
154 46 154
154 50 46
154 50 50
154 50 54
154 50 58
154 50 78
154 50 82
154 50 86
154 50 90
154 50 110
154 50 114
154 50 118
154 50 122
154 50 142
154 50 146
154 50 150
154 50 154
154 54 46
154 54 50
154 54 54
154 54 58
154 54 78
154 54 82
154 54 86
154 54 90
154 54 110
154 54 114
154 54 118
154 54 122
154 54 142
154 54 146
154 54 150
154 54 154
154 58 46
154 58 50
154 58 54
154 58 58
154 58 78
154 58 82
154 58 86
154 58 90
154 58 110
154 58 114
154 58 118
154 58 122
154 58 142
154 58 146
154 58 150
154 58 154
154 78 46
154 78 50
154 78 54
154 78 58
154 78 78
154 78 82
154 78 86
154 78 90
154 78 110
154 78 114
154 78 118
154 78 122
154 78 142
154 78 146
154 78 150
154 78 154
154 82 46
154 82 50
154 82 54
154 82 58
154 82 78
154 82 82
154 82 86
154 82 90
154 82 110
154 82 114
154 82 118
154 82 122
154 82 142
154 82 146
154 82 150
154 82 154
154 86 46
154 86 50
154 86 54
154 86 58
154 86 78
154 86 82
154 86 86
154 86 90
154 86 110
154 86 114
154 86 118
154 86 122
154 86 142
154 86 146
154 86 150
154 86 154
154 90 46
154 90 50
154 90 54
154 90 58
154 90 78
154 90 82
154 90 86
154 90 90
154 90 110
154 90 114
154 90 118
154 90 122
154 90 142
154 90 146
154 90 150
154 90 154
154 110 46
154 110 50
154 110 54
154 110 58
154 110 78
154 110 82
154 110 86
154 110 90
154 110 110
154 110 114
154 110 118
154 110 122
154 110 142
154 110 146
154 110 150
154 110 154
154 114 46
154 114 50
154 114 54
154 114 58
154 114 78
154 114 82
154 114 86
154 114 90
154 114 110
154 114 114
154 114 118
154 114 122
154 114 142
154 114 146
154 114 150
154 114 154
154 118 46
154 118 50
154 118 54
154 118 58
154 118 78
154 118 82
154 118 86
154 118 90
154 118 110
154 118 114
154 118 118
154 118 122
154 118 142
154 118 146
154 118 150
154 118 154
154 122 46
154 122 50
154 122 54
154 122 58
154 122 78
154 122 82
154 122 86
154 122 90
154 122 110
154 122 114
154 122 118
154 122 122
154 122 142
154 122 146
154 122 150
154 122 154
154 142 46
154 142 50
154 142 54
154 142 58
154 142 78
154 142 82
154 142 86
154 142 90
154 142 110
154 142 114
154 142 118
154 142 122
154 142 142
154 142 146
154 142 150
154 142 154
154 146 46
154 146 50
154 146 54
154 146 58
154 146 78
154 146 82
154 146 86
154 146 90
154 146 110
154 146 114
154 146 118
154 146 122
154 146 142
154 146 146
154 146 150
154 146 154
154 150 46
154 150 50
154 150 54
154 150 58
154 150 78
154 150 82
154 150 86
154 150 90
154 150 110
154 150 114
154 150 118
154 150 122
154 150 142
154 150 146
154 150 150
154 150 154
154 154 46
154 154 50
154 154 54
154 154 58
154 154 78
154 154 82
154 154 86
154 154 90
154 154 110
154 154 114
154 154 118
154 154 122
154 154 142
154 154 146
154 154 150
154 154 154
