200
3 3 3
3 3 4
3 3 5
3 3 67
3 3 68
3 3 69
3 3 131
3 3 132
3 3 133
3 3 195
3 3 196
3 3 197
3 4 3
3 4 4
3 4 5
3 4 67
3 4 68
3 4 69
3 4 131
3 4 132
3 4 133
3 4 195
3 4 196
3 4 197
3 5 3
3 5 4
3 5 5
3 5 67
3 5 68
3 5 69
3 5 131
3 5 132
3 5 133
3 5 195
3 5 196
3 5 197
3 67 3
3 67 4
3 67 5
3 67 67
3 67 68
3 67 69
3 67 131
3 67 132
3 67 133
3 67 195
3 67 196
3 67 197
3 68 3
3 68 4
3 68 5
3 68 67
3 68 68
3 68 69
3 68 131
3 68 132
3 68 133
3 68 195
3 68 196
3 68 197
3 69 3
3 69 4
3 69 5
3 69 67
3 69 68
3 69 69
3 69 131
3 69 132
3 69 133
3 69 195
3 69 196
3 69 197
3 131 3
3 131 4
3 131 5
3 131 67
3 131 68
3 131 69
3 131 131
3 131 132
3 131 133
3 131 195
3 131 196
3 131 197
3 132 3
3 132 4
3 132 5
3 132 67
3 132 68
3 132 69
3 132 131
3 132 132
3 132 133
3 132 195
3 132 196
3 132 197
3 133 3
3 133 4
3 133 5
3 133 67
3 133 68
3 133 69
3 133 131
3 133 132
3 133 133
3 133 195
3 133 196
3 133 197
3 195 3
3 195 4
3 195 5
3 195 67
3 195 68
3 195 69
3 195 131
3 195 132
3 195 133
3 195 195
3 195 196
3 195 197
3 196 3
3 196 4
3 196 5
3 196 67
3 196 68
3 196 69
3 196 131
3 196 132
3 196 133
3 196 195
3 196 196
3 196 197
3 197 3
3 197 4
3 197 5
3 197 67
3 197 68
3 197 69
3 197 131
3 197 132
3 197 133
3 197 195
3 197 196
3 197 197
4 3 3
4 3 4
4 3 5
4 3 67
4 3 68
4 3 69
4 3 131
4 3 132
4 3 133
4 3 195
4 3 196
4 3 197
4 4 3
4 4 5
4 4 67
4 4 69
4 4 131
4 4 133
4 4 195
4 4 197
4 5 3
4 5 4
4 5 5
4 5 67
4 5 68
4 5 69
4 5 131
4 5 132
4 5 133
4 5 195
4 5 196
4 5 197
4 67 3
4 67 4
4 67 5
4 67 67
4 67 68
4 67 69
4 67 131
4 67 132
4 67 133
4 67 195
4 67 196
4 67 197
4 68 3
4 68 5
4 68 67
4 68 69
4 68 131
4 68 133
4 68 195
4 68 197
4 69 3
4 69 4
4 69 5
4 69 67
4 69 68
4 69 69
4 69 131
4 69 132
4 69 133
4 69 195
4 69 196
4 69 197
4 131 3
4 131 4
4 131 5
4 131 67
4 131 68
4 131 69
4 131 131
4 131 132
4 131 133
4 131 195
4 131 196
4 131 197
4 132 3
4 132 5
4 132 67
4 132 69
4 132 131
4 132 133
4 132 195
4 132 197
4 133 3
4 133 4
4 133 5
4 133 67
4 133 68
4 133 69
4 133 131
4 133 132
4 133 133
4 133 195
4 133 196
4 133 197
4 195 3
4 195 4
4 195 5
4 195 67
4 195 68
4 195 69
4 195 131
4 195 132
4 195 133
4 195 195
4 195 196
4 195 197
4 196 3
4 196 5
4 196 67
4 196 69
4 196 131
4 196 133
4 196 195
4 196 197
4 197 3
4 197 4
4 197 5
4 197 67
4 197 68
4 197 69
4 197 131
4 197 132
4 197 133
4 197 195
4 197 196
4 197 197
5 3 3
5 3 4
5 3 5
5 3 67
5 3 68
5 3 69
5 3 131
5 3 132
5 3 133
5 3 195
5 3 196
5 3 197
5 4 3
5 4 4
5 4 5
5 4 67
5 4 68
5 4 69
5 4 131
5 4 132
5 4 133
5 4 195
5 4 196
5 4 197
5 5 3
5 5 4
5 5 5
5 5 67
5 5 68
5 5 69
5 5 131
5 5 132
5 5 133
5 5 195
5 5 196
5 5 197
5 67 3
5 67 4
5 67 5
5 67 67
5 67 68
5 67 69
5 67 131
5 67 132
5 67 133
5 67 195
5 67 196
5 67 197
5 68 3
5 68 4
5 68 5
5 68 67
5 68 68
5 68 69
5 68 131
5 68 132
5 68 133
5 68 195
5 68 196
5 68 197
5 69 3
5 69 4
5 69 5
5 69 67
5 69 68
5 69 69
5 69 131
5 69 132
5 69 133
5 69 195
5 69 196
5 69 197
5 131 3
5 131 4
5 131 5
5 131 67
5 131 68
5 131 69
5 131 131
5 131 132
5 131 133
5 131 195
5 131 196
5 131 197
5 132 3
5 132 4
5 132 5
5 132 67
5 132 68
5 132 69
5 132 131
5 132 132
5 132 133
5 132 195
5 132 196
5 132 197
5 133 3
5 133 4
5 133 5
5 133 67
5 133 68
5 133 69
5 133 131
5 133 132
5 133 133
5 133 195
5 133 196
5 133 197
5 195 3
5 195 4
5 195 5
5 195 67
5 195 68
5 195 69
5 195 131
5 195 132
5 195 133
5 195 195
5 195 196
5 195 197
5 196 3
5 196 4
5 196 5
5 196 67
5 196 68
5 196 69
5 196 131
5 196 132
5 196 133
5 196 195
5 196 196
5 196 197
5 197 3
5 197 4
5 197 5
5 197 67
5 197 68
5 197 69
5 197 131
5 197 132
5 197 133
5 197 195
5 197 196
5 197 197
67 3 3
67 3 4
67 3 5
67 3 67
67 3 68
67 3 69
67 3 131
67 3 132
67 3 133
67 3 195
67 3 196
67 3 197
67 4 3
67 4 4
67 4 5
67 4 67
67 4 68
67 4 69
67 4 131
67 4 132
67 4 133
67 4 195
67 4 196
67 4 197
67 5 3
67 5 4
67 5 5
67 5 67
67 5 68
67 5 69
67 5 131
67 5 132
67 5 133
67 5 195
67 5 196
67 5 197
67 67 3
67 67 4
67 67 5
67 67 67
67 67 68
67 67 69
67 67 131
67 67 132
67 67 133
67 67 195
67 67 196
67 67 197
67 68 3
67 68 4
67 68 5
67 68 67
67 68 68
67 68 69
67 68 131
67 68 132
67 68 133
67 68 195
67 68 196
67 68 197
67 69 3
67 69 4
67 69 5
67 69 67
67 69 68
67 69 69
67 69 131
67 69 132
67 69 133
67 69 195
67 69 196
67 69 197
67 131 3
67 131 4
67 131 5
67 131 67
67 131 68
67 131 69
67 131 131
67 131 132
67 131 133
67 131 195
67 131 196
67 131 197
67 132 3
67 132 4
67 132 5
67 132 67
67 132 68
67 132 69
67 132 131
67 132 132
67 132 133
67 132 195
67 132 196
67 132 197
67 133 3
67 133 4
67 133 5
67 133 67
67 133 68
67 133 69
67 133 131
67 133 132
67 133 133
67 133 195
67 133 196
67 133 197
67 195 3
67 195 4
67 195 5
67 195 67
67 195 68
67 195 69
67 195 131
67 195 132
67 195 133
67 195 195
67 195 196
67 195 197
67 196 3
67 196 4
67 196 5
67 196 67
67 196 68
67 196 69
67 196 131
67 196 132
67 196 133
67 196 195
67 196 196
67 196 197
67 197 3
67 197 4
67 197 5
67 197 67
67 197 68
67 197 69
67 197 131
67 197 132
67 197 133
67 197 195
67 197 196
67 197 197
68 3 3
68 3 4
68 3 5
68 3 67
68 3 68
68 3 69
68 3 131
68 3 132
68 3 133
68 3 195
68 3 196
68 3 197
68 4 3
68 4 5
68 4 67
68 4 69
68 4 131
68 4 133
68 4 195
68 4 197
68 5 3
68 5 4
68 5 5
68 5 67
68 5 68
68 5 69
68 5 131
68 5 132
68 5 133
68 5 195
68 5 196
68 5 197
68 67 3
68 67 4
68 67 5
68 67 67
68 67 68
68 67 69
68 67 131
68 67 132
68 67 133
68 67 195
68 67 196
68 67 197
68 68 3
68 68 5
68 68 67
68 68 69
68 68 131
68 68 133
68 68 195
68 68 197
68 69 3
68 69 4
68 69 5
68 69 67
68 69 68
68 69 69
68 69 131
68 69 132
68 69 133
68 69 195
68 69 196
68 69 197
68 131 3
68 131 4
68 131 5
68 131 67
68 131 68
68 131 69
68 131 131
68 131 132
68 131 133
68 131 195
68 131 196
68 131 197
68 132 3
68 132 5
68 132 67
68 132 69
68 132 131
68 132 133
68 132 195
68 132 197
68 133 3
68 133 4
68 133 5
68 133 67
68 133 68
68 133 69
68 133 131
68 133 132
68 133 133
68 133 195
68 133 196
68 133 197
68 195 3
68 195 4
68 195 5
68 195 67
68 195 68
68 195 69
68 195 131
68 195 132
68 195 133
68 195 195
68 195 196
68 195 197
68 196 3
68 196 5
68 196 67
68 196 69
68 196 131
68 196 133
68 196 195
68 196 197
68 197 3
68 197 4
68 197 5
68 197 67
68 197 68
68 197 69
68 197 131
68 197 132
68 197 133
68 197 195
68 197 196
68 197 197
69 3 3
69 3 4
69 3 5
69 3 67
69 3 68
69 3 69
69 3 131
69 3 132
69 3 133
69 3 195
69 3 196
69 3 197
69 4 3
69 4 4
69 4 5
69 4 67
69 4 68
69 4 69
69 4 131
69 4 132
69 4 133
69 4 195
69 4 196
69 4 197
69 5 3
69 5 4
69 5 5
69 5 67
69 5 68
69 5 69
69 5 131
69 5 132
69 5 133
69 5 195
69 5 196
69 5 197
69 67 3
69 67 4
69 67 5
69 67 67
69 67 68
69 67 69
69 67 131
69 67 132
69 67 133
69 67 195
69 67 196
69 67 197
69 68 3
69 68 4
69 68 5
69 68 67
69 68 68
69 68 69
69 68 131
69 68 132
69 68 133
69 68 195
69 68 196
69 68 197
69 69 3
69 69 4
69 69 5
69 69 67
69 69 68
69 69 69
69 69 131
69 69 132
69 69 133
69 69 195
69 69 196
69 69 197
69 131 3
69 131 4
69 131 5
69 131 67
69 131 68
69 131 69
69 131 131
69 131 132
69 131 133
69 131 195
69 131 196
69 131 197
69 132 3
69 132 4
69 132 5
69 132 67
69 132 68
69 132 69
69 132 131
69 132 132
69 132 133
69 132 195
69 132 196
69 132 197
69 133 3
69 133 4
69 133 5
69 133 67
69 133 68
69 133 69
69 133 131
69 133 132
69 133 133
69 133 195
69 133 196
69 133 197
69 195 3
69 195 4
69 195 5
69 195 67
69 195 68
69 195 69
69 195 131
69 195 132
69 195 133
69 195 195
69 195 196
69 195 197
69 196 3
69 196 4
69 196 5
69 196 67
69 196 68
69 196 69
69 196 131
69 196 132
69 196 133
69 196 195
69 196 196
69 196 197
69 197 3
69 197 4
69 197 5
69 197 67
69 197 68
69 197 69
69 197 131
69 197 132
69 197 133
69 197 195
69 197 196
69 197 197
131 3 3
131 3 4
131 3 5
131 3 67
131 3 68
131 3 69
131 3 131
131 3 132
131 3 133
131 3 195
131 3 196
131 3 197
131 4 3
131 4 4
131 4 5
131 4 67
131 4 68
131 4 69
131 4 131
131 4 132
131 4 133
131 4 195
131 4 196
131 4 197
131 5 3
131 5 4
131 5 5
131 5 67
131 5 68
131 5 69
131 5 131
131 5 132
131 5 133
131 5 195
131 5 196
131 5 197
131 67 3
131 67 4
131 67 5
131 67 67
131 67 68
131 67 69
131 67 131
131 67 132
131 67 133
131 67 195
131 67 196
131 67 197
131 68 3
131 68 4
131 68 5
131 68 67
131 68 68
131 68 69
131 68 131
131 68 132
131 68 133
131 68 195
131 68 196
131 68 197
131 69 3
131 69 4
131 69 5
131 69 67
131 69 68
131 69 69
131 69 131
131 69 132
131 69 133
131 69 195
131 69 196
131 69 197
131 131 3
131 131 4
131 131 5
131 131 67
131 131 68
131 131 69
131 131 131
131 131 132
131 131 133
131 131 195
131 131 196
131 131 197
131 132 3
131 132 4
131 132 5
131 132 67
131 132 68
131 132 69
131 132 131
131 132 132
131 132 133
131 132 195
131 132 196
131 132 197
131 133 3
131 133 4
131 133 5
131 133 67
131 133 68
131 133 69
131 133 131
131 133 132
131 133 133
131 133 195
131 133 196
131 133 197
131 195 3
131 195 4
131 195 5
131 195 67
131 195 68
131 195 69
131 195 131
131 195 132
131 195 133
131 195 195
131 195 196
131 195 197
131 196 3
131 196 4
131 196 5
131 196 67
131 196 68
131 196 69
131 196 131
131 196 132
131 196 133
131 196 195
131 196 196
131 196 197
131 197 3
131 197 4
131 197 5
131 197 67
131 197 68
131 197 69
131 197 131
131 197 132
131 197 133
131 197 195
131 197 196
131 197 197
132 3 3
132 3 4
132 3 5
132 3 67
132 3 68
132 3 69
132 3 131
132 3 132
132 3 133
132 3 195
132 3 196
132 3 197
132 4 3
132 4 5
132 4 67
132 4 69
132 4 131
132 4 133
132 4 195
132 4 197
132 5 3
132 5 4
132 5 5
132 5 67
132 5 68
132 5 69
132 5 131
132 5 132
132 5 133
132 5 195
132 5 196
132 5 197
132 67 3
132 67 4
132 67 5
132 67 67
132 67 68
132 67 69
132 67 131
132 67 132
132 67 133
132 67 195
132 67 196
132 67 197
132 68 3
132 68 5
132 68 67
132 68 69
132 68 131
132 68 133
132 68 195
132 68 197
132 69 3
132 69 4
132 69 5
132 69 67
132 69 68
132 69 69
132 69 131
132 69 132
132 69 133
132 69 195
132 69 196
132 69 197
132 131 3
132 131 4
132 131 5
132 131 67
132 131 68
132 131 69
132 131 131
132 131 132
132 131 133
132 131 195
132 131 196
132 131 197
132 132 3
132 132 5
132 132 67
132 132 69
132 132 131
132 132 133
132 132 195
132 132 197
132 133 3
132 133 4
132 133 5
132 133 67
132 133 68
132 133 69
132 133 131
132 133 132
132 133 133
132 133 195
132 133 196
132 133 197
132 195 3
132 195 4
132 195 5
132 195 67
132 195 68
132 195 69
132 195 131
132 195 132
132 195 133
132 195 195
132 195 196
132 195 197
132 196 3
132 196 5
132 196 67
132 196 69
132 196 131
132 196 133
132 196 195
132 196 197
132 197 3
132 197 4
132 197 5
132 197 67
132 197 68
132 197 69
132 197 131
132 197 132
132 197 133
132 197 195
132 197 196
132 197 197
133 3 3
133 3 4
133 3 5
133 3 67
133 3 68
133 3 69
133 3 131
133 3 132
133 3 133
133 3 195
133 3 196
133 3 197
133 4 3
133 4 4
133 4 5
133 4 67
133 4 68
133 4 69
133 4 131
133 4 132
133 4 133
133 4 195
133 4 196
133 4 197
133 5 3
133 5 4
133 5 5
133 5 67
133 5 68
133 5 69
133 5 131
133 5 132
133 5 133
133 5 195
133 5 196
133 5 197
133 67 3
133 67 4
133 67 5
133 67 67
133 67 68
133 67 69
133 67 131
133 67 132
133 67 133
133 67 195
133 67 196
133 67 197
133 68 3
133 68 4
133 68 5
133 68 67
133 68 68
133 68 69
133 68 131
133 68 132
133 68 133
133 68 195
133 68 196
133 68 197
133 69 3
133 69 4
133 69 5
133 69 67
133 69 68
133 69 69
133 69 131
133 69 132
133 69 133
133 69 195
133 69 196
133 69 197
133 131 3
133 131 4
133 131 5
133 131 67
133 131 68
133 131 69
133 131 131
133 131 132
133 131 133
133 131 195
133 131 196
133 131 197
133 132 3
133 132 4
133 132 5
133 132 67
133 132 68
133 132 69
133 132 131
133 132 132
133 132 133
133 132 195
133 132 196
133 132 197
133 133 3
133 133 4
133 133 5
133 133 67
133 133 68
133 133 69
133 133 131
133 133 132
133 133 133
133 133 195
133 133 196
133 133 197
133 195 3
133 195 4
133 195 5
133 195 67
133 195 68
133 195 69
133 195 131
133 195 132
133 195 133
133 195 195
133 195 196
133 195 197
133 196 3
133 196 4
133 196 5
133 196 67
133 196 68
133 196 69
133 196 131
133 196 132
133 196 133
133 196 195
133 196 196
133 196 197
133 197 3
133 197 4
133 197 5
133 197 67
133 197 68
133 197 69
133 197 131
133 197 132
133 197 133
133 197 195
133 197 196
133 197 197
195 3 3
195 3 4
195 3 5
195 3 67
195 3 68
195 3 69
195 3 131
195 3 132
195 3 133
195 3 195
195 3 196
195 3 197
195 4 3
195 4 4
195 4 5
195 4 67
195 4 68
195 4 69
195 4 131
195 4 132
195 4 133
195 4 195
195 4 196
195 4 197
195 5 3
195 5 4
195 5 5
195 5 67
195 5 68
195 5 69
195 5 131
195 5 132
195 5 133
195 5 195
195 5 196
195 5 197
195 67 3
195 67 4
195 67 5
195 67 67
195 67 68
195 67 69
195 67 131
195 67 132
195 67 133
195 67 195
195 67 196
195 67 197
195 68 3
195 68 4
195 68 5
195 68 67
195 68 68
195 68 69
195 68 131
195 68 132
195 68 133
195 68 195
195 68 196
195 68 197
195 69 3
195 69 4
195 69 5
195 69 67
195 69 68
195 69 69
195 69 131
195 69 132
195 69 133
195 69 195
195 69 196
195 69 197
195 131 3
195 131 4
195 131 5
195 131 67
195 131 68
195 131 69
195 131 131
195 131 132
195 131 133
195 131 195
195 131 196
195 131 197
195 132 3
195 132 4
195 132 5
195 132 67
195 132 68
195 132 69
195 132 131
195 132 132
195 132 133
195 132 195
195 132 196
195 132 197
195 133 3
195 133 4
195 133 5
195 133 67
195 133 68
195 133 69
195 133 131
195 133 132
195 133 133
195 133 195
195 133 196
195 133 197
195 195 3
195 195 4
195 195 5
195 195 67
195 195 68
195 195 69
195 195 131
195 195 132
195 195 133
195 195 195
195 195 196
195 195 197
195 196 3
195 196 4
195 196 5
195 196 67
195 196 68
195 196 69
195 196 131
195 196 132
195 196 133
195 196 195
195 196 196
195 196 197
195 197 3
195 197 4
195 197 5
195 197 67
195 197 68
195 197 69
195 197 131
195 197 132
195 197 133
195 197 195
195 197 196
195 197 197
196 3 3
196 3 4
196 3 5
196 3 67
196 3 68
196 3 69
196 3 131
196 3 132
196 3 133
196 3 195
196 3 196
196 3 197
196 4 3
196 4 5
196 4 67
196 4 69
196 4 131
196 4 133
196 4 195
196 4 197
196 5 3
196 5 4
196 5 5
196 5 67
196 5 68
196 5 69
196 5 131
196 5 132
196 5 133
196 5 195
196 5 196
196 5 197
196 67 3
196 67 4
196 67 5
196 67 67
196 67 68
196 67 69
196 67 131
196 67 132
196 67 133
196 67 195
196 67 196
196 67 197
196 68 3
196 68 5
196 68 67
196 68 69
196 68 131
196 68 133
196 68 195
196 68 197
196 69 3
196 69 4
196 69 5
196 69 67
196 69 68
196 69 69
196 69 131
196 69 132
196 69 133
196 69 195
196 69 196
196 69 197
196 131 3
196 131 4
196 131 5
196 131 67
196 131 68
196 131 69
196 131 131
196 131 132
196 131 133
196 131 195
196 131 196
196 131 197
196 132 3
196 132 5
196 132 67
196 132 69
196 132 131
196 132 133
196 132 195
196 132 197
196 133 3
196 133 4
196 133 5
196 133 67
196 133 68
196 133 69
196 133 131
196 133 132
196 133 133
196 133 195
196 133 196
196 133 197
196 195 3
196 195 4
196 195 5
196 195 67
196 195 68
196 195 69
196 195 131
196 195 132
196 195 133
196 195 195
196 195 196
196 195 197
196 196 3
196 196 5
196 196 67
196 196 69
196 196 131
196 196 133
196 196 195
196 196 197
196 197 3
196 197 4
196 197 5
196 197 67
196 197 68
196 197 69
196 197 131
196 197 132
196 197 133
196 197 195
196 197 196
196 197 197
197 3 3
197 3 4
197 3 5
197 3 67
197 3 68
197 3 69
197 3 131
197 3 132
197 3 133
197 3 195
197 3 196
197 3 197
197 4 3
197 4 4
197 4 5
197 4 67
197 4 68
197 4 69
197 4 131
197 4 132
197 4 133
197 4 195
197 4 196
197 4 197
197 5 3
197 5 4
197 5 5
197 5 67
197 5 68
197 5 69
197 5 131
197 5 132
197 5 133
197 5 195
197 5 196
197 5 197
197 67 3
197 67 4
197 67 5
197 67 67
197 67 68
197 67 69
197 67 131
197 67 132
197 67 133
197 67 195
197 67 196
197 67 197
197 68 3
197 68 4
197 68 5
197 68 67
197 68 68
197 68 69
197 68 131
197 68 132
197 68 133
197 68 195
197 68 196
197 68 197
197 69 3
197 69 4
197 69 5
197 69 67
197 69 68
197 69 69
197 69 131
197 69 132
197 69 133
197 69 195
197 69 196
197 69 197
197 131 3
197 131 4
197 131 5
197 131 67
197 131 68
197 131 69
197 131 131
197 131 132
197 131 133
197 131 195
197 131 196
197 131 197
197 132 3
197 132 4
197 132 5
197 132 67
197 132 68
197 132 69
197 132 131
197 132 132
197 132 133
197 132 195
197 132 196
197 132 197
197 133 3
197 133 4
197 133 5
197 133 67
197 133 68
197 133 69
197 133 131
197 133 132
197 133 133
197 133 195
197 133 196
197 133 197
197 195 3
197 195 4
197 195 5
197 195 67
197 195 68
197 195 69
197 195 131
197 195 132
197 195 133
197 195 195
197 195 196
197 195 197
197 196 3
197 196 4
197 196 5
197 196 67
197 196 68
197 196 69
197 196 131
197 196 132
197 196 133
197 196 195
197 196 196
197 196 197
197 197 3
197 197 4
197 197 5
197 197 67
197 197 68
197 197 69
197 197 131
197 197 132
197 197 133
197 197 195
197 197 196
197 197 197
