200
30 30 30
30 30 34
30 30 38
30 30 42
30 30 82
30 30 86
30 30 90
30 30 94
30 30 102
30 30 106
30 30 110
30 30 114
30 30 158
30 30 162
30 30 166
30 30 170
30 34 30
30 34 34
30 34 38
30 34 42
30 34 82
30 34 86
30 34 90
30 34 94
30 34 102
30 34 106
30 34 110
30 34 114
30 34 158
30 34 162
30 34 166
30 34 170
30 38 30
30 38 34
30 38 38
30 38 42
30 38 82
30 38 86
30 38 90
30 38 94
30 38 102
30 38 106
30 38 110
30 38 114
30 38 158
30 38 162
30 38 166
30 38 170
30 42 30
30 42 34
30 42 38
30 42 42
30 42 82
30 42 86
30 42 90
30 42 94
30 42 102
30 42 106
30 42 110
30 42 114
30 42 158
30 42 162
30 42 166
30 42 170
30 82 30
30 82 34
30 82 38
30 82 42
30 82 82
30 82 86
30 82 90
30 82 94
30 82 102
30 82 106
30 82 110
30 82 114
30 82 158
30 82 162
30 82 166
30 82 170
30 86 30
30 86 34
30 86 38
30 86 42
30 86 82
30 86 86
30 86 90
30 86 94
30 86 102
30 86 106
30 86 110
30 86 114
30 86 158
30 86 162
30 86 166
30 86 170
30 90 30
30 90 34
30 90 38
30 90 42
30 90 82
30 90 86
30 90 90
30 90 94
30 90 102
30 90 106
30 90 110
30 90 114
30 90 158
30 90 162
30 90 166
30 90 170
30 94 30
30 94 34
30 94 38
30 94 42
30 94 82
30 94 86
30 94 90
30 94 94
30 94 102
30 94 106
30 94 110
30 94 114
30 94 158
30 94 162
30 94 166
30 94 170
30 102 30
30 102 34
30 102 38
30 102 42
30 102 82
30 102 86
30 102 90
30 102 94
30 102 102
30 102 106
30 102 110
30 102 114
30 102 158
30 102 162
30 102 166
30 102 170
30 106 30
30 106 34
30 106 38
30 106 42
30 106 82
30 106 86
30 106 90
30 106 94
30 106 102
30 106 106
30 106 110
30 106 114
30 106 158
30 106 162
30 106 166
30 106 170
30 110 30
30 110 34
30 110 38
30 110 42
30 110 82
30 110 86
30 110 90
30 110 94
30 110 102
30 110 106
30 110 110
30 110 114
30 110 158
30 110 162
30 110 166
30 110 170
30 114 30
30 114 34
30 114 38
30 114 42
30 114 82
30 114 86
30 114 90
30 114 94
30 114 102
30 114 106
30 114 110
30 114 114
30 114 158
30 114 162
30 114 166
30 114 170
30 158 30
30 158 34
30 158 38
30 158 42
30 158 82
30 158 86
30 158 90
30 158 94
30 158 102
30 158 106
30 158 110
30 158 114
30 158 158
30 158 162
30 158 166
30 158 170
30 162 30
30 162 34
30 162 38
30 162 42
30 162 82
30 162 86
30 162 90
30 162 94
30 162 102
30 162 106
30 162 110
30 162 114
30 162 158
30 162 162
30 162 166
30 162 170
30 166 30
30 166 34
30 166 38
30 166 42
30 166 82
30 166 86
30 166 90
30 166 94
30 166 102
30 166 106
30 166 110
30 166 114
30 166 158
30 166 162
30 166 166
30 166 170
30 170 30
30 170 34
30 170 38
30 170 42
30 170 82
30 170 86
30 170 90
30 170 94
30 170 102
30 170 106
30 170 110
30 170 114
30 170 158
30 170 162
30 170 166
30 170 170
34 30 30
34 30 34
34 30 38
34 30 42
34 30 82
34 30 86
34 30 90
34 30 94
34 30 102
34 30 106
34 30 110
34 30 114
34 30 158
34 30 162
34 30 166
34 30 170
34 34 30
34 34 34
34 34 38
34 34 42
34 34 82
34 34 86
34 34 90
34 34 94
34 34 102
34 34 106
34 34 110
34 34 114
34 34 158
34 34 162
34 34 166
34 34 170
34 38 30
34 38 34
34 38 38
34 38 42
34 38 82
34 38 86
34 38 90
34 38 94
34 38 102
34 38 106
34 38 110
34 38 114
34 38 158
34 38 162
34 38 166
34 38 170
34 42 30
34 42 34
34 42 38
34 42 42
34 42 82
34 42 86
34 42 90
34 42 94
34 42 102
34 42 106
34 42 110
34 42 114
34 42 158
34 42 162
34 42 166
34 42 170
34 82 30
34 82 34
34 82 38
34 82 42
34 82 82
34 82 86
34 82 90
34 82 94
34 82 102
34 82 106
34 82 110
34 82 114
34 82 158
34 82 162
34 82 166
34 82 170
34 86 30
34 86 34
34 86 38
34 86 42
34 86 82
34 86 86
34 86 90
34 86 94
34 86 102
34 86 106
34 86 110
34 86 114
34 86 158
34 86 162
34 86 166
34 86 170
34 90 30
34 90 34
34 90 38
34 90 42
34 90 82
34 90 86
34 90 90
34 90 94
34 90 102
34 90 106
34 90 110
34 90 114
34 90 158
34 90 162
34 90 166
34 90 170
34 94 30
34 94 34
34 94 38
34 94 42
34 94 82
34 94 86
34 94 90
34 94 94
34 94 102
34 94 106
34 94 110
34 94 114
34 94 158
34 94 162
34 94 166
34 94 170
34 102 30
34 102 34
34 102 38
34 102 42
34 102 82
34 102 86
34 102 90
34 102 94
34 102 102
34 102 106
34 102 110
34 102 114
34 102 158
34 102 162
34 102 166
34 102 170
34 106 30
34 106 34
34 106 38
34 106 42
34 106 82
34 106 86
34 106 90
34 106 94
34 106 102
34 106 106
34 106 110
34 106 114
34 106 158
34 106 162
34 106 166
34 106 170
34 110 30
34 110 34
34 110 38
34 110 42
34 110 82
34 110 86
34 110 90
34 110 94
34 110 102
34 110 106
34 110 110
34 110 114
34 110 158
34 110 162
34 110 166
34 110 170
34 114 30
34 114 34
34 114 38
34 114 42
34 114 82
34 114 86
34 114 90
34 114 94
34 114 102
34 114 106
34 114 110
34 114 114
34 114 158
34 114 162
34 114 166
34 114 170
34 158 30
34 158 34
34 158 38
34 158 42
34 158 82
34 158 86
34 158 90
34 158 94
34 158 102
34 158 106
34 158 110
34 158 114
34 158 158
34 158 162
34 158 166
34 158 170
34 162 30
34 162 34
34 162 38
34 162 42
34 162 82
34 162 86
34 162 90
34 162 94
34 162 102
34 162 106
34 162 110
34 162 114
34 162 158
34 162 162
34 162 166
34 162 170
34 166 30
34 166 34
34 166 38
34 166 42
34 166 82
34 166 86
34 166 90
34 166 94
34 166 102
34 166 106
34 166 110
34 166 114
34 166 158
34 166 162
34 166 166
34 166 170
34 170 30
34 170 34
34 170 38
34 170 42
34 170 82
34 170 86
34 170 90
34 170 94
34 170 102
34 170 106
34 170 110
34 170 114
34 170 158
34 170 162
34 170 166
34 170 170
38 30 30
38 30 34
38 30 38
38 30 42
38 30 82
38 30 86
38 30 90
38 30 94
38 30 102
38 30 106
38 30 110
38 30 114
38 30 158
38 30 162
38 30 166
38 30 170
38 34 30
38 34 34
38 34 38
38 34 42
38 34 82
38 34 86
38 34 90
38 34 94
38 34 102
38 34 106
38 34 110
38 34 114
38 34 158
38 34 162
38 34 166
38 34 170
38 38 30
38 38 34
38 38 38
38 38 42
38 38 82
38 38 86
38 38 90
38 38 94
38 38 102
38 38 106
38 38 110
38 38 114
38 38 158
38 38 162
38 38 166
38 38 170
38 42 30
38 42 34
38 42 38
38 42 42
38 42 82
38 42 86
38 42 90
38 42 94
38 42 102
38 42 106
38 42 110
38 42 114
38 42 158
38 42 162
38 42 166
38 42 170
38 82 30
38 82 34
38 82 38
38 82 42
38 82 82
38 82 86
38 82 90
38 82 94
38 82 102
38 82 106
38 82 110
38 82 114
38 82 158
38 82 162
38 82 166
38 82 170
38 86 30
38 86 34
38 86 38
38 86 42
38 86 82
38 86 86
38 86 90
38 86 94
38 86 102
38 86 106
38 86 110
38 86 114
38 86 158
38 86 162
38 86 166
38 86 170
38 90 30
38 90 34
38 90 38
38 90 42
38 90 82
38 90 86
38 90 90
38 90 94
38 90 102
38 90 106
38 90 110
38 90 114
38 90 158
38 90 162
38 90 166
38 90 170
38 94 30
38 94 34
38 94 38
38 94 42
38 94 82
38 94 86
38 94 90
38 94 94
38 94 102
38 94 106
38 94 110
38 94 114
38 94 158
38 94 162
38 94 166
38 94 170
38 102 30
38 102 34
38 102 38
38 102 42
38 102 82
38 102 86
38 102 90
38 102 94
38 102 102
38 102 106
38 102 110
38 102 114
38 102 158
38 102 162
38 102 166
38 102 170
38 106 30
38 106 34
38 106 38
38 106 42
38 106 82
38 106 86
38 106 90
38 106 94
38 106 102
38 106 106
38 106 110
38 106 114
38 106 158
38 106 162
38 106 166
38 106 170
38 110 30
38 110 34
38 110 38
38 110 42
38 110 82
38 110 86
38 110 90
38 110 94
38 110 102
38 110 106
38 110 110
38 110 114
38 110 158
38 110 162
38 110 166
38 110 170
38 114 30
38 114 34
38 114 38
38 114 42
38 114 82
38 114 86
38 114 90
38 114 94
38 114 102
38 114 106
38 114 110
38 114 114
38 114 158
38 114 162
38 114 166
38 114 170
38 158 30
38 158 34
38 158 38
38 158 42
38 158 82
38 158 86
38 158 90
38 158 94
38 158 102
38 158 106
38 158 110
38 158 114
38 158 158
38 158 162
38 158 166
38 158 170
38 162 30
38 162 34
38 162 38
38 162 42
38 162 82
38 162 86
38 162 90
38 162 94
38 162 102
38 162 106
38 162 110
38 162 114
38 162 158
38 162 162
38 162 166
38 162 170
38 166 30
38 166 34
38 166 38
38 166 42
38 166 82
38 166 86
38 166 90
38 166 94
38 166 102
38 166 106
38 166 110
38 166 114
38 166 158
38 166 162
38 166 166
38 166 170
38 170 30
38 170 34
38 170 38
38 170 42
38 170 82
38 170 86
38 170 90
38 170 94
38 170 102
38 170 106
38 170 110
38 170 114
38 170 158
38 170 162
38 170 166
38 170 170
42 30 30
42 30 34
42 30 38
42 30 42
42 30 82
42 30 86
42 30 90
42 30 94
42 30 102
42 30 106
42 30 110
42 30 114
42 30 158
42 30 162
42 30 166
42 30 170
42 34 30
42 34 34
42 34 38
42 34 42
42 34 82
42 34 86
42 34 90
42 34 94
42 34 102
42 34 106
42 34 110
42 34 114
42 34 158
42 34 162
42 34 166
42 34 170
42 38 30
42 38 34
42 38 38
42 38 42
42 38 82
42 38 86
42 38 90
42 38 94
42 38 102
42 38 106
42 38 110
42 38 114
42 38 158
42 38 162
42 38 166
42 38 170
42 42 30
42 42 34
42 42 38
42 42 42
42 42 82
42 42 86
42 42 90
42 42 94
42 42 102
42 42 106
42 42 110
42 42 114
42 42 158
42 42 162
42 42 166
42 42 170
42 82 30
42 82 34
42 82 38
42 82 42
42 82 82
42 82 86
42 82 90
42 82 94
42 82 102
42 82 106
42 82 110
42 82 114
42 82 158
42 82 162
42 82 166
42 82 170
42 86 30
42 86 34
42 86 38
42 86 42
42 86 82
42 86 86
42 86 90
42 86 94
42 86 102
42 86 106
42 86 110
42 86 114
42 86 158
42 86 162
42 86 166
42 86 170
42 90 30
42 90 34
42 90 38
42 90 42
42 90 82
42 90 86
42 90 90
42 90 94
42 90 102
42 90 106
42 90 110
42 90 114
42 90 158
42 90 162
42 90 166
42 90 170
42 94 30
42 94 34
42 94 38
42 94 42
42 94 82
42 94 86
42 94 90
42 94 94
42 94 102
42 94 106
42 94 110
42 94 114
42 94 158
42 94 162
42 94 166
42 94 170
42 102 30
42 102 34
42 102 38
42 102 42
42 102 82
42 102 86
42 102 90
42 102 94
42 102 102
42 102 106
42 102 110
42 102 114
42 102 158
42 102 162
42 102 166
42 102 170
42 106 30
42 106 34
42 106 38
42 106 42
42 106 82
42 106 86
42 106 90
42 106 94
42 106 102
42 106 106
42 106 110
42 106 114
42 106 158
42 106 162
42 106 166
42 106 170
42 110 30
42 110 34
42 110 38
42 110 42
42 110 82
42 110 86
42 110 90
42 110 94
42 110 102
42 110 106
42 110 110
42 110 114
42 110 158
42 110 162
42 110 166
42 110 170
42 114 30
42 114 34
42 114 38
42 114 42
42 114 82
42 114 86
42 114 90
42 114 94
42 114 102
42 114 106
42 114 110
42 114 114
42 114 158
42 114 162
42 114 166
42 114 170
42 158 30
42 158 34
42 158 38
42 158 42
42 158 82
42 158 86
42 158 90
42 158 94
42 158 102
42 158 106
42 158 110
42 158 114
42 158 158
42 158 162
42 158 166
42 158 170
42 162 30
42 162 34
42 162 38
42 162 42
42 162 82
42 162 86
42 162 90
42 162 94
42 162 102
42 162 106
42 162 110
42 162 114
42 162 158
42 162 162
42 162 166
42 162 170
42 166 30
42 166 34
42 166 38
42 166 42
42 166 82
42 166 86
42 166 90
42 166 94
42 166 102
42 166 106
42 166 110
42 166 114
42 166 158
42 166 162
42 166 166
42 166 170
42 170 30
42 170 34
42 170 38
42 170 42
42 170 82
42 170 86
42 170 90
42 170 94
42 170 102
42 170 106
42 170 110
42 170 114
42 170 158
42 170 162
42 170 166
42 170 170
82 30 30
82 30 34
82 30 38
82 30 42
82 30 82
82 30 86
82 30 90
82 30 94
82 30 102
82 30 106
82 30 110
82 30 114
82 30 158
82 30 162
82 30 166
82 30 170
82 34 30
82 34 34
82 34 38
82 34 42
82 34 82
82 34 86
82 34 90
82 34 94
82 34 102
82 34 106
82 34 110
82 34 114
82 34 158
82 34 162
82 34 166
82 34 170
82 38 30
82 38 34
82 38 38
82 38 42
82 38 82
82 38 86
82 38 90
82 38 94
82 38 102
82 38 106
82 38 110
82 38 114
82 38 158
82 38 162
82 38 166
82 38 170
82 42 30
82 42 34
82 42 38
82 42 42
82 42 82
82 42 86
82 42 90
82 42 94
82 42 102
82 42 106
82 42 110
82 42 114
82 42 158
82 42 162
82 42 166
82 42 170
82 82 30
82 82 34
82 82 38
82 82 42
82 82 82
82 82 86
82 82 90
82 82 94
82 82 102
82 82 106
82 82 110
82 82 114
82 82 158
82 82 162
82 82 166
82 82 170
82 86 30
82 86 34
82 86 38
82 86 42
82 86 82
82 86 86
82 86 90
82 86 94
82 86 102
82 86 106
82 86 110
82 86 114
82 86 158
82 86 162
82 86 166
82 86 170
82 90 30
82 90 34
82 90 38
82 90 42
82 90 82
82 90 86
82 90 90
82 90 94
82 90 102
82 90 106
82 90 110
82 90 114
82 90 158
82 90 162
82 90 166
82 90 170
82 94 30
82 94 34
82 94 38
82 94 42
82 94 82
82 94 86
82 94 90
82 94 94
82 94 102
82 94 106
82 94 110
82 94 114
82 94 158
82 94 162
82 94 166
82 94 170
82 102 30
82 102 34
82 102 38
82 102 42
82 102 82
82 102 86
82 102 90
82 102 94
82 102 102
82 102 106
82 102 110
82 102 114
82 102 158
82 102 162
82 102 166
82 102 170
82 106 30
82 106 34
82 106 38
82 106 42
82 106 82
82 106 86
82 106 90
82 106 94
82 106 102
82 106 106
82 106 110
82 106 114
82 106 158
82 106 162
82 106 166
82 106 170
82 110 30
82 110 34
82 110 38
82 110 42
82 110 82
82 110 86
82 110 90
82 110 94
82 110 102
82 110 106
82 110 110
82 110 114
82 110 158
82 110 162
82 110 166
82 110 170
82 114 30
82 114 34
82 114 38
82 114 42
82 114 82
82 114 86
82 114 90
82 114 94
82 114 102
82 114 106
82 114 110
82 114 114
82 114 158
82 114 162
82 114 166
82 114 170
82 158 30
82 158 34
82 158 38
82 158 42
82 158 82
82 158 86
82 158 90
82 158 94
82 158 102
82 158 106
82 158 110
82 158 114
82 158 158
82 158 162
82 158 166
82 158 170
82 162 30
82 162 34
82 162 38
82 162 42
82 162 82
82 162 86
82 162 90
82 162 94
82 162 102
82 162 106
82 162 110
82 162 114
82 162 158
82 162 162
82 162 166
82 162 170
82 166 30
82 166 34
82 166 38
82 166 42
82 166 82
82 166 86
82 166 90
82 166 94
82 166 102
82 166 106
82 166 110
82 166 114
82 166 158
82 166 162
82 166 166
82 166 170
82 170 30
82 170 34
82 170 38
82 170 42
82 170 82
82 170 86
82 170 90
82 170 94
82 170 102
82 170 106
82 170 110
82 170 114
82 170 158
82 170 162
82 170 166
82 170 170
86 30 30
86 30 34
86 30 38
86 30 42
86 30 82
86 30 86
86 30 90
86 30 94
86 30 102
86 30 106
86 30 110
86 30 114
86 30 158
86 30 162
86 30 166
86 30 170
86 34 30
86 34 34
86 34 38
86 34 42
86 34 82
86 34 86
86 34 90
86 34 94
86 34 102
86 34 106
86 34 110
86 34 114
86 34 158
86 34 162
86 34 166
86 34 170
86 38 30
86 38 34
86 38 38
86 38 42
86 38 82
86 38 86
86 38 90
86 38 94
86 38 102
86 38 106
86 38 110
86 38 114
86 38 158
86 38 162
86 38 166
86 38 170
86 42 30
86 42 34
86 42 38
86 42 42
86 42 82
86 42 86
86 42 90
86 42 94
86 42 102
86 42 106
86 42 110
86 42 114
86 42 158
86 42 162
86 42 166
86 42 170
86 82 30
86 82 34
86 82 38
86 82 42
86 82 82
86 82 86
86 82 90
86 82 94
86 82 102
86 82 106
86 82 110
86 82 114
86 82 158
86 82 162
86 82 166
86 82 170
86 86 30
86 86 34
86 86 38
86 86 42
86 86 82
86 86 86
86 86 90
86 86 94
86 86 102
86 86 106
86 86 110
86 86 114
86 86 158
86 86 162
86 86 166
86 86 170
86 90 30
86 90 34
86 90 38
86 90 42
86 90 82
86 90 86
86 90 90
86 90 94
86 90 102
86 90 106
86 90 110
86 90 114
86 90 158
86 90 162
86 90 166
86 90 170
86 94 30
86 94 34
86 94 38
86 94 42
86 94 82
86 94 86
86 94 90
86 94 94
86 94 102
86 94 106
86 94 110
86 94 114
86 94 158
86 94 162
86 94 166
86 94 170
86 102 30
86 102 34
86 102 38
86 102 42
86 102 82
86 102 86
86 102 90
86 102 94
86 102 102
86 102 106
86 102 110
86 102 114
86 102 158
86 102 162
86 102 166
86 102 170
86 106 30
86 106 34
86 106 38
86 106 42
86 106 82
86 106 86
86 106 90
86 106 94
86 106 102
86 106 106
86 106 110
86 106 114
86 106 158
86 106 162
86 106 166
86 106 170
86 110 30
86 110 34
86 110 38
86 110 42
86 110 82
86 110 86
86 110 90
86 110 94
86 110 102
86 110 106
86 110 110
86 110 114
86 110 158
86 110 162
86 110 166
86 110 170
86 114 30
86 114 34
86 114 38
86 114 42
86 114 82
86 114 86
86 114 90
86 114 94
86 114 102
86 114 106
86 114 110
86 114 114
86 114 158
86 114 162
86 114 166
86 114 170
86 158 30
86 158 34
86 158 38
86 158 42
86 158 82
86 158 86
86 158 90
86 158 94
86 158 102
86 158 106
86 158 110
86 158 114
86 158 158
86 158 162
86 158 166
86 158 170
86 162 30
86 162 34
86 162 38
86 162 42
86 162 82
86 162 86
86 162 90
86 162 94
86 162 102
86 162 106
86 162 110
86 162 114
86 162 158
86 162 162
86 162 166
86 162 170
86 166 30
86 166 34
86 166 38
86 166 42
86 166 82
86 166 86
86 166 90
86 166 94
86 166 102
86 166 106
86 166 110
86 166 114
86 166 158
86 166 162
86 166 166
86 166 170
86 170 30
86 170 34
86 170 38
86 170 42
86 170 82
86 170 86
86 170 90
86 170 94
86 170 102
86 170 106
86 170 110
86 170 114
86 170 158
86 170 162
86 170 166
86 170 170
90 30 30
90 30 34
90 30 38
90 30 42
90 30 82
90 30 86
90 30 90
90 30 94
90 30 102
90 30 106
90 30 110
90 30 114
90 30 158
90 30 162
90 30 166
90 30 170
90 34 30
90 34 34
90 34 38
90 34 42
90 34 82
90 34 86
90 34 90
90 34 94
90 34 102
90 34 106
90 34 110
90 34 114
90 34 158
90 34 162
90 34 166
90 34 170
90 38 30
90 38 34
90 38 38
90 38 42
90 38 82
90 38 86
90 38 90
90 38 94
90 38 102
90 38 106
90 38 110
90 38 114
90 38 158
90 38 162
90 38 166
90 38 170
90 42 30
90 42 34
90 42 38
90 42 42
90 42 82
90 42 86
90 42 90
90 42 94
90 42 102
90 42 106
90 42 110
90 42 114
90 42 158
90 42 162
90 42 166
90 42 170
90 82 30
90 82 34
90 82 38
90 82 42
90 82 82
90 82 86
90 82 90
90 82 94
90 82 102
90 82 106
90 82 110
90 82 114
90 82 158
90 82 162
90 82 166
90 82 170
90 86 30
90 86 34
90 86 38
90 86 42
90 86 82
90 86 86
90 86 90
90 86 94
90 86 102
90 86 106
90 86 110
90 86 114
90 86 158
90 86 162
90 86 166
90 86 170
90 90 30
90 90 34
90 90 38
90 90 42
90 90 82
90 90 86
90 90 90
90 90 94
90 90 102
90 90 106
90 90 110
90 90 114
90 90 158
90 90 162
90 90 166
90 90 170
90 94 30
90 94 34
90 94 38
90 94 42
90 94 82
90 94 86
90 94 90
90 94 94
90 94 102
90 94 106
90 94 110
90 94 114
90 94 158
90 94 162
90 94 166
90 94 170
90 102 30
90 102 34
90 102 38
90 102 42
90 102 82
90 102 86
90 102 90
90 102 94
90 102 102
90 102 106
90 102 110
90 102 114
90 102 158
90 102 162
90 102 166
90 102 170
90 106 30
90 106 34
90 106 38
90 106 42
90 106 82
90 106 86
90 106 90
90 106 94
90 106 102
90 106 106
90 106 110
90 106 114
90 106 158
90 106 162
90 106 166
90 106 170
90 110 30
90 110 34
90 110 38
90 110 42
90 110 82
90 110 86
90 110 90
90 110 94
90 110 102
90 110 106
90 110 110
90 110 114
90 110 158
90 110 162
90 110 166
90 110 170
90 114 30
90 114 34
90 114 38
90 114 42
90 114 82
90 114 86
90 114 90
90 114 94
90 114 102
90 114 106
90 114 110
90 114 114
90 114 158
90 114 162
90 114 166
90 114 170
90 158 30
90 158 34
90 158 38
90 158 42
90 158 82
90 158 86
90 158 90
90 158 94
90 158 102
90 158 106
90 158 110
90 158 114
90 158 158
90 158 162
90 158 166
90 158 170
90 162 30
90 162 34
90 162 38
90 162 42
90 162 82
90 162 86
90 162 90
90 162 94
90 162 102
90 162 106
90 162 110
90 162 114
90 162 158
90 162 162
90 162 166
90 162 170
90 166 30
90 166 34
90 166 38
90 166 42
90 166 82
90 166 86
90 166 90
90 166 94
90 166 102
90 166 106
90 166 110
90 166 114
90 166 158
90 166 162
90 166 166
90 166 170
90 170 30
90 170 34
90 170 38
90 170 42
90 170 82
90 170 86
90 170 90
90 170 94
90 170 102
90 170 106
90 170 110
90 170 114
90 170 158
90 170 162
90 170 166
90 170 170
94 30 30
94 30 34
94 30 38
94 30 42
94 30 82
94 30 86
94 30 90
94 30 94
94 30 102
94 30 106
94 30 110
94 30 114
94 30 158
94 30 162
94 30 166
94 30 170
94 34 30
94 34 34
94 34 38
94 34 42
94 34 82
94 34 86
94 34 90
94 34 94
94 34 102
94 34 106
94 34 110
94 34 114
94 34 158
94 34 162
94 34 166
94 34 170
94 38 30
94 38 34
94 38 38
94 38 42
94 38 82
94 38 86
94 38 90
94 38 94
94 38 102
94 38 106
94 38 110
94 38 114
94 38 158
94 38 162
94 38 166
94 38 170
94 42 30
94 42 34
94 42 38
94 42 42
94 42 82
94 42 86
94 42 90
94 42 94
94 42 102
94 42 106
94 42 110
94 42 114
94 42 158
94 42 162
94 42 166
94 42 170
94 82 30
94 82 34
94 82 38
94 82 42
94 82 82
94 82 86
94 82 90
94 82 94
94 82 102
94 82 106
94 82 110
94 82 114
94 82 158
94 82 162
94 82 166
94 82 170
94 86 30
94 86 34
94 86 38
94 86 42
94 86 82
94 86 86
94 86 90
94 86 94
94 86 102
94 86 106
94 86 110
94 86 114
94 86 158
94 86 162
94 86 166
94 86 170
94 90 30
94 90 34
94 90 38
94 90 42
94 90 82
94 90 86
94 90 90
94 90 94
94 90 102
94 90 106
94 90 110
94 90 114
94 90 158
94 90 162
94 90 166
94 90 170
94 94 30
94 94 34
94 94 38
94 94 42
94 94 82
94 94 86
94 94 90
94 94 94
94 94 102
94 94 106
94 94 110
94 94 114
94 94 158
94 94 162
94 94 166
94 94 170
94 102 30
94 102 34
94 102 38
94 102 42
94 102 82
94 102 86
94 102 90
94 102 94
94 102 102
94 102 106
94 102 110
94 102 114
94 102 158
94 102 162
94 102 166
94 102 170
94 106 30
94 106 34
94 106 38
94 106 42
94 106 82
94 106 86
94 106 90
94 106 94
94 106 102
94 106 106
94 106 110
94 106 114
94 106 158
94 106 162
94 106 166
94 106 170
94 110 30
94 110 34
94 110 38
94 110 42
94 110 82
94 110 86
94 110 90
94 110 94
94 110 102
94 110 106
94 110 110
94 110 114
94 110 158
94 110 162
94 110 166
94 110 170
94 114 30
94 114 34
94 114 38
94 114 42
94 114 82
94 114 86
94 114 90
94 114 94
94 114 102
94 114 106
94 114 110
94 114 114
94 114 158
94 114 162
94 114 166
94 114 170
94 158 30
94 158 34
94 158 38
94 158 42
94 158 82
94 158 86
94 158 90
94 158 94
94 158 102
94 158 106
94 158 110
94 158 114
94 158 158
94 158 162
94 158 166
94 158 170
94 162 30
94 162 34
94 162 38
94 162 42
94 162 82
94 162 86
94 162 90
94 162 94
94 162 102
94 162 106
94 162 110
94 162 114
94 162 158
94 162 162
94 162 166
94 162 170
94 166 30
94 166 34
94 166 38
94 166 42
94 166 82
94 166 86
94 166 90
94 166 94
94 166 102
94 166 106
94 166 110
94 166 114
94 166 158
94 166 162
94 166 166
94 166 170
94 170 30
94 170 34
94 170 38
94 170 42
94 170 82
94 170 86
94 170 90
94 170 94
94 170 102
94 170 106
94 170 110
94 170 114
94 170 158
94 170 162
94 170 166
94 170 170
102 30 30
102 30 34
102 30 38
102 30 42
102 30 82
102 30 86
102 30 90
102 30 94
102 30 102
102 30 106
102 30 110
102 30 114
102 30 158
102 30 162
102 30 166
102 30 170
102 34 30
102 34 34
102 34 38
102 34 42
102 34 82
102 34 86
102 34 90
102 34 94
102 34 102
102 34 106
102 34 110
102 34 114
102 34 158
102 34 162
102 34 166
102 34 170
102 38 30
102 38 34
102 38 38
102 38 42
102 38 82
102 38 86
102 38 90
102 38 94
102 38 102
102 38 106
102 38 110
102 38 114
102 38 158
102 38 162
102 38 166
102 38 170
102 42 30
102 42 34
102 42 38
102 42 42
102 42 82
102 42 86
102 42 90
102 42 94
102 42 102
102 42 106
102 42 110
102 42 114
102 42 158
102 42 162
102 42 166
102 42 170
102 82 30
102 82 34
102 82 38
102 82 42
102 82 82
102 82 86
102 82 90
102 82 94
102 82 102
102 82 106
102 82 110
102 82 114
102 82 158
102 82 162
102 82 166
102 82 170
102 86 30
102 86 34
102 86 38
102 86 42
102 86 82
102 86 86
102 86 90
102 86 94
102 86 102
102 86 106
102 86 110
102 86 114
102 86 158
102 86 162
102 86 166
102 86 170
102 90 30
102 90 34
102 90 38
102 90 42
102 90 82
102 90 86
102 90 90
102 90 94
102 90 102
102 90 106
102 90 110
102 90 114
102 90 158
102 90 162
102 90 166
102 90 170
102 94 30
102 94 34
102 94 38
102 94 42
102 94 82
102 94 86
102 94 90
102 94 94
102 94 102
102 94 106
102 94 110
102 94 114
102 94 158
102 94 162
102 94 166
102 94 170
102 102 30
102 102 34
102 102 38
102 102 42
102 102 82
102 102 86
102 102 90
102 102 94
102 102 102
102 102 106
102 102 110
102 102 114
102 102 158
102 102 162
102 102 166
102 102 170
102 106 30
102 106 34
102 106 38
102 106 42
102 106 82
102 106 86
102 106 90
102 106 94
102 106 102
102 106 106
102 106 110
102 106 114
102 106 158
102 106 162
102 106 166
102 106 170
102 110 30
102 110 34
102 110 38
102 110 42
102 110 82
102 110 86
102 110 90
102 110 94
102 110 102
102 110 106
102 110 110
102 110 114
102 110 158
102 110 162
102 110 166
102 110 170
102 114 30
102 114 34
102 114 38
102 114 42
102 114 82
102 114 86
102 114 90
102 114 94
102 114 102
102 114 106
102 114 110
102 114 114
102 114 158
102 114 162
102 114 166
102 114 170
102 158 30
102 158 34
102 158 38
102 158 42
102 158 82
102 158 86
102 158 90
102 158 94
102 158 102
102 158 106
102 158 110
102 158 114
102 158 158
102 158 162
102 158 166
102 158 170
102 162 30
102 162 34
102 162 38
102 162 42
102 162 82
102 162 86
102 162 90
102 162 94
102 162 102
102 162 106
102 162 110
102 162 114
102 162 158
102 162 162
102 162 166
102 162 170
102 166 30
102 166 34
102 166 38
102 166 42
102 166 82
102 166 86
102 166 90
102 166 94
102 166 102
102 166 106
102 166 110
102 166 114
102 166 158
102 166 162
102 166 166
102 166 170
102 170 30
102 170 34
102 170 38
102 170 42
102 170 82
102 170 86
102 170 90
102 170 94
102 170 102
102 170 106
102 170 110
102 170 114
102 170 158
102 170 162
102 170 166
102 170 170
106 30 30
106 30 34
106 30 38
106 30 42
106 30 82
106 30 86
106 30 90
106 30 94
106 30 102
106 30 106
106 30 110
106 30 114
106 30 158
106 30 162
106 30 166
106 30 170
106 34 30
106 34 34
106 34 38
106 34 42
106 34 82
106 34 86
106 34 90
106 34 94
106 34 102
106 34 106
106 34 110
106 34 114
106 34 158
106 34 162
106 34 166
106 34 170
106 38 30
106 38 34
106 38 38
106 38 42
106 38 82
106 38 86
106 38 90
106 38 94
106 38 102
106 38 106
106 38 110
106 38 114
106 38 158
106 38 162
106 38 166
106 38 170
106 42 30
106 42 34
106 42 38
106 42 42
106 42 82
106 42 86
106 42 90
106 42 94
106 42 102
106 42 106
106 42 110
106 42 114
106 42 158
106 42 162
106 42 166
106 42 170
106 82 30
106 82 34
106 82 38
106 82 42
106 82 82
106 82 86
106 82 90
106 82 94
106 82 102
106 82 106
106 82 110
106 82 114
106 82 158
106 82 162
106 82 166
106 82 170
106 86 30
106 86 34
106 86 38
106 86 42
106 86 82
106 86 86
106 86 90
106 86 94
106 86 102
106 86 106
106 86 110
106 86 114
106 86 158
106 86 162
106 86 166
106 86 170
106 90 30
106 90 34
106 90 38
106 90 42
106 90 82
106 90 86
106 90 90
106 90 94
106 90 102
106 90 106
106 90 110
106 90 114
106 90 158
106 90 162
106 90 166
106 90 170
106 94 30
106 94 34
106 94 38
106 94 42
106 94 82
106 94 86
106 94 90
106 94 94
106 94 102
106 94 106
106 94 110
106 94 114
106 94 158
106 94 162
106 94 166
106 94 170
106 102 30
106 102 34
106 102 38
106 102 42
106 102 82
106 102 86
106 102 90
106 102 94
106 102 102
106 102 106
106 102 110
106 102 114
106 102 158
106 102 162
106 102 166
106 102 170
106 106 30
106 106 34
106 106 38
106 106 42
106 106 82
106 106 86
106 106 90
106 106 94
106 106 102
106 106 106
106 106 110
106 106 114
106 106 158
106 106 162
106 106 166
106 106 170
106 110 30
106 110 34
106 110 38
106 110 42
106 110 82
106 110 86
106 110 90
106 110 94
106 110 102
106 110 106
106 110 110
106 110 114
106 110 158
106 110 162
106 110 166
106 110 170
106 114 30
106 114 34
106 114 38
106 114 42
106 114 82
106 114 86
106 114 90
106 114 94
106 114 102
106 114 106
106 114 110
106 114 114
106 114 158
106 114 162
106 114 166
106 114 170
106 158 30
106 158 34
106 158 38
106 158 42
106 158 82
106 158 86
106 158 90
106 158 94
106 158 102
106 158 106
106 158 110
106 158 114
106 158 158
106 158 162
106 158 166
106 158 170
106 162 30
106 162 34
106 162 38
106 162 42
106 162 82
106 162 86
106 162 90
106 162 94
106 162 102
106 162 106
106 162 110
106 162 114
106 162 158
106 162 162
106 162 166
106 162 170
106 166 30
106 166 34
106 166 38
106 166 42
106 166 82
106 166 86
106 166 90
106 166 94
106 166 102
106 166 106
106 166 110
106 166 114
106 166 158
106 166 162
106 166 166
106 166 170
106 170 30
106 170 34
106 170 38
106 170 42
106 170 82
106 170 86
106 170 90
106 170 94
106 170 102
106 170 106
106 170 110
106 170 114
106 170 158
106 170 162
106 170 166
106 170 170
110 30 30
110 30 34
110 30 38
110 30 42
110 30 82
110 30 86
110 30 90
110 30 94
110 30 102
110 30 106
110 30 110
110 30 114
110 30 158
110 30 162
110 30 166
110 30 170
110 34 30
110 34 34
110 34 38
110 34 42
110 34 82
110 34 86
110 34 90
110 34 94
110 34 102
110 34 106
110 34 110
110 34 114
110 34 158
110 34 162
110 34 166
110 34 170
110 38 30
110 38 34
110 38 38
110 38 42
110 38 82
110 38 86
110 38 90
110 38 94
110 38 102
110 38 106
110 38 110
110 38 114
110 38 158
110 38 162
110 38 166
110 38 170
110 42 30
110 42 34
110 42 38
110 42 42
110 42 82
110 42 86
110 42 90
110 42 94
110 42 102
110 42 106
110 42 110
110 42 114
110 42 158
110 42 162
110 42 166
110 42 170
110 82 30
110 82 34
110 82 38
110 82 42
110 82 82
110 82 86
110 82 90
110 82 94
110 82 102
110 82 106
110 82 110
110 82 114
110 82 158
110 82 162
110 82 166
110 82 170
110 86 30
110 86 34
110 86 38
110 86 42
110 86 82
110 86 86
110 86 90
110 86 94
110 86 102
110 86 106
110 86 110
110 86 114
110 86 158
110 86 162
110 86 166
110 86 170
110 90 30
110 90 34
110 90 38
110 90 42
110 90 82
110 90 86
110 90 90
110 90 94
110 90 102
110 90 106
110 90 110
110 90 114
110 90 158
110 90 162
110 90 166
110 90 170
110 94 30
110 94 34
110 94 38
110 94 42
110 94 82
110 94 86
110 94 90
110 94 94
110 94 102
110 94 106
110 94 110
110 94 114
110 94 158
110 94 162
110 94 166
110 94 170
110 102 30
110 102 34
110 102 38
110 102 42
110 102 82
110 102 86
110 102 90
110 102 94
110 102 102
110 102 106
110 102 110
110 102 114
110 102 158
110 102 162
110 102 166
110 102 170
110 106 30
110 106 34
110 106 38
110 106 42
110 106 82
110 106 86
110 106 90
110 106 94
110 106 102
110 106 106
110 106 110
110 106 114
110 106 158
110 106 162
110 106 166
110 106 170
110 110 30
110 110 34
110 110 38
110 110 42
110 110 82
110 110 86
110 110 90
110 110 94
110 110 102
110 110 106
110 110 110
110 110 114
110 110 158
110 110 162
110 110 166
110 110 170
110 114 30
110 114 34
110 114 38
110 114 42
110 114 82
110 114 86
110 114 90
110 114 94
110 114 102
110 114 106
110 114 110
110 114 114
110 114 158
110 114 162
110 114 166
110 114 170
110 158 30
110 158 34
110 158 38
110 158 42
110 158 82
110 158 86
110 158 90
110 158 94
110 158 102
110 158 106
110 158 110
110 158 114
110 158 158
110 158 162
110 158 166
110 158 170
110 162 30
110 162 34
110 162 38
110 162 42
110 162 82
110 162 86
110 162 90
110 162 94
110 162 102
110 162 106
110 162 110
110 162 114
110 162 158
110 162 162
110 162 166
110 162 170
110 166 30
110 166 34
110 166 38
110 166 42
110 166 82
110 166 86
110 166 90
110 166 94
110 166 102
110 166 106
110 166 110
110 166 114
110 166 158
110 166 162
110 166 166
110 166 170
110 170 30
110 170 34
110 170 38
110 170 42
110 170 82
110 170 86
110 170 90
110 170 94
110 170 102
110 170 106
110 170 110
110 170 114
110 170 158
110 170 162
110 170 166
110 170 170
114 30 30
114 30 34
114 30 38
114 30 42
114 30 82
114 30 86
114 30 90
114 30 94
114 30 102
114 30 106
114 30 110
114 30 114
114 30 158
114 30 162
114 30 166
114 30 170
114 34 30
114 34 34
114 34 38
114 34 42
114 34 82
114 34 86
114 34 90
114 34 94
114 34 102
114 34 106
114 34 110
114 34 114
114 34 158
114 34 162
114 34 166
114 34 170
114 38 30
114 38 34
114 38 38
114 38 42
114 38 82
114 38 86
114 38 90
114 38 94
114 38 102
114 38 106
114 38 110
114 38 114
114 38 158
114 38 162
114 38 166
114 38 170
114 42 30
114 42 34
114 42 38
114 42 42
114 42 82
114 42 86
114 42 90
114 42 94
114 42 102
114 42 106
114 42 110
114 42 114
114 42 158
114 42 162
114 42 166
114 42 170
114 82 30
114 82 34
114 82 38
114 82 42
114 82 82
114 82 86
114 82 90
114 82 94
114 82 102
114 82 106
114 82 110
114 82 114
114 82 158
114 82 162
114 82 166
114 82 170
114 86 30
114 86 34
114 86 38
114 86 42
114 86 82
114 86 86
114 86 90
114 86 94
114 86 102
114 86 106
114 86 110
114 86 114
114 86 158
114 86 162
114 86 166
114 86 170
114 90 30
114 90 34
114 90 38
114 90 42
114 90 82
114 90 86
114 90 90
114 90 94
114 90 102
114 90 106
114 90 110
114 90 114
114 90 158
114 90 162
114 90 166
114 90 170
114 94 30
114 94 34
114 94 38
114 94 42
114 94 82
114 94 86
114 94 90
114 94 94
114 94 102
114 94 106
114 94 110
114 94 114
114 94 158
114 94 162
114 94 166
114 94 170
114 102 30
114 102 34
114 102 38
114 102 42
114 102 82
114 102 86
114 102 90
114 102 94
114 102 102
114 102 106
114 102 110
114 102 114
114 102 158
114 102 162
114 102 166
114 102 170
114 106 30
114 106 34
114 106 38
114 106 42
114 106 82
114 106 86
114 106 90
114 106 94
114 106 102
114 106 106
114 106 110
114 106 114
114 106 158
114 106 162
114 106 166
114 106 170
114 110 30
114 110 34
114 110 38
114 110 42
114 110 82
114 110 86
114 110 90
114 110 94
114 110 102
114 110 106
114 110 110
114 110 114
114 110 158
114 110 162
114 110 166
114 110 170
114 114 30
114 114 34
114 114 38
114 114 42
114 114 82
114 114 86
114 114 90
114 114 94
114 114 102
114 114 106
114 114 110
114 114 114
114 114 158
114 114 162
114 114 166
114 114 170
114 158 30
114 158 34
114 158 38
114 158 42
114 158 82
114 158 86
114 158 90
114 158 94
114 158 102
114 158 106
114 158 110
114 158 114
114 158 158
114 158 162
114 158 166
114 158 170
114 162 30
114 162 34
114 162 38
114 162 42
114 162 82
114 162 86
114 162 90
114 162 94
114 162 102
114 162 106
114 162 110
114 162 114
114 162 158
114 162 162
114 162 166
114 162 170
114 166 30
114 166 34
114 166 38
114 166 42
114 166 82
114 166 86
114 166 90
114 166 94
114 166 102
114 166 106
114 166 110
114 166 114
114 166 158
114 166 162
114 166 166
114 166 170
114 170 30
114 170 34
114 170 38
114 170 42
114 170 82
114 170 86
114 170 90
114 170 94
114 170 102
114 170 106
114 170 110
114 170 114
114 170 158
114 170 162
114 170 166
114 170 170
158 30 30
158 30 34
158 30 38
158 30 42
158 30 82
158 30 86
158 30 90
158 30 94
158 30 102
158 30 106
158 30 110
158 30 114
158 30 158
158 30 162
158 30 166
158 30 170
158 34 30
158 34 34
158 34 38
158 34 42
158 34 82
158 34 86
158 34 90
158 34 94
158 34 102
158 34 106
158 34 110
158 34 114
158 34 158
158 34 162
158 34 166
158 34 170
158 38 30
158 38 34
158 38 38
158 38 42
158 38 82
158 38 86
158 38 90
158 38 94
158 38 102
158 38 106
158 38 110
158 38 114
158 38 158
158 38 162
158 38 166
158 38 170
158 42 30
158 42 34
158 42 38
158 42 42
158 42 82
158 42 86
158 42 90
158 42 94
158 42 102
158 42 106
158 42 110
158 42 114
158 42 158
158 42 162
158 42 166
158 42 170
158 82 30
158 82 34
158 82 38
158 82 42
158 82 82
158 82 86
158 82 90
158 82 94
158 82 102
158 82 106
158 82 110
158 82 114
158 82 158
158 82 162
158 82 166
158 82 170
158 86 30
158 86 34
158 86 38
158 86 42
158 86 82
158 86 86
158 86 90
158 86 94
158 86 102
158 86 106
158 86 110
158 86 114
158 86 158
158 86 162
158 86 166
158 86 170
158 90 30
158 90 34
158 90 38
158 90 42
158 90 82
158 90 86
158 90 90
158 90 94
158 90 102
158 90 106
158 90 110
158 90 114
158 90 158
158 90 162
158 90 166
158 90 170
158 94 30
158 94 34
158 94 38
158 94 42
158 94 82
158 94 86
158 94 90
158 94 94
158 94 102
158 94 106
158 94 110
158 94 114
158 94 158
158 94 162
158 94 166
158 94 170
158 102 30
158 102 34
158 102 38
158 102 42
158 102 82
158 102 86
158 102 90
158 102 94
158 102 102
158 102 106
158 102 110
158 102 114
158 102 158
158 102 162
158 102 166
158 102 170
158 106 30
158 106 34
158 106 38
158 106 42
158 106 82
158 106 86
158 106 90
158 106 94
158 106 102
158 106 106
158 106 110
158 106 114
158 106 158
158 106 162
158 106 166
158 106 170
158 110 30
158 110 34
158 110 38
158 110 42
158 110 82
158 110 86
158 110 90
158 110 94
158 110 102
158 110 106
158 110 110
158 110 114
158 110 158
158 110 162
158 110 166
158 110 170
158 114 30
158 114 34
158 114 38
158 114 42
158 114 82
158 114 86
158 114 90
158 114 94
158 114 102
158 114 106
158 114 110
158 114 114
158 114 158
158 114 162
158 114 166
158 114 170
158 158 30
158 158 34
158 158 38
158 158 42
158 158 82
158 158 86
158 158 90
158 158 94
158 158 102
158 158 106
158 158 110
158 158 114
158 158 158
158 158 162
158 158 166
158 158 170
158 162 30
158 162 34
158 162 38
158 162 42
158 162 82
158 162 86
158 162 90
158 162 94
158 162 102
158 162 106
158 162 110
158 162 114
158 162 158
158 162 162
158 162 166
158 162 170
158 166 30
158 166 34
158 166 38
158 166 42
158 166 82
158 166 86
158 166 90
158 166 94
158 166 102
158 166 106
158 166 110
158 166 114
158 166 158
158 166 162
158 166 166
158 166 170
158 170 30
158 170 34
158 170 38
158 170 42
158 170 82
158 170 86
158 170 90
158 170 94
158 170 102
158 170 106
158 170 110
158 170 114
158 170 158
158 170 162
158 170 166
158 170 170
162 30 30
162 30 34
162 30 38
162 30 42
162 30 82
162 30 86
162 30 90
162 30 94
162 30 102
162 30 106
162 30 110
162 30 114
162 30 158
162 30 162
162 30 166
162 30 170
162 34 30
162 34 34
162 34 38
162 34 42
162 34 82
162 34 86
162 34 90
162 34 94
162 34 102
162 34 106
162 34 110
162 34 114
162 34 158
162 34 162
162 34 166
162 34 170
162 38 30
162 38 34
162 38 38
162 38 42
162 38 82
162 38 86
162 38 90
162 38 94
162 38 102
162 38 106
162 38 110
162 38 114
162 38 158
162 38 162
162 38 166
162 38 170
162 42 30
162 42 34
162 42 38
162 42 42
162 42 82
162 42 86
162 42 90
162 42 94
162 42 102
162 42 106
162 42 110
162 42 114
162 42 158
162 42 162
162 42 166
162 42 170
162 82 30
162 82 34
162 82 38
162 82 42
162 82 82
162 82 86
162 82 90
162 82 94
162 82 102
162 82 106
162 82 110
162 82 114
162 82 158
162 82 162
162 82 166
162 82 170
162 86 30
162 86 34
162 86 38
162 86 42
162 86 82
162 86 86
162 86 90
162 86 94
162 86 102
162 86 106
162 86 110
162 86 114
162 86 158
162 86 162
162 86 166
162 86 170
162 90 30
162 90 34
162 90 38
162 90 42
162 90 82
162 90 86
162 90 90
162 90 94
162 90 102
162 90 106
162 90 110
162 90 114
162 90 158
162 90 162
162 90 166
162 90 170
162 94 30
162 94 34
162 94 38
162 94 42
162 94 82
162 94 86
162 94 90
162 94 94
162 94 102
162 94 106
162 94 110
162 94 114
162 94 158
162 94 162
162 94 166
162 94 170
162 102 30
162 102 34
162 102 38
162 102 42
162 102 82
162 102 86
162 102 90
162 102 94
162 102 102
162 102 106
162 102 110
162 102 114
162 102 158
162 102 162
162 102 166
162 102 170
162 106 30
162 106 34
162 106 38
162 106 42
162 106 82
162 106 86
162 106 90
162 106 94
162 106 102
162 106 106
162 106 110
162 106 114
162 106 158
162 106 162
162 106 166
162 106 170
162 110 30
162 110 34
162 110 38
162 110 42
162 110 82
162 110 86
162 110 90
162 110 94
162 110 102
162 110 106
162 110 110
162 110 114
162 110 158
162 110 162
162 110 166
162 110 170
162 114 30
162 114 34
162 114 38
162 114 42
162 114 82
162 114 86
162 114 90
162 114 94
162 114 102
162 114 106
162 114 110
162 114 114
162 114 158
162 114 162
162 114 166
162 114 170
162 158 30
162 158 34
162 158 38
162 158 42
162 158 82
162 158 86
162 158 90
162 158 94
162 158 102
162 158 106
162 158 110
162 158 114
162 158 158
162 158 162
162 158 166
162 158 170
162 162 30
162 162 34
162 162 38
162 162 42
162 162 82
162 162 86
162 162 90
162 162 94
162 162 102
162 162 106
162 162 110
162 162 114
162 162 158
162 162 162
162 162 166
162 162 170
162 166 30
162 166 34
162 166 38
162 166 42
162 166 82
162 166 86
162 166 90
162 166 94
162 166 102
162 166 106
162 166 110
162 166 114
162 166 158
162 166 162
162 166 166
162 166 170
162 170 30
162 170 34
162 170 38
162 170 42
162 170 82
162 170 86
162 170 90
162 170 94
162 170 102
162 170 106
162 170 110
162 170 114
162 170 158
162 170 162
162 170 166
162 170 170
166 30 30
166 30 34
166 30 38
166 30 42
166 30 82
166 30 86
166 30 90
166 30 94
166 30 102
166 30 106
166 30 110
166 30 114
166 30 158
166 30 162
166 30 166
166 30 170
166 34 30
166 34 34
166 34 38
166 34 42
166 34 82
166 34 86
166 34 90
166 34 94
166 34 102
166 34 106
166 34 110
166 34 114
166 34 158
166 34 162
166 34 166
166 34 170
166 38 30
166 38 34
166 38 38
166 38 42
166 38 82
166 38 86
166 38 90
166 38 94
166 38 102
166 38 106
166 38 110
166 38 114
166 38 158
166 38 162
166 38 166
166 38 170
166 42 30
166 42 34
166 42 38
166 42 42
166 42 82
166 42 86
166 42 90
166 42 94
166 42 102
166 42 106
166 42 110
166 42 114
166 42 158
166 42 162
166 42 166
166 42 170
166 82 30
166 82 34
166 82 38
166 82 42
166 82 82
166 82 86
166 82 90
166 82 94
166 82 102
166 82 106
166 82 110
166 82 114
166 82 158
166 82 162
166 82 166
166 82 170
166 86 30
166 86 34
166 86 38
166 86 42
166 86 82
166 86 86
166 86 90
166 86 94
166 86 102
166 86 106
166 86 110
166 86 114
166 86 158
166 86 162
166 86 166
166 86 170
166 90 30
166 90 34
166 90 38
166 90 42
166 90 82
166 90 86
166 90 90
166 90 94
166 90 102
166 90 106
166 90 110
166 90 114
166 90 158
166 90 162
166 90 166
166 90 170
166 94 30
166 94 34
166 94 38
166 94 42
166 94 82
166 94 86
166 94 90
166 94 94
166 94 102
166 94 106
166 94 110
166 94 114
166 94 158
166 94 162
166 94 166
166 94 170
166 102 30
166 102 34
166 102 38
166 102 42
166 102 82
166 102 86
166 102 90
166 102 94
166 102 102
166 102 106
166 102 110
166 102 114
166 102 158
166 102 162
166 102 166
166 102 170
166 106 30
166 106 34
166 106 38
166 106 42
166 106 82
166 106 86
166 106 90
166 106 94
166 106 102
166 106 106
166 106 110
166 106 114
166 106 158
166 106 162
166 106 166
166 106 170
166 110 30
166 110 34
166 110 38
166 110 42
166 110 82
166 110 86
166 110 90
166 110 94
166 110 102
166 110 106
166 110 110
166 110 114
166 110 158
166 110 162
166 110 166
166 110 170
166 114 30
166 114 34
166 114 38
166 114 42
166 114 82
166 114 86
166 114 90
166 114 94
166 114 102
166 114 106
166 114 110
166 114 114
166 114 158
166 114 162
166 114 166
166 114 170
166 158 30
166 158 34
166 158 38
166 158 42
166 158 82
166 158 86
166 158 90
166 158 94
166 158 102
166 158 106
166 158 110
166 158 114
166 158 158
166 158 162
166 158 166
166 158 170
166 162 30
166 162 34
166 162 38
166 162 42
166 162 82
166 162 86
166 162 90
166 162 94
166 162 102
166 162 106
166 162 110
166 162 114
166 162 158
166 162 162
166 162 166
166 162 170
166 166 30
166 166 34
166 166 38
166 166 42
166 166 82
166 166 86
166 166 90
166 166 94
166 166 102
166 166 106
166 166 110
166 166 114
166 166 158
166 166 162
166 166 166
166 166 170
166 170 30
166 170 34
166 170 38
166 170 42
166 170 82
166 170 86
166 170 90
166 170 94
166 170 102
166 170 106
166 170 110
166 170 114
166 170 158
166 170 162
166 170 166
166 170 170
170 30 30
170 30 34
170 30 38
170 30 42
170 30 82
170 30 86
170 30 90
170 30 94
170 30 102
170 30 106
170 30 110
170 30 114
170 30 158
170 30 162
170 30 166
170 30 170
170 34 30
170 34 34
170 34 38
170 34 42
170 34 82
170 34 86
170 34 90
170 34 94
170 34 102
170 34 106
170 34 110
170 34 114
170 34 158
170 34 162
170 34 166
170 34 170
170 38 30
170 38 34
170 38 38
170 38 42
170 38 82
170 38 86
170 38 90
170 38 94
170 38 102
170 38 106
170 38 110
170 38 114
170 38 158
170 38 162
170 38 166
170 38 170
170 42 30
170 42 34
170 42 38
170 42 42
170 42 82
170 42 86
170 42 90
170 42 94
170 42 102
170 42 106
170 42 110
170 42 114
170 42 158
170 42 162
170 42 166
170 42 170
170 82 30
170 82 34
170 82 38
170 82 42
170 82 82
170 82 86
170 82 90
170 82 94
170 82 102
170 82 106
170 82 110
170 82 114
170 82 158
170 82 162
170 82 166
170 82 170
170 86 30
170 86 34
170 86 38
170 86 42
170 86 82
170 86 86
170 86 90
170 86 94
170 86 102
170 86 106
170 86 110
170 86 114
170 86 158
170 86 162
170 86 166
170 86 170
170 90 30
170 90 34
170 90 38
170 90 42
170 90 82
170 90 86
170 90 90
170 90 94
170 90 102
170 90 106
170 90 110
170 90 114
170 90 158
170 90 162
170 90 166
170 90 170
170 94 30
170 94 34
170 94 38
170 94 42
170 94 82
170 94 86
170 94 90
170 94 94
170 94 102
170 94 106
170 94 110
170 94 114
170 94 158
170 94 162
170 94 166
170 94 170
170 102 30
170 102 34
170 102 38
170 102 42
170 102 82
170 102 86
170 102 90
170 102 94
170 102 102
170 102 106
170 102 110
170 102 114
170 102 158
170 102 162
170 102 166
170 102 170
170 106 30
170 106 34
170 106 38
170 106 42
170 106 82
170 106 86
170 106 90
170 106 94
170 106 102
170 106 106
170 106 110
170 106 114
170 106 158
170 106 162
170 106 166
170 106 170
170 110 30
170 110 34
170 110 38
170 110 42
170 110 82
170 110 86
170 110 90
170 110 94
170 110 102
170 110 106
170 110 110
170 110 114
170 110 158
170 110 162
170 110 166
170 110 170
170 114 30
170 114 34
170 114 38
170 114 42
170 114 82
170 114 86
170 114 90
170 114 94
170 114 102
170 114 106
170 114 110
170 114 114
170 114 158
170 114 162
170 114 166
170 114 170
170 158 30
170 158 34
170 158 38
170 158 42
170 158 82
170 158 86
170 158 90
170 158 94
170 158 102
170 158 106
170 158 110
170 158 114
170 158 158
170 158 162
170 158 166
170 158 170
170 162 30
170 162 34
170 162 38
170 162 42
170 162 82
170 162 86
170 162 90
170 162 94
170 162 102
170 162 106
170 162 110
170 162 114
170 162 158
170 162 162
170 162 166
170 162 170
170 166 30
170 166 34
170 166 38
170 166 42
170 166 82
170 166 86
170 166 90
170 166 94
170 166 102
170 166 106
170 166 110
170 166 114
170 166 158
170 166 162
170 166 166
170 166 170
170 170 30
170 170 34
170 170 38
170 170 42
170 170 82
170 170 86
170 170 90
170 170 94
170 170 102
170 170 106
170 170 110
170 170 114
170 170 158
170 170 162
170 170 166
170 170 170
