20
0 6 16
0 7 14
0 7 15
0 7 16
0 8 15
0 8 16
1 2 16
1 6 16
1 6 17
1 7 14
1 7 15
1 7 16
1 7 17
1 8 6
2 1 11
2 1 12
2 1 15
2 2 13
2 2 14
2 3 3
2 3 10
2 3 11
2 3 12
2 3 14
2 4 1
2 4 2
2 4 3
2 4 4
2 4 15
2 5 4
2 6 5
2 7 2
2 7 18
2 8 14
2 9 14
2 9 15
2 10 15
3 0 12
3 1 14
3 1 15
3 2 4
3 2 17
3 3 2
3 3 3
3 3 17
3 4 7
3 4 11
3 4 12
3 4 13
3 4 14
3 5 13
3 5 14
3 6 12
3 6 13
3 6 14
3 7 4
3 7 5
3 7 10
3 7 13
3 7 14
3 8 3
3 8 6
3 8 13
3 8 18
3 9 14
3 9 16
3 10 14
3 10 16
4 0 10
4 0 13
4 1 14
4 1 16
4 3 6
4 4 0
4 4 4
4 4 10
4 4 17
4 5 0
4 5 10
4 5 11
4 5 14
4 6 9
4 6 10
4 6 11
4 6 14
4 7 5
4 7 10
4 7 11
4 7 14
4 8 3
4 8 6
4 8 11
4 8 12
4 8 13
4 8 14
4 8 15
4 9 15
4 9 16
4 9 17
4 10 15
4 10 16
5 0 11
5 0 12
5 0 13
5 1 10
5 1 16
5 3 6
5 4 7
5 4 10
5 4 18
5 4 19
5 5 13
5 5 18
5 6 4
5 6 11
5 6 12
5 6 13
5 6 14
5 6 15
5 7 3
5 7 5
5 7 10
5 7 11
5 7 12
5 7 13
5 7 14
5 7 15
5 8 6
5 8 7
5 8 11
5 8 12
5 8 14
5 8 17
5 9 11
5 9 12
5 9 16
5 10 10
6 0 5
6 0 13
6 1 5
6 1 7
6 1 8
6 1 12
6 1 14
6 1 15
6 2 6
6 2 7
6 3 12
6 3 18
6 4 11
6 4 15
6 4 19
6 5 9
6 5 12
6 5 19
6 6 5
6 6 9
6 6 11
6 6 17
6 7 14
6 8 12
6 8 17
6 9 8
6 9 9
6 9 12
7 0 15
7 1 7
7 1 8
7 1 12
7 1 16
7 2 7
7 3 13
7 3 17
7 4 9
7 5 9
7 5 12
7 5 14
7 6 6
7 6 8
7 6 9
7 6 12
7 7 10
7 7 11
7 7 12
7 7 14
7 7 17
7 8 8
7 8 9
7 8 11
7 8 12
7 9 11
8 0 4
8 0 5
8 0 14
8 1 4
8 1 12
8 1 16
8 2 6
8 2 12
8 4 11
8 4 15
8 4 17
8 7 9
8 7 15
8 7 16
8 8 9
8 9 10
8 9 11
9 0 14
9 1 16
9 2 11
9 3 16
9 4 14
9 4 16
9 6 9
9 6 15
9 6 16
9 7 9
9 8 10
9 8 11
10 1 12
10 1 15
10 3 10
10 3 15
10 4 12
10 7 12
11 2 13
11 3 12
11 3 13
11 4 11
11 4 12
11 5 12
11 7 10
11 7 11
