200
12 12 12
12 12 28
12 12 44
12 12 60
12 12 140
12 12 156
12 12 172
12 12 188
12 28 12
12 28 28
12 28 44
12 28 60
12 28 140
12 28 156
12 28 172
12 28 188
12 44 12
12 44 28
12 44 44
12 44 60
12 44 140
12 44 156
12 44 172
12 44 188
12 60 12
12 60 28
12 60 44
12 60 60
12 60 140
12 60 156
12 60 172
12 60 188
12 140 12
12 140 28
12 140 44
12 140 60
12 140 140
12 140 156
12 140 172
12 140 188
12 156 12
12 156 28
12 156 44
12 156 60
12 156 140
12 156 156
12 156 172
12 156 188
12 172 12
12 172 28
12 172 44
12 172 60
12 172 140
12 172 156
12 172 172
12 172 188
12 188 12
12 188 28
12 188 44
12 188 60
12 188 140
12 188 156
12 188 172
12 188 188
28 12 12
28 12 28
28 12 44
28 12 60
28 12 140
28 12 156
28 12 172
28 12 188
28 28 12
28 28 28
28 28 44
28 28 60
28 28 140
28 28 156
28 28 172
28 28 188
28 44 12
28 44 28
28 44 44
28 44 60
28 44 140
28 44 156
28 44 172
28 44 188
28 60 12
28 60 28
28 60 44
28 60 60
28 60 140
28 60 156
28 60 172
28 60 188
28 140 12
28 140 28
28 140 44
28 140 60
28 140 140
28 140 156
28 140 172
28 140 188
28 156 12
28 156 28
28 156 44
28 156 60
28 156 140
28 156 156
28 156 172
28 156 188
28 172 12
28 172 28
28 172 44
28 172 60
28 172 140
28 172 156
28 172 172
28 172 188
28 188 12
28 188 28
28 188 44
28 188 60
28 188 140
28 188 156
28 188 172
28 188 188
44 12 12
44 12 28
44 12 44
44 12 60
44 12 140
44 12 156
44 12 172
44 12 188
44 28 12
44 28 28
44 28 44
44 28 60
44 28 140
44 28 156
44 28 172
44 28 188
44 44 12
44 44 28
44 44 44
44 44 60
44 44 140
44 44 156
44 44 172
44 44 188
44 60 12
44 60 28
44 60 44
44 60 60
44 60 140
44 60 156
44 60 172
44 60 188
44 140 12
44 140 28
44 140 44
44 140 60
44 140 140
44 140 156
44 140 172
44 140 188
44 156 12
44 156 28
44 156 44
44 156 60
44 156 140
44 156 156
44 156 172
44 156 188
44 172 12
44 172 28
44 172 44
44 172 60
44 172 140
44 172 156
44 172 172
44 172 188
44 188 12
44 188 28
44 188 44
44 188 60
44 188 140
44 188 156
44 188 172
44 188 188
60 12 12
60 12 28
60 12 44
60 12 60
60 12 140
60 12 156
60 12 172
60 12 188
60 28 12
60 28 28
60 28 44
60 28 60
60 28 140
60 28 156
60 28 172
60 28 188
60 44 12
60 44 28
60 44 44
60 44 60
60 44 140
60 44 156
60 44 172
60 44 188
60 60 12
60 60 28
60 60 44
60 60 60
60 60 140
60 60 156
60 60 172
60 60 188
60 140 12
60 140 28
60 140 44
60 140 60
60 140 140
60 140 156
60 140 172
60 140 188
60 156 12
60 156 28
60 156 44
60 156 60
60 156 140
60 156 156
60 156 172
60 156 188
60 172 12
60 172 28
60 172 44
60 172 60
60 172 140
60 172 156
60 172 172
60 172 188
60 188 12
60 188 28
60 188 44
60 188 60
60 188 140
60 188 156
60 188 172
60 188 188
140 12 12
140 12 28
140 12 44
140 12 60
140 12 140
140 12 156
140 12 172
140 12 188
140 28 12
140 28 28
140 28 44
140 28 60
140 28 140
140 28 156
140 28 172
140 28 188
140 44 12
140 44 28
140 44 44
140 44 60
140 44 140
140 44 156
140 44 172
140 44 188
140 60 12
140 60 28
140 60 44
140 60 60
140 60 140
140 60 156
140 60 172
140 60 188
140 140 12
140 140 28
140 140 44
140 140 60
140 140 140
140 140 156
140 140 172
140 140 188
140 156 12
140 156 28
140 156 44
140 156 60
140 156 140
140 156 156
140 156 172
140 156 188
140 172 12
140 172 28
140 172 44
140 172 60
140 172 140
140 172 156
140 172 172
140 172 188
140 188 12
140 188 28
140 188 44
140 188 60
140 188 140
140 188 156
140 188 172
140 188 188
156 12 12
156 12 28
156 12 44
156 12 60
156 12 140
156 12 156
156 12 172
156 12 188
156 28 12
156 28 28
156 28 44
156 28 60
156 28 140
156 28 156
156 28 172
156 28 188
156 44 12
156 44 28
156 44 44
156 44 60
156 44 140
156 44 156
156 44 172
156 44 188
156 60 12
156 60 28
156 60 44
156 60 60
156 60 140
156 60 156
156 60 172
156 60 188
156 140 12
156 140 28
156 140 44
156 140 60
156 140 140
156 140 156
156 140 172
156 140 188
156 156 12
156 156 28
156 156 44
156 156 60
156 156 140
156 156 156
156 156 172
156 156 188
156 172 12
156 172 28
156 172 44
156 172 60
156 172 140
156 172 156
156 172 172
156 172 188
156 188 12
156 188 28
156 188 44
156 188 60
156 188 140
156 188 156
156 188 172
156 188 188
172 12 12
172 12 28
172 12 44
172 12 60
172 12 140
172 12 156
172 12 172
172 12 188
172 28 12
172 28 28
172 28 44
172 28 60
172 28 140
172 28 156
172 28 172
172 28 188
172 44 12
172 44 28
172 44 44
172 44 60
172 44 140
172 44 156
172 44 172
172 44 188
172 60 12
172 60 28
172 60 44
172 60 60
172 60 140
172 60 156
172 60 172
172 60 188
172 140 12
172 140 28
172 140 44
172 140 60
172 140 140
172 140 156
172 140 172
172 140 188
172 156 12
172 156 28
172 156 44
172 156 60
172 156 140
172 156 156
172 156 172
172 156 188
172 172 12
172 172 28
172 172 44
172 172 60
172 172 140
172 172 156
172 172 172
172 172 188
172 188 12
172 188 28
172 188 44
172 188 60
172 188 140
172 188 156
172 188 172
172 188 188
188 12 12
188 12 28
188 12 44
188 12 60
188 12 140
188 12 156
188 12 172
188 12 188
188 28 12
188 28 28
188 28 44
188 28 60
188 28 140
188 28 156
188 28 172
188 28 188
188 44 12
188 44 28
188 44 44
188 44 60
188 44 140
188 44 156
188 44 172
188 44 188
188 60 12
188 60 28
188 60 44
188 60 60
188 60 140
188 60 156
188 60 172
188 60 188
188 140 12
188 140 28
188 140 44
188 140 60
188 140 140
188 140 156
188 140 172
188 140 188
188 156 12
188 156 28
188 156 44
188 156 60
188 156 140
188 156 156
188 156 172
188 156 188
188 172 12
188 172 28
188 172 44
188 172 60
188 172 140
188 172 156
188 172 172
188 172 188
188 188 12
188 188 28
188 188 44
188 188 60
188 188 140
188 188 156
188 188 172
188 188 188
