200
82 82 82
82 82 86
82 82 114
82 82 118
82 86 82
82 86 86
82 86 114
82 86 118
82 114 82
82 114 86
82 114 114
82 114 118
82 118 82
82 118 86
82 118 114
82 118 118
86 82 82
86 82 86
86 82 114
86 82 118
86 86 82
86 86 86
86 86 114
86 86 118
86 114 82
86 114 86
86 114 114
86 114 118
86 118 82
86 118 86
86 118 114
86 118 118
114 82 82
114 82 86
114 82 114
114 82 118
114 86 82
114 86 86
114 86 114
114 86 118
114 114 82
114 114 86
114 114 114
114 114 118
114 118 82
114 118 86
114 118 114
114 118 118
118 82 82
118 82 86
118 82 114
118 82 118
118 86 82
118 86 86
118 86 114
118 86 118
118 114 82
118 114 86
118 114 114
118 114 118
118 118 82
118 118 86
118 118 114
118 118 118
