200
28 28 28
28 28 44
28 28 156
28 28 172
28 44 28
28 44 44
28 44 156
28 44 172
28 156 28
28 156 44
28 156 156
28 156 172
28 172 28
28 172 44
28 172 156
28 172 172
44 28 28
44 28 44
44 28 156
44 28 172
44 44 28
44 44 44
44 44 156
44 44 172
44 156 28
44 156 44
44 156 156
44 156 172
44 172 28
44 172 44
44 172 156
44 172 172
156 28 28
156 28 44
156 28 156
156 28 172
156 44 28
156 44 44
156 44 156
156 44 172
156 156 28
156 156 44
156 156 156
156 156 172
156 172 28
156 172 44
156 172 156
156 172 172
172 28 28
172 28 44
172 28 156
172 28 172
172 44 28
172 44 44
172 44 156
172 44 172
172 156 28
172 156 44
172 156 156
172 156 172
172 172 28
172 172 44
172 172 156
172 172 172
