200
10 10 10
10 10 14
10 10 18
10 10 22
10 10 26
10 10 30
10 10 34
10 10 38
10 10 158
10 10 162
10 10 166
10 10 170
10 10 174
10 10 178
10 10 182
10 10 186
10 14 10
10 14 14
10 14 18
10 14 22
10 14 26
10 14 30
10 14 34
10 14 38
10 14 158
10 14 162
10 14 166
10 14 170
10 14 174
10 14 178
10 14 182
10 14 186
10 18 10
10 18 14
10 18 18
10 18 22
10 18 26
10 18 30
10 18 34
10 18 38
10 18 158
10 18 162
10 18 166
10 18 170
10 18 174
10 18 178
10 18 182
10 18 186
10 22 10
10 22 14
10 22 18
10 22 22
10 22 26
10 22 30
10 22 34
10 22 38
10 22 158
10 22 162
10 22 166
10 22 170
10 22 174
10 22 178
10 22 182
10 22 186
10 26 10
10 26 14
10 26 18
10 26 22
10 26 26
10 26 30
10 26 34
10 26 38
10 26 158
10 26 162
10 26 166
10 26 170
10 26 174
10 26 178
10 26 182
10 26 186
10 30 10
10 30 14
10 30 18
10 30 22
10 30 26
10 30 30
10 30 34
10 30 38
10 30 158
10 30 162
10 30 166
10 30 170
10 30 174
10 30 178
10 30 182
10 30 186
10 34 10
10 34 14
10 34 18
10 34 22
10 34 26
10 34 30
10 34 34
10 34 38
10 34 158
10 34 162
10 34 166
10 34 170
10 34 174
10 34 178
10 34 182
10 34 186
10 38 10
10 38 14
10 38 18
10 38 22
10 38 26
10 38 30
10 38 34
10 38 38
10 38 158
10 38 162
10 38 166
10 38 170
10 38 174
10 38 178
10 38 182
10 38 186
10 158 10
10 158 14
10 158 18
10 158 22
10 158 26
10 158 30
10 158 34
10 158 38
10 158 158
10 158 162
10 158 166
10 158 170
10 158 174
10 158 178
10 158 182
10 158 186
10 162 10
10 162 14
10 162 18
10 162 22
10 162 26
10 162 30
10 162 34
10 162 38
10 162 158
10 162 162
10 162 166
10 162 170
10 162 174
10 162 178
10 162 182
10 162 186
10 166 10
10 166 14
10 166 18
10 166 22
10 166 26
10 166 30
10 166 34
10 166 38
10 166 158
10 166 162
10 166 166
10 166 170
10 166 174
10 166 178
10 166 182
10 166 186
10 170 10
10 170 14
10 170 18
10 170 22
10 170 26
10 170 30
10 170 34
10 170 38
10 170 158
10 170 162
10 170 166
10 170 170
10 170 174
10 170 178
10 170 182
10 170 186
10 174 10
10 174 14
10 174 18
10 174 22
10 174 26
10 174 30
10 174 34
10 174 38
10 174 158
10 174 162
10 174 166
10 174 170
10 174 174
10 174 178
10 174 182
10 174 186
10 178 10
10 178 14
10 178 18
10 178 22
10 178 26
10 178 30
10 178 34
10 178 38
10 178 158
10 178 162
10 178 166
10 178 170
10 178 174
10 178 178
10 178 182
10 178 186
10 182 10
10 182 14
10 182 18
10 182 22
10 182 26
10 182 30
10 182 34
10 182 38
10 182 158
10 182 162
10 182 166
10 182 170
10 182 174
10 182 178
10 182 182
10 182 186
10 186 10
10 186 14
10 186 18
10 186 22
10 186 26
10 186 30
10 186 34
10 186 38
10 186 158
10 186 162
10 186 166
10 186 170
10 186 174
10 186 178
10 186 182
10 186 186
14 10 10
14 10 14
14 10 18
14 10 22
14 10 26
14 10 30
14 10 34
14 10 38
14 10 158
14 10 162
14 10 166
14 10 170
14 10 174
14 10 178
14 10 182
14 10 186
14 14 10
14 14 14
14 14 18
14 14 22
14 14 26
14 14 30
14 14 34
14 14 38
14 14 158
14 14 162
14 14 166
14 14 170
14 14 174
14 14 178
14 14 182
14 14 186
14 18 10
14 18 14
14 18 18
14 18 22
14 18 26
14 18 30
14 18 34
14 18 38
14 18 158
14 18 162
14 18 166
14 18 170
14 18 174
14 18 178
14 18 182
14 18 186
14 22 10
14 22 14
14 22 18
14 22 22
14 22 26
14 22 30
14 22 34
14 22 38
14 22 158
14 22 162
14 22 166
14 22 170
14 22 174
14 22 178
14 22 182
14 22 186
14 26 10
14 26 14
14 26 18
14 26 22
14 26 26
14 26 30
14 26 34
14 26 38
14 26 158
14 26 162
14 26 166
14 26 170
14 26 174
14 26 178
14 26 182
14 26 186
14 30 10
14 30 14
14 30 18
14 30 22
14 30 26
14 30 30
14 30 34
14 30 38
14 30 158
14 30 162
14 30 166
14 30 170
14 30 174
14 30 178
14 30 182
14 30 186
14 34 10
14 34 14
14 34 18
14 34 22
14 34 26
14 34 30
14 34 34
14 34 38
14 34 158
14 34 162
14 34 166
14 34 170
14 34 174
14 34 178
14 34 182
14 34 186
14 38 10
14 38 14
14 38 18
14 38 22
14 38 26
14 38 30
14 38 34
14 38 38
14 38 158
14 38 162
14 38 166
14 38 170
14 38 174
14 38 178
14 38 182
14 38 186
14 158 10
14 158 14
14 158 18
14 158 22
14 158 26
14 158 30
14 158 34
14 158 38
14 158 158
14 158 162
14 158 166
14 158 170
14 158 174
14 158 178
14 158 182
14 158 186
14 162 10
14 162 14
14 162 18
14 162 22
14 162 26
14 162 30
14 162 34
14 162 38
14 162 158
14 162 162
14 162 166
14 162 170
14 162 174
14 162 178
14 162 182
14 162 186
14 166 10
14 166 14
14 166 18
14 166 22
14 166 26
14 166 30
14 166 34
14 166 38
14 166 158
14 166 162
14 166 166
14 166 170
14 166 174
14 166 178
14 166 182
14 166 186
14 170 10
14 170 14
14 170 18
14 170 22
14 170 26
14 170 30
14 170 34
14 170 38
14 170 158
14 170 162
14 170 166
14 170 170
14 170 174
14 170 178
14 170 182
14 170 186
14 174 10
14 174 14
14 174 18
14 174 22
14 174 26
14 174 30
14 174 34
14 174 38
14 174 158
14 174 162
14 174 166
14 174 170
14 174 174
14 174 178
14 174 182
14 174 186
14 178 10
14 178 14
14 178 18
14 178 22
14 178 26
14 178 30
14 178 34
14 178 38
14 178 158
14 178 162
14 178 166
14 178 170
14 178 174
14 178 178
14 178 182
14 178 186
14 182 10
14 182 14
14 182 18
14 182 22
14 182 26
14 182 30
14 182 34
14 182 38
14 182 158
14 182 162
14 182 166
14 182 170
14 182 174
14 182 178
14 182 182
14 182 186
14 186 10
14 186 14
14 186 18
14 186 22
14 186 26
14 186 30
14 186 34
14 186 38
14 186 158
14 186 162
14 186 166
14 186 170
14 186 174
14 186 178
14 186 182
14 186 186
18 10 10
18 10 14
18 10 18
18 10 22
18 10 26
18 10 30
18 10 34
18 10 38
18 10 158
18 10 162
18 10 166
18 10 170
18 10 174
18 10 178
18 10 182
18 10 186
18 14 10
18 14 14
18 14 18
18 14 22
18 14 26
18 14 30
18 14 34
18 14 38
18 14 158
18 14 162
18 14 166
18 14 170
18 14 174
18 14 178
18 14 182
18 14 186
18 18 10
18 18 14
18 18 18
18 18 22
18 18 26
18 18 30
18 18 34
18 18 38
18 18 158
18 18 162
18 18 166
18 18 170
18 18 174
18 18 178
18 18 182
18 18 186
18 22 10
18 22 14
18 22 18
18 22 22
18 22 26
18 22 30
18 22 34
18 22 38
18 22 158
18 22 162
18 22 166
18 22 170
18 22 174
18 22 178
18 22 182
18 22 186
18 26 10
18 26 14
18 26 18
18 26 22
18 26 26
18 26 30
18 26 34
18 26 38
18 26 158
18 26 162
18 26 166
18 26 170
18 26 174
18 26 178
18 26 182
18 26 186
18 30 10
18 30 14
18 30 18
18 30 22
18 30 26
18 30 30
18 30 34
18 30 38
18 30 158
18 30 162
18 30 166
18 30 170
18 30 174
18 30 178
18 30 182
18 30 186
18 34 10
18 34 14
18 34 18
18 34 22
18 34 26
18 34 30
18 34 34
18 34 38
18 34 158
18 34 162
18 34 166
18 34 170
18 34 174
18 34 178
18 34 182
18 34 186
18 38 10
18 38 14
18 38 18
18 38 22
18 38 26
18 38 30
18 38 34
18 38 38
18 38 158
18 38 162
18 38 166
18 38 170
18 38 174
18 38 178
18 38 182
18 38 186
18 158 10
18 158 14
18 158 18
18 158 22
18 158 26
18 158 30
18 158 34
18 158 38
18 158 158
18 158 162
18 158 166
18 158 170
18 158 174
18 158 178
18 158 182
18 158 186
18 162 10
18 162 14
18 162 18
18 162 22
18 162 26
18 162 30
18 162 34
18 162 38
18 162 158
18 162 162
18 162 166
18 162 170
18 162 174
18 162 178
18 162 182
18 162 186
18 166 10
18 166 14
18 166 18
18 166 22
18 166 26
18 166 30
18 166 34
18 166 38
18 166 158
18 166 162
18 166 166
18 166 170
18 166 174
18 166 178
18 166 182
18 166 186
18 170 10
18 170 14
18 170 18
18 170 22
18 170 26
18 170 30
18 170 34
18 170 38
18 170 158
18 170 162
18 170 166
18 170 170
18 170 174
18 170 178
18 170 182
18 170 186
18 174 10
18 174 14
18 174 18
18 174 22
18 174 26
18 174 30
18 174 34
18 174 38
18 174 158
18 174 162
18 174 166
18 174 170
18 174 174
18 174 178
18 174 182
18 174 186
18 178 10
18 178 14
18 178 18
18 178 22
18 178 26
18 178 30
18 178 34
18 178 38
18 178 158
18 178 162
18 178 166
18 178 170
18 178 174
18 178 178
18 178 182
18 178 186
18 182 10
18 182 14
18 182 18
18 182 22
18 182 26
18 182 30
18 182 34
18 182 38
18 182 158
18 182 162
18 182 166
18 182 170
18 182 174
18 182 178
18 182 182
18 182 186
18 186 10
18 186 14
18 186 18
18 186 22
18 186 26
18 186 30
18 186 34
18 186 38
18 186 158
18 186 162
18 186 166
18 186 170
18 186 174
18 186 178
18 186 182
18 186 186
22 10 10
22 10 14
22 10 18
22 10 22
22 10 26
22 10 30
22 10 34
22 10 38
22 10 158
22 10 162
22 10 166
22 10 170
22 10 174
22 10 178
22 10 182
22 10 186
22 14 10
22 14 14
22 14 18
22 14 22
22 14 26
22 14 30
22 14 34
22 14 38
22 14 158
22 14 162
22 14 166
22 14 170
22 14 174
22 14 178
22 14 182
22 14 186
22 18 10
22 18 14
22 18 18
22 18 22
22 18 26
22 18 30
22 18 34
22 18 38
22 18 158
22 18 162
22 18 166
22 18 170
22 18 174
22 18 178
22 18 182
22 18 186
22 22 10
22 22 14
22 22 18
22 22 22
22 22 26
22 22 30
22 22 34
22 22 38
22 22 158
22 22 162
22 22 166
22 22 170
22 22 174
22 22 178
22 22 182
22 22 186
22 26 10
22 26 14
22 26 18
22 26 22
22 26 26
22 26 30
22 26 34
22 26 38
22 26 158
22 26 162
22 26 166
22 26 170
22 26 174
22 26 178
22 26 182
22 26 186
22 30 10
22 30 14
22 30 18
22 30 22
22 30 26
22 30 30
22 30 34
22 30 38
22 30 158
22 30 162
22 30 166
22 30 170
22 30 174
22 30 178
22 30 182
22 30 186
22 34 10
22 34 14
22 34 18
22 34 22
22 34 26
22 34 30
22 34 34
22 34 38
22 34 158
22 34 162
22 34 166
22 34 170
22 34 174
22 34 178
22 34 182
22 34 186
22 38 10
22 38 14
22 38 18
22 38 22
22 38 26
22 38 30
22 38 34
22 38 38
22 38 158
22 38 162
22 38 166
22 38 170
22 38 174
22 38 178
22 38 182
22 38 186
22 158 10
22 158 14
22 158 18
22 158 22
22 158 26
22 158 30
22 158 34
22 158 38
22 158 158
22 158 162
22 158 166
22 158 170
22 158 174
22 158 178
22 158 182
22 158 186
22 162 10
22 162 14
22 162 18
22 162 22
22 162 26
22 162 30
22 162 34
22 162 38
22 162 158
22 162 162
22 162 166
22 162 170
22 162 174
22 162 178
22 162 182
22 162 186
22 166 10
22 166 14
22 166 18
22 166 22
22 166 26
22 166 30
22 166 34
22 166 38
22 166 158
22 166 162
22 166 166
22 166 170
22 166 174
22 166 178
22 166 182
22 166 186
22 170 10
22 170 14
22 170 18
22 170 22
22 170 26
22 170 30
22 170 34
22 170 38
22 170 158
22 170 162
22 170 166
22 170 170
22 170 174
22 170 178
22 170 182
22 170 186
22 174 10
22 174 14
22 174 18
22 174 22
22 174 26
22 174 30
22 174 34
22 174 38
22 174 158
22 174 162
22 174 166
22 174 170
22 174 174
22 174 178
22 174 182
22 174 186
22 178 10
22 178 14
22 178 18
22 178 22
22 178 26
22 178 30
22 178 34
22 178 38
22 178 158
22 178 162
22 178 166
22 178 170
22 178 174
22 178 178
22 178 182
22 178 186
22 182 10
22 182 14
22 182 18
22 182 22
22 182 26
22 182 30
22 182 34
22 182 38
22 182 158
22 182 162
22 182 166
22 182 170
22 182 174
22 182 178
22 182 182
22 182 186
22 186 10
22 186 14
22 186 18
22 186 22
22 186 26
22 186 30
22 186 34
22 186 38
22 186 158
22 186 162
22 186 166
22 186 170
22 186 174
22 186 178
22 186 182
22 186 186
26 10 10
26 10 14
26 10 18
26 10 22
26 10 26
26 10 30
26 10 34
26 10 38
26 10 158
26 10 162
26 10 166
26 10 170
26 10 174
26 10 178
26 10 182
26 10 186
26 14 10
26 14 14
26 14 18
26 14 22
26 14 26
26 14 30
26 14 34
26 14 38
26 14 158
26 14 162
26 14 166
26 14 170
26 14 174
26 14 178
26 14 182
26 14 186
26 18 10
26 18 14
26 18 18
26 18 22
26 18 26
26 18 30
26 18 34
26 18 38
26 18 158
26 18 162
26 18 166
26 18 170
26 18 174
26 18 178
26 18 182
26 18 186
26 22 10
26 22 14
26 22 18
26 22 22
26 22 26
26 22 30
26 22 34
26 22 38
26 22 158
26 22 162
26 22 166
26 22 170
26 22 174
26 22 178
26 22 182
26 22 186
26 26 10
26 26 14
26 26 18
26 26 22
26 26 26
26 26 30
26 26 34
26 26 38
26 26 158
26 26 162
26 26 166
26 26 170
26 26 174
26 26 178
26 26 182
26 26 186
26 30 10
26 30 14
26 30 18
26 30 22
26 30 26
26 30 30
26 30 34
26 30 38
26 30 158
26 30 162
26 30 166
26 30 170
26 30 174
26 30 178
26 30 182
26 30 186
26 34 10
26 34 14
26 34 18
26 34 22
26 34 26
26 34 30
26 34 34
26 34 38
26 34 158
26 34 162
26 34 166
26 34 170
26 34 174
26 34 178
26 34 182
26 34 186
26 38 10
26 38 14
26 38 18
26 38 22
26 38 26
26 38 30
26 38 34
26 38 38
26 38 158
26 38 162
26 38 166
26 38 170
26 38 174
26 38 178
26 38 182
26 38 186
26 158 10
26 158 14
26 158 18
26 158 22
26 158 26
26 158 30
26 158 34
26 158 38
26 158 158
26 158 162
26 158 166
26 158 170
26 158 174
26 158 178
26 158 182
26 158 186
26 162 10
26 162 14
26 162 18
26 162 22
26 162 26
26 162 30
26 162 34
26 162 38
26 162 158
26 162 162
26 162 166
26 162 170
26 162 174
26 162 178
26 162 182
26 162 186
26 166 10
26 166 14
26 166 18
26 166 22
26 166 26
26 166 30
26 166 34
26 166 38
26 166 158
26 166 162
26 166 166
26 166 170
26 166 174
26 166 178
26 166 182
26 166 186
26 170 10
26 170 14
26 170 18
26 170 22
26 170 26
26 170 30
26 170 34
26 170 38
26 170 158
26 170 162
26 170 166
26 170 170
26 170 174
26 170 178
26 170 182
26 170 186
26 174 10
26 174 14
26 174 18
26 174 22
26 174 26
26 174 30
26 174 34
26 174 38
26 174 158
26 174 162
26 174 166
26 174 170
26 174 174
26 174 178
26 174 182
26 174 186
26 178 10
26 178 14
26 178 18
26 178 22
26 178 26
26 178 30
26 178 34
26 178 38
26 178 158
26 178 162
26 178 166
26 178 170
26 178 174
26 178 178
26 178 182
26 178 186
26 182 10
26 182 14
26 182 18
26 182 22
26 182 26
26 182 30
26 182 34
26 182 38
26 182 158
26 182 162
26 182 166
26 182 170
26 182 174
26 182 178
26 182 182
26 182 186
26 186 10
26 186 14
26 186 18
26 186 22
26 186 26
26 186 30
26 186 34
26 186 38
26 186 158
26 186 162
26 186 166
26 186 170
26 186 174
26 186 178
26 186 182
26 186 186
30 10 10
30 10 14
30 10 18
30 10 22
30 10 26
30 10 30
30 10 34
30 10 38
30 10 158
30 10 162
30 10 166
30 10 170
30 10 174
30 10 178
30 10 182
30 10 186
30 14 10
30 14 14
30 14 18
30 14 22
30 14 26
30 14 30
30 14 34
30 14 38
30 14 158
30 14 162
30 14 166
30 14 170
30 14 174
30 14 178
30 14 182
30 14 186
30 18 10
30 18 14
30 18 18
30 18 22
30 18 26
30 18 30
30 18 34
30 18 38
30 18 158
30 18 162
30 18 166
30 18 170
30 18 174
30 18 178
30 18 182
30 18 186
30 22 10
30 22 14
30 22 18
30 22 22
30 22 26
30 22 30
30 22 34
30 22 38
30 22 158
30 22 162
30 22 166
30 22 170
30 22 174
30 22 178
30 22 182
30 22 186
30 26 10
30 26 14
30 26 18
30 26 22
30 26 26
30 26 30
30 26 34
30 26 38
30 26 158
30 26 162
30 26 166
30 26 170
30 26 174
30 26 178
30 26 182
30 26 186
30 30 10
30 30 14
30 30 18
30 30 22
30 30 26
30 30 30
30 30 34
30 30 38
30 30 158
30 30 162
30 30 166
30 30 170
30 30 174
30 30 178
30 30 182
30 30 186
30 34 10
30 34 14
30 34 18
30 34 22
30 34 26
30 34 30
30 34 34
30 34 38
30 34 158
30 34 162
30 34 166
30 34 170
30 34 174
30 34 178
30 34 182
30 34 186
30 38 10
30 38 14
30 38 18
30 38 22
30 38 26
30 38 30
30 38 34
30 38 38
30 38 158
30 38 162
30 38 166
30 38 170
30 38 174
30 38 178
30 38 182
30 38 186
30 158 10
30 158 14
30 158 18
30 158 22
30 158 26
30 158 30
30 158 34
30 158 38
30 158 158
30 158 162
30 158 166
30 158 170
30 158 174
30 158 178
30 158 182
30 158 186
30 162 10
30 162 14
30 162 18
30 162 22
30 162 26
30 162 30
30 162 34
30 162 38
30 162 158
30 162 162
30 162 166
30 162 170
30 162 174
30 162 178
30 162 182
30 162 186
30 166 10
30 166 14
30 166 18
30 166 22
30 166 26
30 166 30
30 166 34
30 166 38
30 166 158
30 166 162
30 166 166
30 166 170
30 166 174
30 166 178
30 166 182
30 166 186
30 170 10
30 170 14
30 170 18
30 170 22
30 170 26
30 170 30
30 170 34
30 170 38
30 170 158
30 170 162
30 170 166
30 170 170
30 170 174
30 170 178
30 170 182
30 170 186
30 174 10
30 174 14
30 174 18
30 174 22
30 174 26
30 174 30
30 174 34
30 174 38
30 174 158
30 174 162
30 174 166
30 174 170
30 174 174
30 174 178
30 174 182
30 174 186
30 178 10
30 178 14
30 178 18
30 178 22
30 178 26
30 178 30
30 178 34
30 178 38
30 178 158
30 178 162
30 178 166
30 178 170
30 178 174
30 178 178
30 178 182
30 178 186
30 182 10
30 182 14
30 182 18
30 182 22
30 182 26
30 182 30
30 182 34
30 182 38
30 182 158
30 182 162
30 182 166
30 182 170
30 182 174
30 182 178
30 182 182
30 182 186
30 186 10
30 186 14
30 186 18
30 186 22
30 186 26
30 186 30
30 186 34
30 186 38
30 186 158
30 186 162
30 186 166
30 186 170
30 186 174
30 186 178
30 186 182
30 186 186
34 10 10
34 10 14
34 10 18
34 10 22
34 10 26
34 10 30
34 10 34
34 10 38
34 10 158
34 10 162
34 10 166
34 10 170
34 10 174
34 10 178
34 10 182
34 10 186
34 14 10
34 14 14
34 14 18
34 14 22
34 14 26
34 14 30
34 14 34
34 14 38
34 14 158
34 14 162
34 14 166
34 14 170
34 14 174
34 14 178
34 14 182
34 14 186
34 18 10
34 18 14
34 18 18
34 18 22
34 18 26
34 18 30
34 18 34
34 18 38
34 18 158
34 18 162
34 18 166
34 18 170
34 18 174
34 18 178
34 18 182
34 18 186
34 22 10
34 22 14
34 22 18
34 22 22
34 22 26
34 22 30
34 22 34
34 22 38
34 22 158
34 22 162
34 22 166
34 22 170
34 22 174
34 22 178
34 22 182
34 22 186
34 26 10
34 26 14
34 26 18
34 26 22
34 26 26
34 26 30
34 26 34
34 26 38
34 26 158
34 26 162
34 26 166
34 26 170
34 26 174
34 26 178
34 26 182
34 26 186
34 30 10
34 30 14
34 30 18
34 30 22
34 30 26
34 30 30
34 30 34
34 30 38
34 30 158
34 30 162
34 30 166
34 30 170
34 30 174
34 30 178
34 30 182
34 30 186
34 34 10
34 34 14
34 34 18
34 34 22
34 34 26
34 34 30
34 34 34
34 34 38
34 34 158
34 34 162
34 34 166
34 34 170
34 34 174
34 34 178
34 34 182
34 34 186
34 38 10
34 38 14
34 38 18
34 38 22
34 38 26
34 38 30
34 38 34
34 38 38
34 38 158
34 38 162
34 38 166
34 38 170
34 38 174
34 38 178
34 38 182
34 38 186
34 158 10
34 158 14
34 158 18
34 158 22
34 158 26
34 158 30
34 158 34
34 158 38
34 158 158
34 158 162
34 158 166
34 158 170
34 158 174
34 158 178
34 158 182
34 158 186
34 162 10
34 162 14
34 162 18
34 162 22
34 162 26
34 162 30
34 162 34
34 162 38
34 162 158
34 162 162
34 162 166
34 162 170
34 162 174
34 162 178
34 162 182
34 162 186
34 166 10
34 166 14
34 166 18
34 166 22
34 166 26
34 166 30
34 166 34
34 166 38
34 166 158
34 166 162
34 166 166
34 166 170
34 166 174
34 166 178
34 166 182
34 166 186
34 170 10
34 170 14
34 170 18
34 170 22
34 170 26
34 170 30
34 170 34
34 170 38
34 170 158
34 170 162
34 170 166
34 170 170
34 170 174
34 170 178
34 170 182
34 170 186
34 174 10
34 174 14
34 174 18
34 174 22
34 174 26
34 174 30
34 174 34
34 174 38
34 174 158
34 174 162
34 174 166
34 174 170
34 174 174
34 174 178
34 174 182
34 174 186
34 178 10
34 178 14
34 178 18
34 178 22
34 178 26
34 178 30
34 178 34
34 178 38
34 178 158
34 178 162
34 178 166
34 178 170
34 178 174
34 178 178
34 178 182
34 178 186
34 182 10
34 182 14
34 182 18
34 182 22
34 182 26
34 182 30
34 182 34
34 182 38
34 182 158
34 182 162
34 182 166
34 182 170
34 182 174
34 182 178
34 182 182
34 182 186
34 186 10
34 186 14
34 186 18
34 186 22
34 186 26
34 186 30
34 186 34
34 186 38
34 186 158
34 186 162
34 186 166
34 186 170
34 186 174
34 186 178
34 186 182
34 186 186
38 10 10
38 10 14
38 10 18
38 10 22
38 10 26
38 10 30
38 10 34
38 10 38
38 10 158
38 10 162
38 10 166
38 10 170
38 10 174
38 10 178
38 10 182
38 10 186
38 14 10
38 14 14
38 14 18
38 14 22
38 14 26
38 14 30
38 14 34
38 14 38
38 14 158
38 14 162
38 14 166
38 14 170
38 14 174
38 14 178
38 14 182
38 14 186
38 18 10
38 18 14
38 18 18
38 18 22
38 18 26
38 18 30
38 18 34
38 18 38
38 18 158
38 18 162
38 18 166
38 18 170
38 18 174
38 18 178
38 18 182
38 18 186
38 22 10
38 22 14
38 22 18
38 22 22
38 22 26
38 22 30
38 22 34
38 22 38
38 22 158
38 22 162
38 22 166
38 22 170
38 22 174
38 22 178
38 22 182
38 22 186
38 26 10
38 26 14
38 26 18
38 26 22
38 26 26
38 26 30
38 26 34
38 26 38
38 26 158
38 26 162
38 26 166
38 26 170
38 26 174
38 26 178
38 26 182
38 26 186
38 30 10
38 30 14
38 30 18
38 30 22
38 30 26
38 30 30
38 30 34
38 30 38
38 30 158
38 30 162
38 30 166
38 30 170
38 30 174
38 30 178
38 30 182
38 30 186
38 34 10
38 34 14
38 34 18
38 34 22
38 34 26
38 34 30
38 34 34
38 34 38
38 34 158
38 34 162
38 34 166
38 34 170
38 34 174
38 34 178
38 34 182
38 34 186
38 38 10
38 38 14
38 38 18
38 38 22
38 38 26
38 38 30
38 38 34
38 38 38
38 38 158
38 38 162
38 38 166
38 38 170
38 38 174
38 38 178
38 38 182
38 38 186
38 158 10
38 158 14
38 158 18
38 158 22
38 158 26
38 158 30
38 158 34
38 158 38
38 158 158
38 158 162
38 158 166
38 158 170
38 158 174
38 158 178
38 158 182
38 158 186
38 162 10
38 162 14
38 162 18
38 162 22
38 162 26
38 162 30
38 162 34
38 162 38
38 162 158
38 162 162
38 162 166
38 162 170
38 162 174
38 162 178
38 162 182
38 162 186
38 166 10
38 166 14
38 166 18
38 166 22
38 166 26
38 166 30
38 166 34
38 166 38
38 166 158
38 166 162
38 166 166
38 166 170
38 166 174
38 166 178
38 166 182
38 166 186
38 170 10
38 170 14
38 170 18
38 170 22
38 170 26
38 170 30
38 170 34
38 170 38
38 170 158
38 170 162
38 170 166
38 170 170
38 170 174
38 170 178
38 170 182
38 170 186
38 174 10
38 174 14
38 174 18
38 174 22
38 174 26
38 174 30
38 174 34
38 174 38
38 174 158
38 174 162
38 174 166
38 174 170
38 174 174
38 174 178
38 174 182
38 174 186
38 178 10
38 178 14
38 178 18
38 178 22
38 178 26
38 178 30
38 178 34
38 178 38
38 178 158
38 178 162
38 178 166
38 178 170
38 178 174
38 178 178
38 178 182
38 178 186
38 182 10
38 182 14
38 182 18
38 182 22
38 182 26
38 182 30
38 182 34
38 182 38
38 182 158
38 182 162
38 182 166
38 182 170
38 182 174
38 182 178
38 182 182
38 182 186
38 186 10
38 186 14
38 186 18
38 186 22
38 186 26
38 186 30
38 186 34
38 186 38
38 186 158
38 186 162
38 186 166
38 186 170
38 186 174
38 186 178
38 186 182
38 186 186
158 10 10
158 10 14
158 10 18
158 10 22
158 10 26
158 10 30
158 10 34
158 10 38
158 10 158
158 10 162
158 10 166
158 10 170
158 10 174
158 10 178
158 10 182
158 10 186
158 14 10
158 14 14
158 14 18
158 14 22
158 14 26
158 14 30
158 14 34
158 14 38
158 14 158
158 14 162
158 14 166
158 14 170
158 14 174
158 14 178
158 14 182
158 14 186
158 18 10
158 18 14
158 18 18
158 18 22
158 18 26
158 18 30
158 18 34
158 18 38
158 18 158
158 18 162
158 18 166
158 18 170
158 18 174
158 18 178
158 18 182
158 18 186
158 22 10
158 22 14
158 22 18
158 22 22
158 22 26
158 22 30
158 22 34
158 22 38
158 22 158
158 22 162
158 22 166
158 22 170
158 22 174
158 22 178
158 22 182
158 22 186
158 26 10
158 26 14
158 26 18
158 26 22
158 26 26
158 26 30
158 26 34
158 26 38
158 26 158
158 26 162
158 26 166
158 26 170
158 26 174
158 26 178
158 26 182
158 26 186
158 30 10
158 30 14
158 30 18
158 30 22
158 30 26
158 30 30
158 30 34
158 30 38
158 30 158
158 30 162
158 30 166
158 30 170
158 30 174
158 30 178
158 30 182
158 30 186
158 34 10
158 34 14
158 34 18
158 34 22
158 34 26
158 34 30
158 34 34
158 34 38
158 34 158
158 34 162
158 34 166
158 34 170
158 34 174
158 34 178
158 34 182
158 34 186
158 38 10
158 38 14
158 38 18
158 38 22
158 38 26
158 38 30
158 38 34
158 38 38
158 38 158
158 38 162
158 38 166
158 38 170
158 38 174
158 38 178
158 38 182
158 38 186
158 158 10
158 158 14
158 158 18
158 158 22
158 158 26
158 158 30
158 158 34
158 158 38
158 158 158
158 158 162
158 158 166
158 158 170
158 158 174
158 158 178
158 158 182
158 158 186
158 162 10
158 162 14
158 162 18
158 162 22
158 162 26
158 162 30
158 162 34
158 162 38
158 162 158
158 162 162
158 162 166
158 162 170
158 162 174
158 162 178
158 162 182
158 162 186
158 166 10
158 166 14
158 166 18
158 166 22
158 166 26
158 166 30
158 166 34
158 166 38
158 166 158
158 166 162
158 166 166
158 166 170
158 166 174
158 166 178
158 166 182
158 166 186
158 170 10
158 170 14
158 170 18
158 170 22
158 170 26
158 170 30
158 170 34
158 170 38
158 170 158
158 170 162
158 170 166
158 170 170
158 170 174
158 170 178
158 170 182
158 170 186
158 174 10
158 174 14
158 174 18
158 174 22
158 174 26
158 174 30
158 174 34
158 174 38
158 174 158
158 174 162
158 174 166
158 174 170
158 174 174
158 174 178
158 174 182
158 174 186
158 178 10
158 178 14
158 178 18
158 178 22
158 178 26
158 178 30
158 178 34
158 178 38
158 178 158
158 178 162
158 178 166
158 178 170
158 178 174
158 178 178
158 178 182
158 178 186
158 182 10
158 182 14
158 182 18
158 182 22
158 182 26
158 182 30
158 182 34
158 182 38
158 182 158
158 182 162
158 182 166
158 182 170
158 182 174
158 182 178
158 182 182
158 182 186
158 186 10
158 186 14
158 186 18
158 186 22
158 186 26
158 186 30
158 186 34
158 186 38
158 186 158
158 186 162
158 186 166
158 186 170
158 186 174
158 186 178
158 186 182
158 186 186
162 10 10
162 10 14
162 10 18
162 10 22
162 10 26
162 10 30
162 10 34
162 10 38
162 10 158
162 10 162
162 10 166
162 10 170
162 10 174
162 10 178
162 10 182
162 10 186
162 14 10
162 14 14
162 14 18
162 14 22
162 14 26
162 14 30
162 14 34
162 14 38
162 14 158
162 14 162
162 14 166
162 14 170
162 14 174
162 14 178
162 14 182
162 14 186
162 18 10
162 18 14
162 18 18
162 18 22
162 18 26
162 18 30
162 18 34
162 18 38
162 18 158
162 18 162
162 18 166
162 18 170
162 18 174
162 18 178
162 18 182
162 18 186
162 22 10
162 22 14
162 22 18
162 22 22
162 22 26
162 22 30
162 22 34
162 22 38
162 22 158
162 22 162
162 22 166
162 22 170
162 22 174
162 22 178
162 22 182
162 22 186
162 26 10
162 26 14
162 26 18
162 26 22
162 26 26
162 26 30
162 26 34
162 26 38
162 26 158
162 26 162
162 26 166
162 26 170
162 26 174
162 26 178
162 26 182
162 26 186
162 30 10
162 30 14
162 30 18
162 30 22
162 30 26
162 30 30
162 30 34
162 30 38
162 30 158
162 30 162
162 30 166
162 30 170
162 30 174
162 30 178
162 30 182
162 30 186
162 34 10
162 34 14
162 34 18
162 34 22
162 34 26
162 34 30
162 34 34
162 34 38
162 34 158
162 34 162
162 34 166
162 34 170
162 34 174
162 34 178
162 34 182
162 34 186
162 38 10
162 38 14
162 38 18
162 38 22
162 38 26
162 38 30
162 38 34
162 38 38
162 38 158
162 38 162
162 38 166
162 38 170
162 38 174
162 38 178
162 38 182
162 38 186
162 158 10
162 158 14
162 158 18
162 158 22
162 158 26
162 158 30
162 158 34
162 158 38
162 158 158
162 158 162
162 158 166
162 158 170
162 158 174
162 158 178
162 158 182
162 158 186
162 162 10
162 162 14
162 162 18
162 162 22
162 162 26
162 162 30
162 162 34
162 162 38
162 162 158
162 162 162
162 162 166
162 162 170
162 162 174
162 162 178
162 162 182
162 162 186
162 166 10
162 166 14
162 166 18
162 166 22
162 166 26
162 166 30
162 166 34
162 166 38
162 166 158
162 166 162
162 166 166
162 166 170
162 166 174
162 166 178
162 166 182
162 166 186
162 170 10
162 170 14
162 170 18
162 170 22
162 170 26
162 170 30
162 170 34
162 170 38
162 170 158
162 170 162
162 170 166
162 170 170
162 170 174
162 170 178
162 170 182
162 170 186
162 174 10
162 174 14
162 174 18
162 174 22
162 174 26
162 174 30
162 174 34
162 174 38
162 174 158
162 174 162
162 174 166
162 174 170
162 174 174
162 174 178
162 174 182
162 174 186
162 178 10
162 178 14
162 178 18
162 178 22
162 178 26
162 178 30
162 178 34
162 178 38
162 178 158
162 178 162
162 178 166
162 178 170
162 178 174
162 178 178
162 178 182
162 178 186
162 182 10
162 182 14
162 182 18
162 182 22
162 182 26
162 182 30
162 182 34
162 182 38
162 182 158
162 182 162
162 182 166
162 182 170
162 182 174
162 182 178
162 182 182
162 182 186
162 186 10
162 186 14
162 186 18
162 186 22
162 186 26
162 186 30
162 186 34
162 186 38
162 186 158
162 186 162
162 186 166
162 186 170
162 186 174
162 186 178
162 186 182
162 186 186
166 10 10
166 10 14
166 10 18
166 10 22
166 10 26
166 10 30
166 10 34
166 10 38
166 10 158
166 10 162
166 10 166
166 10 170
166 10 174
166 10 178
166 10 182
166 10 186
166 14 10
166 14 14
166 14 18
166 14 22
166 14 26
166 14 30
166 14 34
166 14 38
166 14 158
166 14 162
166 14 166
166 14 170
166 14 174
166 14 178
166 14 182
166 14 186
166 18 10
166 18 14
166 18 18
166 18 22
166 18 26
166 18 30
166 18 34
166 18 38
166 18 158
166 18 162
166 18 166
166 18 170
166 18 174
166 18 178
166 18 182
166 18 186
166 22 10
166 22 14
166 22 18
166 22 22
166 22 26
166 22 30
166 22 34
166 22 38
166 22 158
166 22 162
166 22 166
166 22 170
166 22 174
166 22 178
166 22 182
166 22 186
166 26 10
166 26 14
166 26 18
166 26 22
166 26 26
166 26 30
166 26 34
166 26 38
166 26 158
166 26 162
166 26 166
166 26 170
166 26 174
166 26 178
166 26 182
166 26 186
166 30 10
166 30 14
166 30 18
166 30 22
166 30 26
166 30 30
166 30 34
166 30 38
166 30 158
166 30 162
166 30 166
166 30 170
166 30 174
166 30 178
166 30 182
166 30 186
166 34 10
166 34 14
166 34 18
166 34 22
166 34 26
166 34 30
166 34 34
166 34 38
166 34 158
166 34 162
166 34 166
166 34 170
166 34 174
166 34 178
166 34 182
166 34 186
166 38 10
166 38 14
166 38 18
166 38 22
166 38 26
166 38 30
166 38 34
166 38 38
166 38 158
166 38 162
166 38 166
166 38 170
166 38 174
166 38 178
166 38 182
166 38 186
166 158 10
166 158 14
166 158 18
166 158 22
166 158 26
166 158 30
166 158 34
166 158 38
166 158 158
166 158 162
166 158 166
166 158 170
166 158 174
166 158 178
166 158 182
166 158 186
166 162 10
166 162 14
166 162 18
166 162 22
166 162 26
166 162 30
166 162 34
166 162 38
166 162 158
166 162 162
166 162 166
166 162 170
166 162 174
166 162 178
166 162 182
166 162 186
166 166 10
166 166 14
166 166 18
166 166 22
166 166 26
166 166 30
166 166 34
166 166 38
166 166 158
166 166 162
166 166 166
166 166 170
166 166 174
166 166 178
166 166 182
166 166 186
166 170 10
166 170 14
166 170 18
166 170 22
166 170 26
166 170 30
166 170 34
166 170 38
166 170 158
166 170 162
166 170 166
166 170 170
166 170 174
166 170 178
166 170 182
166 170 186
166 174 10
166 174 14
166 174 18
166 174 22
166 174 26
166 174 30
166 174 34
166 174 38
166 174 158
166 174 162
166 174 166
166 174 170
166 174 174
166 174 178
166 174 182
166 174 186
166 178 10
166 178 14
166 178 18
166 178 22
166 178 26
166 178 30
166 178 34
166 178 38
166 178 158
166 178 162
166 178 166
166 178 170
166 178 174
166 178 178
166 178 182
166 178 186
166 182 10
166 182 14
166 182 18
166 182 22
166 182 26
166 182 30
166 182 34
166 182 38
166 182 158
166 182 162
166 182 166
166 182 170
166 182 174
166 182 178
166 182 182
166 182 186
166 186 10
166 186 14
166 186 18
166 186 22
166 186 26
166 186 30
166 186 34
166 186 38
166 186 158
166 186 162
166 186 166
166 186 170
166 186 174
166 186 178
166 186 182
166 186 186
170 10 10
170 10 14
170 10 18
170 10 22
170 10 26
170 10 30
170 10 34
170 10 38
170 10 158
170 10 162
170 10 166
170 10 170
170 10 174
170 10 178
170 10 182
170 10 186
170 14 10
170 14 14
170 14 18
170 14 22
170 14 26
170 14 30
170 14 34
170 14 38
170 14 158
170 14 162
170 14 166
170 14 170
170 14 174
170 14 178
170 14 182
170 14 186
170 18 10
170 18 14
170 18 18
170 18 22
170 18 26
170 18 30
170 18 34
170 18 38
170 18 158
170 18 162
170 18 166
170 18 170
170 18 174
170 18 178
170 18 182
170 18 186
170 22 10
170 22 14
170 22 18
170 22 22
170 22 26
170 22 30
170 22 34
170 22 38
170 22 158
170 22 162
170 22 166
170 22 170
170 22 174
170 22 178
170 22 182
170 22 186
170 26 10
170 26 14
170 26 18
170 26 22
170 26 26
170 26 30
170 26 34
170 26 38
170 26 158
170 26 162
170 26 166
170 26 170
170 26 174
170 26 178
170 26 182
170 26 186
170 30 10
170 30 14
170 30 18
170 30 22
170 30 26
170 30 30
170 30 34
170 30 38
170 30 158
170 30 162
170 30 166
170 30 170
170 30 174
170 30 178
170 30 182
170 30 186
170 34 10
170 34 14
170 34 18
170 34 22
170 34 26
170 34 30
170 34 34
170 34 38
170 34 158
170 34 162
170 34 166
170 34 170
170 34 174
170 34 178
170 34 182
170 34 186
170 38 10
170 38 14
170 38 18
170 38 22
170 38 26
170 38 30
170 38 34
170 38 38
170 38 158
170 38 162
170 38 166
170 38 170
170 38 174
170 38 178
170 38 182
170 38 186
170 158 10
170 158 14
170 158 18
170 158 22
170 158 26
170 158 30
170 158 34
170 158 38
170 158 158
170 158 162
170 158 166
170 158 170
170 158 174
170 158 178
170 158 182
170 158 186
170 162 10
170 162 14
170 162 18
170 162 22
170 162 26
170 162 30
170 162 34
170 162 38
170 162 158
170 162 162
170 162 166
170 162 170
170 162 174
170 162 178
170 162 182
170 162 186
170 166 10
170 166 14
170 166 18
170 166 22
170 166 26
170 166 30
170 166 34
170 166 38
170 166 158
170 166 162
170 166 166
170 166 170
170 166 174
170 166 178
170 166 182
170 166 186
170 170 10
170 170 14
170 170 18
170 170 22
170 170 26
170 170 30
170 170 34
170 170 38
170 170 158
170 170 162
170 170 166
170 170 170
170 170 174
170 170 178
170 170 182
170 170 186
170 174 10
170 174 14
170 174 18
170 174 22
170 174 26
170 174 30
170 174 34
170 174 38
170 174 158
170 174 162
170 174 166
170 174 170
170 174 174
170 174 178
170 174 182
170 174 186
170 178 10
170 178 14
170 178 18
170 178 22
170 178 26
170 178 30
170 178 34
170 178 38
170 178 158
170 178 162
170 178 166
170 178 170
170 178 174
170 178 178
170 178 182
170 178 186
170 182 10
170 182 14
170 182 18
170 182 22
170 182 26
170 182 30
170 182 34
170 182 38
170 182 158
170 182 162
170 182 166
170 182 170
170 182 174
170 182 178
170 182 182
170 182 186
170 186 10
170 186 14
170 186 18
170 186 22
170 186 26
170 186 30
170 186 34
170 186 38
170 186 158
170 186 162
170 186 166
170 186 170
170 186 174
170 186 178
170 186 182
170 186 186
174 10 10
174 10 14
174 10 18
174 10 22
174 10 26
174 10 30
174 10 34
174 10 38
174 10 158
174 10 162
174 10 166
174 10 170
174 10 174
174 10 178
174 10 182
174 10 186
174 14 10
174 14 14
174 14 18
174 14 22
174 14 26
174 14 30
174 14 34
174 14 38
174 14 158
174 14 162
174 14 166
174 14 170
174 14 174
174 14 178
174 14 182
174 14 186
174 18 10
174 18 14
174 18 18
174 18 22
174 18 26
174 18 30
174 18 34
174 18 38
174 18 158
174 18 162
174 18 166
174 18 170
174 18 174
174 18 178
174 18 182
174 18 186
174 22 10
174 22 14
174 22 18
174 22 22
174 22 26
174 22 30
174 22 34
174 22 38
174 22 158
174 22 162
174 22 166
174 22 170
174 22 174
174 22 178
174 22 182
174 22 186
174 26 10
174 26 14
174 26 18
174 26 22
174 26 26
174 26 30
174 26 34
174 26 38
174 26 158
174 26 162
174 26 166
174 26 170
174 26 174
174 26 178
174 26 182
174 26 186
174 30 10
174 30 14
174 30 18
174 30 22
174 30 26
174 30 30
174 30 34
174 30 38
174 30 158
174 30 162
174 30 166
174 30 170
174 30 174
174 30 178
174 30 182
174 30 186
174 34 10
174 34 14
174 34 18
174 34 22
174 34 26
174 34 30
174 34 34
174 34 38
174 34 158
174 34 162
174 34 166
174 34 170
174 34 174
174 34 178
174 34 182
174 34 186
174 38 10
174 38 14
174 38 18
174 38 22
174 38 26
174 38 30
174 38 34
174 38 38
174 38 158
174 38 162
174 38 166
174 38 170
174 38 174
174 38 178
174 38 182
174 38 186
174 158 10
174 158 14
174 158 18
174 158 22
174 158 26
174 158 30
174 158 34
174 158 38
174 158 158
174 158 162
174 158 166
174 158 170
174 158 174
174 158 178
174 158 182
174 158 186
174 162 10
174 162 14
174 162 18
174 162 22
174 162 26
174 162 30
174 162 34
174 162 38
174 162 158
174 162 162
174 162 166
174 162 170
174 162 174
174 162 178
174 162 182
174 162 186
174 166 10
174 166 14
174 166 18
174 166 22
174 166 26
174 166 30
174 166 34
174 166 38
174 166 158
174 166 162
174 166 166
174 166 170
174 166 174
174 166 178
174 166 182
174 166 186
174 170 10
174 170 14
174 170 18
174 170 22
174 170 26
174 170 30
174 170 34
174 170 38
174 170 158
174 170 162
174 170 166
174 170 170
174 170 174
174 170 178
174 170 182
174 170 186
174 174 10
174 174 14
174 174 18
174 174 22
174 174 26
174 174 30
174 174 34
174 174 38
174 174 158
174 174 162
174 174 166
174 174 170
174 174 174
174 174 178
174 174 182
174 174 186
174 178 10
174 178 14
174 178 18
174 178 22
174 178 26
174 178 30
174 178 34
174 178 38
174 178 158
174 178 162
174 178 166
174 178 170
174 178 174
174 178 178
174 178 182
174 178 186
174 182 10
174 182 14
174 182 18
174 182 22
174 182 26
174 182 30
174 182 34
174 182 38
174 182 158
174 182 162
174 182 166
174 182 170
174 182 174
174 182 178
174 182 182
174 182 186
174 186 10
174 186 14
174 186 18
174 186 22
174 186 26
174 186 30
174 186 34
174 186 38
174 186 158
174 186 162
174 186 166
174 186 170
174 186 174
174 186 178
174 186 182
174 186 186
178 10 10
178 10 14
178 10 18
178 10 22
178 10 26
178 10 30
178 10 34
178 10 38
178 10 158
178 10 162
178 10 166
178 10 170
178 10 174
178 10 178
178 10 182
178 10 186
178 14 10
178 14 14
178 14 18
178 14 22
178 14 26
178 14 30
178 14 34
178 14 38
178 14 158
178 14 162
178 14 166
178 14 170
178 14 174
178 14 178
178 14 182
178 14 186
178 18 10
178 18 14
178 18 18
178 18 22
178 18 26
178 18 30
178 18 34
178 18 38
178 18 158
178 18 162
178 18 166
178 18 170
178 18 174
178 18 178
178 18 182
178 18 186
178 22 10
178 22 14
178 22 18
178 22 22
178 22 26
178 22 30
178 22 34
178 22 38
178 22 158
178 22 162
178 22 166
178 22 170
178 22 174
178 22 178
178 22 182
178 22 186
178 26 10
178 26 14
178 26 18
178 26 22
178 26 26
178 26 30
178 26 34
178 26 38
178 26 158
178 26 162
178 26 166
178 26 170
178 26 174
178 26 178
178 26 182
178 26 186
178 30 10
178 30 14
178 30 18
178 30 22
178 30 26
178 30 30
178 30 34
178 30 38
178 30 158
178 30 162
178 30 166
178 30 170
178 30 174
178 30 178
178 30 182
178 30 186
178 34 10
178 34 14
178 34 18
178 34 22
178 34 26
178 34 30
178 34 34
178 34 38
178 34 158
178 34 162
178 34 166
178 34 170
178 34 174
178 34 178
178 34 182
178 34 186
178 38 10
178 38 14
178 38 18
178 38 22
178 38 26
178 38 30
178 38 34
178 38 38
178 38 158
178 38 162
178 38 166
178 38 170
178 38 174
178 38 178
178 38 182
178 38 186
178 158 10
178 158 14
178 158 18
178 158 22
178 158 26
178 158 30
178 158 34
178 158 38
178 158 158
178 158 162
178 158 166
178 158 170
178 158 174
178 158 178
178 158 182
178 158 186
178 162 10
178 162 14
178 162 18
178 162 22
178 162 26
178 162 30
178 162 34
178 162 38
178 162 158
178 162 162
178 162 166
178 162 170
178 162 174
178 162 178
178 162 182
178 162 186
178 166 10
178 166 14
178 166 18
178 166 22
178 166 26
178 166 30
178 166 34
178 166 38
178 166 158
178 166 162
178 166 166
178 166 170
178 166 174
178 166 178
178 166 182
178 166 186
178 170 10
178 170 14
178 170 18
178 170 22
178 170 26
178 170 30
178 170 34
178 170 38
178 170 158
178 170 162
178 170 166
178 170 170
178 170 174
178 170 178
178 170 182
178 170 186
178 174 10
178 174 14
178 174 18
178 174 22
178 174 26
178 174 30
178 174 34
178 174 38
178 174 158
178 174 162
178 174 166
178 174 170
178 174 174
178 174 178
178 174 182
178 174 186
178 178 10
178 178 14
178 178 18
178 178 22
178 178 26
178 178 30
178 178 34
178 178 38
178 178 158
178 178 162
178 178 166
178 178 170
178 178 174
178 178 178
178 178 182
178 178 186
178 182 10
178 182 14
178 182 18
178 182 22
178 182 26
178 182 30
178 182 34
178 182 38
178 182 158
178 182 162
178 182 166
178 182 170
178 182 174
178 182 178
178 182 182
178 182 186
178 186 10
178 186 14
178 186 18
178 186 22
178 186 26
178 186 30
178 186 34
178 186 38
178 186 158
178 186 162
178 186 166
178 186 170
178 186 174
178 186 178
178 186 182
178 186 186
182 10 10
182 10 14
182 10 18
182 10 22
182 10 26
182 10 30
182 10 34
182 10 38
182 10 158
182 10 162
182 10 166
182 10 170
182 10 174
182 10 178
182 10 182
182 10 186
182 14 10
182 14 14
182 14 18
182 14 22
182 14 26
182 14 30
182 14 34
182 14 38
182 14 158
182 14 162
182 14 166
182 14 170
182 14 174
182 14 178
182 14 182
182 14 186
182 18 10
182 18 14
182 18 18
182 18 22
182 18 26
182 18 30
182 18 34
182 18 38
182 18 158
182 18 162
182 18 166
182 18 170
182 18 174
182 18 178
182 18 182
182 18 186
182 22 10
182 22 14
182 22 18
182 22 22
182 22 26
182 22 30
182 22 34
182 22 38
182 22 158
182 22 162
182 22 166
182 22 170
182 22 174
182 22 178
182 22 182
182 22 186
182 26 10
182 26 14
182 26 18
182 26 22
182 26 26
182 26 30
182 26 34
182 26 38
182 26 158
182 26 162
182 26 166
182 26 170
182 26 174
182 26 178
182 26 182
182 26 186
182 30 10
182 30 14
182 30 18
182 30 22
182 30 26
182 30 30
182 30 34
182 30 38
182 30 158
182 30 162
182 30 166
182 30 170
182 30 174
182 30 178
182 30 182
182 30 186
182 34 10
182 34 14
182 34 18
182 34 22
182 34 26
182 34 30
182 34 34
182 34 38
182 34 158
182 34 162
182 34 166
182 34 170
182 34 174
182 34 178
182 34 182
182 34 186
182 38 10
182 38 14
182 38 18
182 38 22
182 38 26
182 38 30
182 38 34
182 38 38
182 38 158
182 38 162
182 38 166
182 38 170
182 38 174
182 38 178
182 38 182
182 38 186
182 158 10
182 158 14
182 158 18
182 158 22
182 158 26
182 158 30
182 158 34
182 158 38
182 158 158
182 158 162
182 158 166
182 158 170
182 158 174
182 158 178
182 158 182
182 158 186
182 162 10
182 162 14
182 162 18
182 162 22
182 162 26
182 162 30
182 162 34
182 162 38
182 162 158
182 162 162
182 162 166
182 162 170
182 162 174
182 162 178
182 162 182
182 162 186
182 166 10
182 166 14
182 166 18
182 166 22
182 166 26
182 166 30
182 166 34
182 166 38
182 166 158
182 166 162
182 166 166
182 166 170
182 166 174
182 166 178
182 166 182
182 166 186
182 170 10
182 170 14
182 170 18
182 170 22
182 170 26
182 170 30
182 170 34
182 170 38
182 170 158
182 170 162
182 170 166
182 170 170
182 170 174
182 170 178
182 170 182
182 170 186
182 174 10
182 174 14
182 174 18
182 174 22
182 174 26
182 174 30
182 174 34
182 174 38
182 174 158
182 174 162
182 174 166
182 174 170
182 174 174
182 174 178
182 174 182
182 174 186
182 178 10
182 178 14
182 178 18
182 178 22
182 178 26
182 178 30
182 178 34
182 178 38
182 178 158
182 178 162
182 178 166
182 178 170
182 178 174
182 178 178
182 178 182
182 178 186
182 182 10
182 182 14
182 182 18
182 182 22
182 182 26
182 182 30
182 182 34
182 182 38
182 182 158
182 182 162
182 182 166
182 182 170
182 182 174
182 182 178
182 182 182
182 182 186
182 186 10
182 186 14
182 186 18
182 186 22
182 186 26
182 186 30
182 186 34
182 186 38
182 186 158
182 186 162
182 186 166
182 186 170
182 186 174
182 186 178
182 186 182
182 186 186
186 10 10
186 10 14
186 10 18
186 10 22
186 10 26
186 10 30
186 10 34
186 10 38
186 10 158
186 10 162
186 10 166
186 10 170
186 10 174
186 10 178
186 10 182
186 10 186
186 14 10
186 14 14
186 14 18
186 14 22
186 14 26
186 14 30
186 14 34
186 14 38
186 14 158
186 14 162
186 14 166
186 14 170
186 14 174
186 14 178
186 14 182
186 14 186
186 18 10
186 18 14
186 18 18
186 18 22
186 18 26
186 18 30
186 18 34
186 18 38
186 18 158
186 18 162
186 18 166
186 18 170
186 18 174
186 18 178
186 18 182
186 18 186
186 22 10
186 22 14
186 22 18
186 22 22
186 22 26
186 22 30
186 22 34
186 22 38
186 22 158
186 22 162
186 22 166
186 22 170
186 22 174
186 22 178
186 22 182
186 22 186
186 26 10
186 26 14
186 26 18
186 26 22
186 26 26
186 26 30
186 26 34
186 26 38
186 26 158
186 26 162
186 26 166
186 26 170
186 26 174
186 26 178
186 26 182
186 26 186
186 30 10
186 30 14
186 30 18
186 30 22
186 30 26
186 30 30
186 30 34
186 30 38
186 30 158
186 30 162
186 30 166
186 30 170
186 30 174
186 30 178
186 30 182
186 30 186
186 34 10
186 34 14
186 34 18
186 34 22
186 34 26
186 34 30
186 34 34
186 34 38
186 34 158
186 34 162
186 34 166
186 34 170
186 34 174
186 34 178
186 34 182
186 34 186
186 38 10
186 38 14
186 38 18
186 38 22
186 38 26
186 38 30
186 38 34
186 38 38
186 38 158
186 38 162
186 38 166
186 38 170
186 38 174
186 38 178
186 38 182
186 38 186
186 158 10
186 158 14
186 158 18
186 158 22
186 158 26
186 158 30
186 158 34
186 158 38
186 158 158
186 158 162
186 158 166
186 158 170
186 158 174
186 158 178
186 158 182
186 158 186
186 162 10
186 162 14
186 162 18
186 162 22
186 162 26
186 162 30
186 162 34
186 162 38
186 162 158
186 162 162
186 162 166
186 162 170
186 162 174
186 162 178
186 162 182
186 162 186
186 166 10
186 166 14
186 166 18
186 166 22
186 166 26
186 166 30
186 166 34
186 166 38
186 166 158
186 166 162
186 166 166
186 166 170
186 166 174
186 166 178
186 166 182
186 166 186
186 170 10
186 170 14
186 170 18
186 170 22
186 170 26
186 170 30
186 170 34
186 170 38
186 170 158
186 170 162
186 170 166
186 170 170
186 170 174
186 170 178
186 170 182
186 170 186
186 174 10
186 174 14
186 174 18
186 174 22
186 174 26
186 174 30
186 174 34
186 174 38
186 174 158
186 174 162
186 174 166
186 174 170
186 174 174
186 174 178
186 174 182
186 174 186
186 178 10
186 178 14
186 178 18
186 178 22
186 178 26
186 178 30
186 178 34
186 178 38
186 178 158
186 178 162
186 178 166
186 178 170
186 178 174
186 178 178
186 178 182
186 178 186
186 182 10
186 182 14
186 182 18
186 182 22
186 182 26
186 182 30
186 182 34
186 182 38
186 182 158
186 182 162
186 182 166
186 182 170
186 182 174
186 182 178
186 182 182
186 182 186
186 186 10
186 186 14
186 186 18
186 186 22
186 186 26
186 186 30
186 186 34
186 186 38
186 186 158
186 186 162
186 186 166
186 186 170
186 186 174
186 186 178
186 186 182
186 186 186
