200
19 19 19
19 19 20
19 19 21
19 19 27
19 19 28
19 19 29
19 19 167
19 19 168
19 19 169
19 19 175
19 19 176
19 19 177
19 20 19
19 20 20
19 20 21
19 20 27
19 20 28
19 20 29
19 20 167
19 20 168
19 20 169
19 20 175
19 20 176
19 20 177
19 21 19
19 21 20
19 21 21
19 21 27
19 21 28
19 21 29
19 21 167
19 21 168
19 21 169
19 21 175
19 21 176
19 21 177
19 27 19
19 27 20
19 27 21
19 27 27
19 27 28
19 27 29
19 27 167
19 27 168
19 27 169
19 27 175
19 27 176
19 27 177
19 28 19
19 28 20
19 28 21
19 28 27
19 28 28
19 28 29
19 28 167
19 28 168
19 28 169
19 28 175
19 28 176
19 28 177
19 29 19
19 29 20
19 29 21
19 29 27
19 29 28
19 29 29
19 29 167
19 29 168
19 29 169
19 29 175
19 29 176
19 29 177
19 167 19
19 167 20
19 167 21
19 167 27
19 167 28
19 167 29
19 167 167
19 167 168
19 167 169
19 167 175
19 167 176
19 167 177
19 168 19
19 168 20
19 168 21
19 168 27
19 168 28
19 168 29
19 168 167
19 168 168
19 168 169
19 168 175
19 168 176
19 168 177
19 169 19
19 169 20
19 169 21
19 169 27
19 169 28
19 169 29
19 169 167
19 169 168
19 169 169
19 169 175
19 169 176
19 169 177
19 175 19
19 175 20
19 175 21
19 175 27
19 175 28
19 175 29
19 175 167
19 175 168
19 175 169
19 175 175
19 175 176
19 175 177
19 176 19
19 176 20
19 176 21
19 176 27
19 176 28
19 176 29
19 176 167
19 176 168
19 176 169
19 176 175
19 176 176
19 176 177
19 177 19
19 177 20
19 177 21
19 177 27
19 177 28
19 177 29
19 177 167
19 177 168
19 177 169
19 177 175
19 177 176
19 177 177
20 19 19
20 19 20
20 19 21
20 19 27
20 19 28
20 19 29
20 19 167
20 19 168
20 19 169
20 19 175
20 19 176
20 19 177
20 20 19
20 20 21
20 20 27
20 20 29
20 20 167
20 20 169
20 20 175
20 20 177
20 21 19
20 21 20
20 21 21
20 21 27
20 21 28
20 21 29
20 21 167
20 21 168
20 21 169
20 21 175
20 21 176
20 21 177
20 27 19
20 27 20
20 27 21
20 27 27
20 27 28
20 27 29
20 27 167
20 27 168
20 27 169
20 27 175
20 27 176
20 27 177
20 28 19
20 28 21
20 28 27
20 28 29
20 28 167
20 28 169
20 28 175
20 28 177
20 29 19
20 29 20
20 29 21
20 29 27
20 29 28
20 29 29
20 29 167
20 29 168
20 29 169
20 29 175
20 29 176
20 29 177
20 167 19
20 167 20
20 167 21
20 167 27
20 167 28
20 167 29
20 167 167
20 167 168
20 167 169
20 167 175
20 167 176
20 167 177
20 168 19
20 168 21
20 168 27
20 168 29
20 168 167
20 168 169
20 168 175
20 168 177
20 169 19
20 169 20
20 169 21
20 169 27
20 169 28
20 169 29
20 169 167
20 169 168
20 169 169
20 169 175
20 169 176
20 169 177
20 175 19
20 175 20
20 175 21
20 175 27
20 175 28
20 175 29
20 175 167
20 175 168
20 175 169
20 175 175
20 175 176
20 175 177
20 176 19
20 176 21
20 176 27
20 176 29
20 176 167
20 176 169
20 176 175
20 176 177
20 177 19
20 177 20
20 177 21
20 177 27
20 177 28
20 177 29
20 177 167
20 177 168
20 177 169
20 177 175
20 177 176
20 177 177
21 19 19
21 19 20
21 19 21
21 19 27
21 19 28
21 19 29
21 19 167
21 19 168
21 19 169
21 19 175
21 19 176
21 19 177
21 20 19
21 20 20
21 20 21
21 20 27
21 20 28
21 20 29
21 20 167
21 20 168
21 20 169
21 20 175
21 20 176
21 20 177
21 21 19
21 21 20
21 21 21
21 21 27
21 21 28
21 21 29
21 21 167
21 21 168
21 21 169
21 21 175
21 21 176
21 21 177
21 27 19
21 27 20
21 27 21
21 27 27
21 27 28
21 27 29
21 27 167
21 27 168
21 27 169
21 27 175
21 27 176
21 27 177
21 28 19
21 28 20
21 28 21
21 28 27
21 28 28
21 28 29
21 28 167
21 28 168
21 28 169
21 28 175
21 28 176
21 28 177
21 29 19
21 29 20
21 29 21
21 29 27
21 29 28
21 29 29
21 29 167
21 29 168
21 29 169
21 29 175
21 29 176
21 29 177
21 167 19
21 167 20
21 167 21
21 167 27
21 167 28
21 167 29
21 167 167
21 167 168
21 167 169
21 167 175
21 167 176
21 167 177
21 168 19
21 168 20
21 168 21
21 168 27
21 168 28
21 168 29
21 168 167
21 168 168
21 168 169
21 168 175
21 168 176
21 168 177
21 169 19
21 169 20
21 169 21
21 169 27
21 169 28
21 169 29
21 169 167
21 169 168
21 169 169
21 169 175
21 169 176
21 169 177
21 175 19
21 175 20
21 175 21
21 175 27
21 175 28
21 175 29
21 175 167
21 175 168
21 175 169
21 175 175
21 175 176
21 175 177
21 176 19
21 176 20
21 176 21
21 176 27
21 176 28
21 176 29
21 176 167
21 176 168
21 176 169
21 176 175
21 176 176
21 176 177
21 177 19
21 177 20
21 177 21
21 177 27
21 177 28
21 177 29
21 177 167
21 177 168
21 177 169
21 177 175
21 177 176
21 177 177
27 19 19
27 19 20
27 19 21
27 19 27
27 19 28
27 19 29
27 19 167
27 19 168
27 19 169
27 19 175
27 19 176
27 19 177
27 20 19
27 20 20
27 20 21
27 20 27
27 20 28
27 20 29
27 20 167
27 20 168
27 20 169
27 20 175
27 20 176
27 20 177
27 21 19
27 21 20
27 21 21
27 21 27
27 21 28
27 21 29
27 21 167
27 21 168
27 21 169
27 21 175
27 21 176
27 21 177
27 27 19
27 27 20
27 27 21
27 27 27
27 27 28
27 27 29
27 27 167
27 27 168
27 27 169
27 27 175
27 27 176
27 27 177
27 28 19
27 28 20
27 28 21
27 28 27
27 28 28
27 28 29
27 28 167
27 28 168
27 28 169
27 28 175
27 28 176
27 28 177
27 29 19
27 29 20
27 29 21
27 29 27
27 29 28
27 29 29
27 29 167
27 29 168
27 29 169
27 29 175
27 29 176
27 29 177
27 167 19
27 167 20
27 167 21
27 167 27
27 167 28
27 167 29
27 167 167
27 167 168
27 167 169
27 167 175
27 167 176
27 167 177
27 168 19
27 168 20
27 168 21
27 168 27
27 168 28
27 168 29
27 168 167
27 168 168
27 168 169
27 168 175
27 168 176
27 168 177
27 169 19
27 169 20
27 169 21
27 169 27
27 169 28
27 169 29
27 169 167
27 169 168
27 169 169
27 169 175
27 169 176
27 169 177
27 175 19
27 175 20
27 175 21
27 175 27
27 175 28
27 175 29
27 175 167
27 175 168
27 175 169
27 175 175
27 175 176
27 175 177
27 176 19
27 176 20
27 176 21
27 176 27
27 176 28
27 176 29
27 176 167
27 176 168
27 176 169
27 176 175
27 176 176
27 176 177
27 177 19
27 177 20
27 177 21
27 177 27
27 177 28
27 177 29
27 177 167
27 177 168
27 177 169
27 177 175
27 177 176
27 177 177
28 19 19
28 19 20
28 19 21
28 19 27
28 19 28
28 19 29
28 19 167
28 19 168
28 19 169
28 19 175
28 19 176
28 19 177
28 20 19
28 20 21
28 20 27
28 20 29
28 20 167
28 20 169
28 20 175
28 20 177
28 21 19
28 21 20
28 21 21
28 21 27
28 21 28
28 21 29
28 21 167
28 21 168
28 21 169
28 21 175
28 21 176
28 21 177
28 27 19
28 27 20
28 27 21
28 27 27
28 27 28
28 27 29
28 27 167
28 27 168
28 27 169
28 27 175
28 27 176
28 27 177
28 28 19
28 28 21
28 28 27
28 28 29
28 28 167
28 28 169
28 28 175
28 28 177
28 29 19
28 29 20
28 29 21
28 29 27
28 29 28
28 29 29
28 29 167
28 29 168
28 29 169
28 29 175
28 29 176
28 29 177
28 167 19
28 167 20
28 167 21
28 167 27
28 167 28
28 167 29
28 167 167
28 167 168
28 167 169
28 167 175
28 167 176
28 167 177
28 168 19
28 168 21
28 168 27
28 168 29
28 168 167
28 168 169
28 168 175
28 168 177
28 169 19
28 169 20
28 169 21
28 169 27
28 169 28
28 169 29
28 169 167
28 169 168
28 169 169
28 169 175
28 169 176
28 169 177
28 175 19
28 175 20
28 175 21
28 175 27
28 175 28
28 175 29
28 175 167
28 175 168
28 175 169
28 175 175
28 175 176
28 175 177
28 176 19
28 176 21
28 176 27
28 176 29
28 176 167
28 176 169
28 176 175
28 176 177
28 177 19
28 177 20
28 177 21
28 177 27
28 177 28
28 177 29
28 177 167
28 177 168
28 177 169
28 177 175
28 177 176
28 177 177
29 19 19
29 19 20
29 19 21
29 19 27
29 19 28
29 19 29
29 19 167
29 19 168
29 19 169
29 19 175
29 19 176
29 19 177
29 20 19
29 20 20
29 20 21
29 20 27
29 20 28
29 20 29
29 20 167
29 20 168
29 20 169
29 20 175
29 20 176
29 20 177
29 21 19
29 21 20
29 21 21
29 21 27
29 21 28
29 21 29
29 21 167
29 21 168
29 21 169
29 21 175
29 21 176
29 21 177
29 27 19
29 27 20
29 27 21
29 27 27
29 27 28
29 27 29
29 27 167
29 27 168
29 27 169
29 27 175
29 27 176
29 27 177
29 28 19
29 28 20
29 28 21
29 28 27
29 28 28
29 28 29
29 28 167
29 28 168
29 28 169
29 28 175
29 28 176
29 28 177
29 29 19
29 29 20
29 29 21
29 29 27
29 29 28
29 29 29
29 29 167
29 29 168
29 29 169
29 29 175
29 29 176
29 29 177
29 167 19
29 167 20
29 167 21
29 167 27
29 167 28
29 167 29
29 167 167
29 167 168
29 167 169
29 167 175
29 167 176
29 167 177
29 168 19
29 168 20
29 168 21
29 168 27
29 168 28
29 168 29
29 168 167
29 168 168
29 168 169
29 168 175
29 168 176
29 168 177
29 169 19
29 169 20
29 169 21
29 169 27
29 169 28
29 169 29
29 169 167
29 169 168
29 169 169
29 169 175
29 169 176
29 169 177
29 175 19
29 175 20
29 175 21
29 175 27
29 175 28
29 175 29
29 175 167
29 175 168
29 175 169
29 175 175
29 175 176
29 175 177
29 176 19
29 176 20
29 176 21
29 176 27
29 176 28
29 176 29
29 176 167
29 176 168
29 176 169
29 176 175
29 176 176
29 176 177
29 177 19
29 177 20
29 177 21
29 177 27
29 177 28
29 177 29
29 177 167
29 177 168
29 177 169
29 177 175
29 177 176
29 177 177
167 19 19
167 19 20
167 19 21
167 19 27
167 19 28
167 19 29
167 19 167
167 19 168
167 19 169
167 19 175
167 19 176
167 19 177
167 20 19
167 20 20
167 20 21
167 20 27
167 20 28
167 20 29
167 20 167
167 20 168
167 20 169
167 20 175
167 20 176
167 20 177
167 21 19
167 21 20
167 21 21
167 21 27
167 21 28
167 21 29
167 21 167
167 21 168
167 21 169
167 21 175
167 21 176
167 21 177
167 27 19
167 27 20
167 27 21
167 27 27
167 27 28
167 27 29
167 27 167
167 27 168
167 27 169
167 27 175
167 27 176
167 27 177
167 28 19
167 28 20
167 28 21
167 28 27
167 28 28
167 28 29
167 28 167
167 28 168
167 28 169
167 28 175
167 28 176
167 28 177
167 29 19
167 29 20
167 29 21
167 29 27
167 29 28
167 29 29
167 29 167
167 29 168
167 29 169
167 29 175
167 29 176
167 29 177
167 167 19
167 167 20
167 167 21
167 167 27
167 167 28
167 167 29
167 167 167
167 167 168
167 167 169
167 167 175
167 167 176
167 167 177
167 168 19
167 168 20
167 168 21
167 168 27
167 168 28
167 168 29
167 168 167
167 168 168
167 168 169
167 168 175
167 168 176
167 168 177
167 169 19
167 169 20
167 169 21
167 169 27
167 169 28
167 169 29
167 169 167
167 169 168
167 169 169
167 169 175
167 169 176
167 169 177
167 175 19
167 175 20
167 175 21
167 175 27
167 175 28
167 175 29
167 175 167
167 175 168
167 175 169
167 175 175
167 175 176
167 175 177
167 176 19
167 176 20
167 176 21
167 176 27
167 176 28
167 176 29
167 176 167
167 176 168
167 176 169
167 176 175
167 176 176
167 176 177
167 177 19
167 177 20
167 177 21
167 177 27
167 177 28
167 177 29
167 177 167
167 177 168
167 177 169
167 177 175
167 177 176
167 177 177
168 19 19
168 19 20
168 19 21
168 19 27
168 19 28
168 19 29
168 19 167
168 19 168
168 19 169
168 19 175
168 19 176
168 19 177
168 20 19
168 20 21
168 20 27
168 20 29
168 20 167
168 20 169
168 20 175
168 20 177
168 21 19
168 21 20
168 21 21
168 21 27
168 21 28
168 21 29
168 21 167
168 21 168
168 21 169
168 21 175
168 21 176
168 21 177
168 27 19
168 27 20
168 27 21
168 27 27
168 27 28
168 27 29
168 27 167
168 27 168
168 27 169
168 27 175
168 27 176
168 27 177
168 28 19
168 28 21
168 28 27
168 28 29
168 28 167
168 28 169
168 28 175
168 28 177
168 29 19
168 29 20
168 29 21
168 29 27
168 29 28
168 29 29
168 29 167
168 29 168
168 29 169
168 29 175
168 29 176
168 29 177
168 167 19
168 167 20
168 167 21
168 167 27
168 167 28
168 167 29
168 167 167
168 167 168
168 167 169
168 167 175
168 167 176
168 167 177
168 168 19
168 168 21
168 168 27
168 168 29
168 168 167
168 168 169
168 168 175
168 168 177
168 169 19
168 169 20
168 169 21
168 169 27
168 169 28
168 169 29
168 169 167
168 169 168
168 169 169
168 169 175
168 169 176
168 169 177
168 175 19
168 175 20
168 175 21
168 175 27
168 175 28
168 175 29
168 175 167
168 175 168
168 175 169
168 175 175
168 175 176
168 175 177
168 176 19
168 176 21
168 176 27
168 176 29
168 176 167
168 176 169
168 176 175
168 176 177
168 177 19
168 177 20
168 177 21
168 177 27
168 177 28
168 177 29
168 177 167
168 177 168
168 177 169
168 177 175
168 177 176
168 177 177
169 19 19
169 19 20
169 19 21
169 19 27
169 19 28
169 19 29
169 19 167
169 19 168
169 19 169
169 19 175
169 19 176
169 19 177
169 20 19
169 20 20
169 20 21
169 20 27
169 20 28
169 20 29
169 20 167
169 20 168
169 20 169
169 20 175
169 20 176
169 20 177
169 21 19
169 21 20
169 21 21
169 21 27
169 21 28
169 21 29
169 21 167
169 21 168
169 21 169
169 21 175
169 21 176
169 21 177
169 27 19
169 27 20
169 27 21
169 27 27
169 27 28
169 27 29
169 27 167
169 27 168
169 27 169
169 27 175
169 27 176
169 27 177
169 28 19
169 28 20
169 28 21
169 28 27
169 28 28
169 28 29
169 28 167
169 28 168
169 28 169
169 28 175
169 28 176
169 28 177
169 29 19
169 29 20
169 29 21
169 29 27
169 29 28
169 29 29
169 29 167
169 29 168
169 29 169
169 29 175
169 29 176
169 29 177
169 167 19
169 167 20
169 167 21
169 167 27
169 167 28
169 167 29
169 167 167
169 167 168
169 167 169
169 167 175
169 167 176
169 167 177
169 168 19
169 168 20
169 168 21
169 168 27
169 168 28
169 168 29
169 168 167
169 168 168
169 168 169
169 168 175
169 168 176
169 168 177
169 169 19
169 169 20
169 169 21
169 169 27
169 169 28
169 169 29
169 169 167
169 169 168
169 169 169
169 169 175
169 169 176
169 169 177
169 175 19
169 175 20
169 175 21
169 175 27
169 175 28
169 175 29
169 175 167
169 175 168
169 175 169
169 175 175
169 175 176
169 175 177
169 176 19
169 176 20
169 176 21
169 176 27
169 176 28
169 176 29
169 176 167
169 176 168
169 176 169
169 176 175
169 176 176
169 176 177
169 177 19
169 177 20
169 177 21
169 177 27
169 177 28
169 177 29
169 177 167
169 177 168
169 177 169
169 177 175
169 177 176
169 177 177
175 19 19
175 19 20
175 19 21
175 19 27
175 19 28
175 19 29
175 19 167
175 19 168
175 19 169
175 19 175
175 19 176
175 19 177
175 20 19
175 20 20
175 20 21
175 20 27
175 20 28
175 20 29
175 20 167
175 20 168
175 20 169
175 20 175
175 20 176
175 20 177
175 21 19
175 21 20
175 21 21
175 21 27
175 21 28
175 21 29
175 21 167
175 21 168
175 21 169
175 21 175
175 21 176
175 21 177
175 27 19
175 27 20
175 27 21
175 27 27
175 27 28
175 27 29
175 27 167
175 27 168
175 27 169
175 27 175
175 27 176
175 27 177
175 28 19
175 28 20
175 28 21
175 28 27
175 28 28
175 28 29
175 28 167
175 28 168
175 28 169
175 28 175
175 28 176
175 28 177
175 29 19
175 29 20
175 29 21
175 29 27
175 29 28
175 29 29
175 29 167
175 29 168
175 29 169
175 29 175
175 29 176
175 29 177
175 167 19
175 167 20
175 167 21
175 167 27
175 167 28
175 167 29
175 167 167
175 167 168
175 167 169
175 167 175
175 167 176
175 167 177
175 168 19
175 168 20
175 168 21
175 168 27
175 168 28
175 168 29
175 168 167
175 168 168
175 168 169
175 168 175
175 168 176
175 168 177
175 169 19
175 169 20
175 169 21
175 169 27
175 169 28
175 169 29
175 169 167
175 169 168
175 169 169
175 169 175
175 169 176
175 169 177
175 175 19
175 175 20
175 175 21
175 175 27
175 175 28
175 175 29
175 175 167
175 175 168
175 175 169
175 175 175
175 175 176
175 175 177
175 176 19
175 176 20
175 176 21
175 176 27
175 176 28
175 176 29
175 176 167
175 176 168
175 176 169
175 176 175
175 176 176
175 176 177
175 177 19
175 177 20
175 177 21
175 177 27
175 177 28
175 177 29
175 177 167
175 177 168
175 177 169
175 177 175
175 177 176
175 177 177
176 19 19
176 19 20
176 19 21
176 19 27
176 19 28
176 19 29
176 19 167
176 19 168
176 19 169
176 19 175
176 19 176
176 19 177
176 20 19
176 20 21
176 20 27
176 20 29
176 20 167
176 20 169
176 20 175
176 20 177
176 21 19
176 21 20
176 21 21
176 21 27
176 21 28
176 21 29
176 21 167
176 21 168
176 21 169
176 21 175
176 21 176
176 21 177
176 27 19
176 27 20
176 27 21
176 27 27
176 27 28
176 27 29
176 27 167
176 27 168
176 27 169
176 27 175
176 27 176
176 27 177
176 28 19
176 28 21
176 28 27
176 28 29
176 28 167
176 28 169
176 28 175
176 28 177
176 29 19
176 29 20
176 29 21
176 29 27
176 29 28
176 29 29
176 29 167
176 29 168
176 29 169
176 29 175
176 29 176
176 29 177
176 167 19
176 167 20
176 167 21
176 167 27
176 167 28
176 167 29
176 167 167
176 167 168
176 167 169
176 167 175
176 167 176
176 167 177
176 168 19
176 168 21
176 168 27
176 168 29
176 168 167
176 168 169
176 168 175
176 168 177
176 169 19
176 169 20
176 169 21
176 169 27
176 169 28
176 169 29
176 169 167
176 169 168
176 169 169
176 169 175
176 169 176
176 169 177
176 175 19
176 175 20
176 175 21
176 175 27
176 175 28
176 175 29
176 175 167
176 175 168
176 175 169
176 175 175
176 175 176
176 175 177
176 176 19
176 176 21
176 176 27
176 176 29
176 176 167
176 176 169
176 176 175
176 176 177
176 177 19
176 177 20
176 177 21
176 177 27
176 177 28
176 177 29
176 177 167
176 177 168
176 177 169
176 177 175
176 177 176
176 177 177
177 19 19
177 19 20
177 19 21
177 19 27
177 19 28
177 19 29
177 19 167
177 19 168
177 19 169
177 19 175
177 19 176
177 19 177
177 20 19
177 20 20
177 20 21
177 20 27
177 20 28
177 20 29
177 20 167
177 20 168
177 20 169
177 20 175
177 20 176
177 20 177
177 21 19
177 21 20
177 21 21
177 21 27
177 21 28
177 21 29
177 21 167
177 21 168
177 21 169
177 21 175
177 21 176
177 21 177
177 27 19
177 27 20
177 27 21
177 27 27
177 27 28
177 27 29
177 27 167
177 27 168
177 27 169
177 27 175
177 27 176
177 27 177
177 28 19
177 28 20
177 28 21
177 28 27
177 28 28
177 28 29
177 28 167
177 28 168
177 28 169
177 28 175
177 28 176
177 28 177
177 29 19
177 29 20
177 29 21
177 29 27
177 29 28
177 29 29
177 29 167
177 29 168
177 29 169
177 29 175
177 29 176
177 29 177
177 167 19
177 167 20
177 167 21
177 167 27
177 167 28
177 167 29
177 167 167
177 167 168
177 167 169
177 167 175
177 167 176
177 167 177
177 168 19
177 168 20
177 168 21
177 168 27
177 168 28
177 168 29
177 168 167
177 168 168
177 168 169
177 168 175
177 168 176
177 168 177
177 169 19
177 169 20
177 169 21
177 169 27
177 169 28
177 169 29
177 169 167
177 169 168
177 169 169
177 169 175
177 169 176
177 169 177
177 175 19
177 175 20
177 175 21
177 175 27
177 175 28
177 175 29
177 175 167
177 175 168
177 175 169
177 175 175
177 175 176
177 175 177
177 176 19
177 176 20
177 176 21
177 176 27
177 176 28
177 176 29
177 176 167
177 176 168
177 176 169
177 176 175
177 176 176
177 176 177
177 177 19
177 177 20
177 177 21
177 177 27
177 177 28
177 177 29
177 177 167
177 177 168
177 177 169
177 177 175
177 177 176
177 177 177
