200
31 31 31
31 31 32
31 31 33
31 31 39
31 31 40
31 31 41
31 31 159
31 31 160
31 31 161
31 31 167
31 31 168
31 31 169
31 32 31
31 32 32
31 32 33
31 32 39
31 32 40
31 32 41
31 32 159
31 32 160
31 32 161
31 32 167
31 32 168
31 32 169
31 33 31
31 33 32
31 33 33
31 33 39
31 33 40
31 33 41
31 33 159
31 33 160
31 33 161
31 33 167
31 33 168
31 33 169
31 39 31
31 39 32
31 39 33
31 39 39
31 39 40
31 39 41
31 39 159
31 39 160
31 39 161
31 39 167
31 39 168
31 39 169
31 40 31
31 40 32
31 40 33
31 40 39
31 40 40
31 40 41
31 40 159
31 40 160
31 40 161
31 40 167
31 40 168
31 40 169
31 41 31
31 41 32
31 41 33
31 41 39
31 41 40
31 41 41
31 41 159
31 41 160
31 41 161
31 41 167
31 41 168
31 41 169
31 159 31
31 159 32
31 159 33
31 159 39
31 159 40
31 159 41
31 159 159
31 159 160
31 159 161
31 159 167
31 159 168
31 159 169
31 160 31
31 160 32
31 160 33
31 160 39
31 160 40
31 160 41
31 160 159
31 160 160
31 160 161
31 160 167
31 160 168
31 160 169
31 161 31
31 161 32
31 161 33
31 161 39
31 161 40
31 161 41
31 161 159
31 161 160
31 161 161
31 161 167
31 161 168
31 161 169
31 167 31
31 167 32
31 167 33
31 167 39
31 167 40
31 167 41
31 167 159
31 167 160
31 167 161
31 167 167
31 167 168
31 167 169
31 168 31
31 168 32
31 168 33
31 168 39
31 168 40
31 168 41
31 168 159
31 168 160
31 168 161
31 168 167
31 168 168
31 168 169
31 169 31
31 169 32
31 169 33
31 169 39
31 169 40
31 169 41
31 169 159
31 169 160
31 169 161
31 169 167
31 169 168
31 169 169
32 31 31
32 31 32
32 31 33
32 31 39
32 31 40
32 31 41
32 31 159
32 31 160
32 31 161
32 31 167
32 31 168
32 31 169
32 32 31
32 32 33
32 32 39
32 32 41
32 32 159
32 32 161
32 32 167
32 32 169
32 33 31
32 33 32
32 33 33
32 33 39
32 33 40
32 33 41
32 33 159
32 33 160
32 33 161
32 33 167
32 33 168
32 33 169
32 39 31
32 39 32
32 39 33
32 39 39
32 39 40
32 39 41
32 39 159
32 39 160
32 39 161
32 39 167
32 39 168
32 39 169
32 40 31
32 40 33
32 40 39
32 40 41
32 40 159
32 40 161
32 40 167
32 40 169
32 41 31
32 41 32
32 41 33
32 41 39
32 41 40
32 41 41
32 41 159
32 41 160
32 41 161
32 41 167
32 41 168
32 41 169
32 159 31
32 159 32
32 159 33
32 159 39
32 159 40
32 159 41
32 159 159
32 159 160
32 159 161
32 159 167
32 159 168
32 159 169
32 160 31
32 160 33
32 160 39
32 160 41
32 160 159
32 160 161
32 160 167
32 160 169
32 161 31
32 161 32
32 161 33
32 161 39
32 161 40
32 161 41
32 161 159
32 161 160
32 161 161
32 161 167
32 161 168
32 161 169
32 167 31
32 167 32
32 167 33
32 167 39
32 167 40
32 167 41
32 167 159
32 167 160
32 167 161
32 167 167
32 167 168
32 167 169
32 168 31
32 168 33
32 168 39
32 168 41
32 168 159
32 168 161
32 168 167
32 168 169
32 169 31
32 169 32
32 169 33
32 169 39
32 169 40
32 169 41
32 169 159
32 169 160
32 169 161
32 169 167
32 169 168
32 169 169
33 31 31
33 31 32
33 31 33
33 31 39
33 31 40
33 31 41
33 31 159
33 31 160
33 31 161
33 31 167
33 31 168
33 31 169
33 32 31
33 32 32
33 32 33
33 32 39
33 32 40
33 32 41
33 32 159
33 32 160
33 32 161
33 32 167
33 32 168
33 32 169
33 33 31
33 33 32
33 33 33
33 33 39
33 33 40
33 33 41
33 33 159
33 33 160
33 33 161
33 33 167
33 33 168
33 33 169
33 39 31
33 39 32
33 39 33
33 39 39
33 39 40
33 39 41
33 39 159
33 39 160
33 39 161
33 39 167
33 39 168
33 39 169
33 40 31
33 40 32
33 40 33
33 40 39
33 40 40
33 40 41
33 40 159
33 40 160
33 40 161
33 40 167
33 40 168
33 40 169
33 41 31
33 41 32
33 41 33
33 41 39
33 41 40
33 41 41
33 41 159
33 41 160
33 41 161
33 41 167
33 41 168
33 41 169
33 159 31
33 159 32
33 159 33
33 159 39
33 159 40
33 159 41
33 159 159
33 159 160
33 159 161
33 159 167
33 159 168
33 159 169
33 160 31
33 160 32
33 160 33
33 160 39
33 160 40
33 160 41
33 160 159
33 160 160
33 160 161
33 160 167
33 160 168
33 160 169
33 161 31
33 161 32
33 161 33
33 161 39
33 161 40
33 161 41
33 161 159
33 161 160
33 161 161
33 161 167
33 161 168
33 161 169
33 167 31
33 167 32
33 167 33
33 167 39
33 167 40
33 167 41
33 167 159
33 167 160
33 167 161
33 167 167
33 167 168
33 167 169
33 168 31
33 168 32
33 168 33
33 168 39
33 168 40
33 168 41
33 168 159
33 168 160
33 168 161
33 168 167
33 168 168
33 168 169
33 169 31
33 169 32
33 169 33
33 169 39
33 169 40
33 169 41
33 169 159
33 169 160
33 169 161
33 169 167
33 169 168
33 169 169
39 31 31
39 31 32
39 31 33
39 31 39
39 31 40
39 31 41
39 31 159
39 31 160
39 31 161
39 31 167
39 31 168
39 31 169
39 32 31
39 32 32
39 32 33
39 32 39
39 32 40
39 32 41
39 32 159
39 32 160
39 32 161
39 32 167
39 32 168
39 32 169
39 33 31
39 33 32
39 33 33
39 33 39
39 33 40
39 33 41
39 33 159
39 33 160
39 33 161
39 33 167
39 33 168
39 33 169
39 39 31
39 39 32
39 39 33
39 39 39
39 39 40
39 39 41
39 39 159
39 39 160
39 39 161
39 39 167
39 39 168
39 39 169
39 40 31
39 40 32
39 40 33
39 40 39
39 40 40
39 40 41
39 40 159
39 40 160
39 40 161
39 40 167
39 40 168
39 40 169
39 41 31
39 41 32
39 41 33
39 41 39
39 41 40
39 41 41
39 41 159
39 41 160
39 41 161
39 41 167
39 41 168
39 41 169
39 159 31
39 159 32
39 159 33
39 159 39
39 159 40
39 159 41
39 159 159
39 159 160
39 159 161
39 159 167
39 159 168
39 159 169
39 160 31
39 160 32
39 160 33
39 160 39
39 160 40
39 160 41
39 160 159
39 160 160
39 160 161
39 160 167
39 160 168
39 160 169
39 161 31
39 161 32
39 161 33
39 161 39
39 161 40
39 161 41
39 161 159
39 161 160
39 161 161
39 161 167
39 161 168
39 161 169
39 167 31
39 167 32
39 167 33
39 167 39
39 167 40
39 167 41
39 167 159
39 167 160
39 167 161
39 167 167
39 167 168
39 167 169
39 168 31
39 168 32
39 168 33
39 168 39
39 168 40
39 168 41
39 168 159
39 168 160
39 168 161
39 168 167
39 168 168
39 168 169
39 169 31
39 169 32
39 169 33
39 169 39
39 169 40
39 169 41
39 169 159
39 169 160
39 169 161
39 169 167
39 169 168
39 169 169
40 31 31
40 31 32
40 31 33
40 31 39
40 31 40
40 31 41
40 31 159
40 31 160
40 31 161
40 31 167
40 31 168
40 31 169
40 32 31
40 32 33
40 32 39
40 32 41
40 32 159
40 32 161
40 32 167
40 32 169
40 33 31
40 33 32
40 33 33
40 33 39
40 33 40
40 33 41
40 33 159
40 33 160
40 33 161
40 33 167
40 33 168
40 33 169
40 39 31
40 39 32
40 39 33
40 39 39
40 39 40
40 39 41
40 39 159
40 39 160
40 39 161
40 39 167
40 39 168
40 39 169
40 40 31
40 40 33
40 40 39
40 40 41
40 40 159
40 40 161
40 40 167
40 40 169
40 41 31
40 41 32
40 41 33
40 41 39
40 41 40
40 41 41
40 41 159
40 41 160
40 41 161
40 41 167
40 41 168
40 41 169
40 159 31
40 159 32
40 159 33
40 159 39
40 159 40
40 159 41
40 159 159
40 159 160
40 159 161
40 159 167
40 159 168
40 159 169
40 160 31
40 160 33
40 160 39
40 160 41
40 160 159
40 160 161
40 160 167
40 160 169
40 161 31
40 161 32
40 161 33
40 161 39
40 161 40
40 161 41
40 161 159
40 161 160
40 161 161
40 161 167
40 161 168
40 161 169
40 167 31
40 167 32
40 167 33
40 167 39
40 167 40
40 167 41
40 167 159
40 167 160
40 167 161
40 167 167
40 167 168
40 167 169
40 168 31
40 168 33
40 168 39
40 168 41
40 168 159
40 168 161
40 168 167
40 168 169
40 169 31
40 169 32
40 169 33
40 169 39
40 169 40
40 169 41
40 169 159
40 169 160
40 169 161
40 169 167
40 169 168
40 169 169
41 31 31
41 31 32
41 31 33
41 31 39
41 31 40
41 31 41
41 31 159
41 31 160
41 31 161
41 31 167
41 31 168
41 31 169
41 32 31
41 32 32
41 32 33
41 32 39
41 32 40
41 32 41
41 32 159
41 32 160
41 32 161
41 32 167
41 32 168
41 32 169
41 33 31
41 33 32
41 33 33
41 33 39
41 33 40
41 33 41
41 33 159
41 33 160
41 33 161
41 33 167
41 33 168
41 33 169
41 39 31
41 39 32
41 39 33
41 39 39
41 39 40
41 39 41
41 39 159
41 39 160
41 39 161
41 39 167
41 39 168
41 39 169
41 40 31
41 40 32
41 40 33
41 40 39
41 40 40
41 40 41
41 40 159
41 40 160
41 40 161
41 40 167
41 40 168
41 40 169
41 41 31
41 41 32
41 41 33
41 41 39
41 41 40
41 41 41
41 41 159
41 41 160
41 41 161
41 41 167
41 41 168
41 41 169
41 159 31
41 159 32
41 159 33
41 159 39
41 159 40
41 159 41
41 159 159
41 159 160
41 159 161
41 159 167
41 159 168
41 159 169
41 160 31
41 160 32
41 160 33
41 160 39
41 160 40
41 160 41
41 160 159
41 160 160
41 160 161
41 160 167
41 160 168
41 160 169
41 161 31
41 161 32
41 161 33
41 161 39
41 161 40
41 161 41
41 161 159
41 161 160
41 161 161
41 161 167
41 161 168
41 161 169
41 167 31
41 167 32
41 167 33
41 167 39
41 167 40
41 167 41
41 167 159
41 167 160
41 167 161
41 167 167
41 167 168
41 167 169
41 168 31
41 168 32
41 168 33
41 168 39
41 168 40
41 168 41
41 168 159
41 168 160
41 168 161
41 168 167
41 168 168
41 168 169
41 169 31
41 169 32
41 169 33
41 169 39
41 169 40
41 169 41
41 169 159
41 169 160
41 169 161
41 169 167
41 169 168
41 169 169
159 31 31
159 31 32
159 31 33
159 31 39
159 31 40
159 31 41
159 31 159
159 31 160
159 31 161
159 31 167
159 31 168
159 31 169
159 32 31
159 32 32
159 32 33
159 32 39
159 32 40
159 32 41
159 32 159
159 32 160
159 32 161
159 32 167
159 32 168
159 32 169
159 33 31
159 33 32
159 33 33
159 33 39
159 33 40
159 33 41
159 33 159
159 33 160
159 33 161
159 33 167
159 33 168
159 33 169
159 39 31
159 39 32
159 39 33
159 39 39
159 39 40
159 39 41
159 39 159
159 39 160
159 39 161
159 39 167
159 39 168
159 39 169
159 40 31
159 40 32
159 40 33
159 40 39
159 40 40
159 40 41
159 40 159
159 40 160
159 40 161
159 40 167
159 40 168
159 40 169
159 41 31
159 41 32
159 41 33
159 41 39
159 41 40
159 41 41
159 41 159
159 41 160
159 41 161
159 41 167
159 41 168
159 41 169
159 159 31
159 159 32
159 159 33
159 159 39
159 159 40
159 159 41
159 159 159
159 159 160
159 159 161
159 159 167
159 159 168
159 159 169
159 160 31
159 160 32
159 160 33
159 160 39
159 160 40
159 160 41
159 160 159
159 160 160
159 160 161
159 160 167
159 160 168
159 160 169
159 161 31
159 161 32
159 161 33
159 161 39
159 161 40
159 161 41
159 161 159
159 161 160
159 161 161
159 161 167
159 161 168
159 161 169
159 167 31
159 167 32
159 167 33
159 167 39
159 167 40
159 167 41
159 167 159
159 167 160
159 167 161
159 167 167
159 167 168
159 167 169
159 168 31
159 168 32
159 168 33
159 168 39
159 168 40
159 168 41
159 168 159
159 168 160
159 168 161
159 168 167
159 168 168
159 168 169
159 169 31
159 169 32
159 169 33
159 169 39
159 169 40
159 169 41
159 169 159
159 169 160
159 169 161
159 169 167
159 169 168
159 169 169
160 31 31
160 31 32
160 31 33
160 31 39
160 31 40
160 31 41
160 31 159
160 31 160
160 31 161
160 31 167
160 31 168
160 31 169
160 32 31
160 32 33
160 32 39
160 32 41
160 32 159
160 32 161
160 32 167
160 32 169
160 33 31
160 33 32
160 33 33
160 33 39
160 33 40
160 33 41
160 33 159
160 33 160
160 33 161
160 33 167
160 33 168
160 33 169
160 39 31
160 39 32
160 39 33
160 39 39
160 39 40
160 39 41
160 39 159
160 39 160
160 39 161
160 39 167
160 39 168
160 39 169
160 40 31
160 40 33
160 40 39
160 40 41
160 40 159
160 40 161
160 40 167
160 40 169
160 41 31
160 41 32
160 41 33
160 41 39
160 41 40
160 41 41
160 41 159
160 41 160
160 41 161
160 41 167
160 41 168
160 41 169
160 159 31
160 159 32
160 159 33
160 159 39
160 159 40
160 159 41
160 159 159
160 159 160
160 159 161
160 159 167
160 159 168
160 159 169
160 160 31
160 160 33
160 160 39
160 160 41
160 160 159
160 160 161
160 160 167
160 160 169
160 161 31
160 161 32
160 161 33
160 161 39
160 161 40
160 161 41
160 161 159
160 161 160
160 161 161
160 161 167
160 161 168
160 161 169
160 167 31
160 167 32
160 167 33
160 167 39
160 167 40
160 167 41
160 167 159
160 167 160
160 167 161
160 167 167
160 167 168
160 167 169
160 168 31
160 168 33
160 168 39
160 168 41
160 168 159
160 168 161
160 168 167
160 168 169
160 169 31
160 169 32
160 169 33
160 169 39
160 169 40
160 169 41
160 169 159
160 169 160
160 169 161
160 169 167
160 169 168
160 169 169
161 31 31
161 31 32
161 31 33
161 31 39
161 31 40
161 31 41
161 31 159
161 31 160
161 31 161
161 31 167
161 31 168
161 31 169
161 32 31
161 32 32
161 32 33
161 32 39
161 32 40
161 32 41
161 32 159
161 32 160
161 32 161
161 32 167
161 32 168
161 32 169
161 33 31
161 33 32
161 33 33
161 33 39
161 33 40
161 33 41
161 33 159
161 33 160
161 33 161
161 33 167
161 33 168
161 33 169
161 39 31
161 39 32
161 39 33
161 39 39
161 39 40
161 39 41
161 39 159
161 39 160
161 39 161
161 39 167
161 39 168
161 39 169
161 40 31
161 40 32
161 40 33
161 40 39
161 40 40
161 40 41
161 40 159
161 40 160
161 40 161
161 40 167
161 40 168
161 40 169
161 41 31
161 41 32
161 41 33
161 41 39
161 41 40
161 41 41
161 41 159
161 41 160
161 41 161
161 41 167
161 41 168
161 41 169
161 159 31
161 159 32
161 159 33
161 159 39
161 159 40
161 159 41
161 159 159
161 159 160
161 159 161
161 159 167
161 159 168
161 159 169
161 160 31
161 160 32
161 160 33
161 160 39
161 160 40
161 160 41
161 160 159
161 160 160
161 160 161
161 160 167
161 160 168
161 160 169
161 161 31
161 161 32
161 161 33
161 161 39
161 161 40
161 161 41
161 161 159
161 161 160
161 161 161
161 161 167
161 161 168
161 161 169
161 167 31
161 167 32
161 167 33
161 167 39
161 167 40
161 167 41
161 167 159
161 167 160
161 167 161
161 167 167
161 167 168
161 167 169
161 168 31
161 168 32
161 168 33
161 168 39
161 168 40
161 168 41
161 168 159
161 168 160
161 168 161
161 168 167
161 168 168
161 168 169
161 169 31
161 169 32
161 169 33
161 169 39
161 169 40
161 169 41
161 169 159
161 169 160
161 169 161
161 169 167
161 169 168
161 169 169
167 31 31
167 31 32
167 31 33
167 31 39
167 31 40
167 31 41
167 31 159
167 31 160
167 31 161
167 31 167
167 31 168
167 31 169
167 32 31
167 32 32
167 32 33
167 32 39
167 32 40
167 32 41
167 32 159
167 32 160
167 32 161
167 32 167
167 32 168
167 32 169
167 33 31
167 33 32
167 33 33
167 33 39
167 33 40
167 33 41
167 33 159
167 33 160
167 33 161
167 33 167
167 33 168
167 33 169
167 39 31
167 39 32
167 39 33
167 39 39
167 39 40
167 39 41
167 39 159
167 39 160
167 39 161
167 39 167
167 39 168
167 39 169
167 40 31
167 40 32
167 40 33
167 40 39
167 40 40
167 40 41
167 40 159
167 40 160
167 40 161
167 40 167
167 40 168
167 40 169
167 41 31
167 41 32
167 41 33
167 41 39
167 41 40
167 41 41
167 41 159
167 41 160
167 41 161
167 41 167
167 41 168
167 41 169
167 159 31
167 159 32
167 159 33
167 159 39
167 159 40
167 159 41
167 159 159
167 159 160
167 159 161
167 159 167
167 159 168
167 159 169
167 160 31
167 160 32
167 160 33
167 160 39
167 160 40
167 160 41
167 160 159
167 160 160
167 160 161
167 160 167
167 160 168
167 160 169
167 161 31
167 161 32
167 161 33
167 161 39
167 161 40
167 161 41
167 161 159
167 161 160
167 161 161
167 161 167
167 161 168
167 161 169
167 167 31
167 167 32
167 167 33
167 167 39
167 167 40
167 167 41
167 167 159
167 167 160
167 167 161
167 167 167
167 167 168
167 167 169
167 168 31
167 168 32
167 168 33
167 168 39
167 168 40
167 168 41
167 168 159
167 168 160
167 168 161
167 168 167
167 168 168
167 168 169
167 169 31
167 169 32
167 169 33
167 169 39
167 169 40
167 169 41
167 169 159
167 169 160
167 169 161
167 169 167
167 169 168
167 169 169
168 31 31
168 31 32
168 31 33
168 31 39
168 31 40
168 31 41
168 31 159
168 31 160
168 31 161
168 31 167
168 31 168
168 31 169
168 32 31
168 32 33
168 32 39
168 32 41
168 32 159
168 32 161
168 32 167
168 32 169
168 33 31
168 33 32
168 33 33
168 33 39
168 33 40
168 33 41
168 33 159
168 33 160
168 33 161
168 33 167
168 33 168
168 33 169
168 39 31
168 39 32
168 39 33
168 39 39
168 39 40
168 39 41
168 39 159
168 39 160
168 39 161
168 39 167
168 39 168
168 39 169
168 40 31
168 40 33
168 40 39
168 40 41
168 40 159
168 40 161
168 40 167
168 40 169
168 41 31
168 41 32
168 41 33
168 41 39
168 41 40
168 41 41
168 41 159
168 41 160
168 41 161
168 41 167
168 41 168
168 41 169
168 159 31
168 159 32
168 159 33
168 159 39
168 159 40
168 159 41
168 159 159
168 159 160
168 159 161
168 159 167
168 159 168
168 159 169
168 160 31
168 160 33
168 160 39
168 160 41
168 160 159
168 160 161
168 160 167
168 160 169
168 161 31
168 161 32
168 161 33
168 161 39
168 161 40
168 161 41
168 161 159
168 161 160
168 161 161
168 161 167
168 161 168
168 161 169
168 167 31
168 167 32
168 167 33
168 167 39
168 167 40
168 167 41
168 167 159
168 167 160
168 167 161
168 167 167
168 167 168
168 167 169
168 168 31
168 168 33
168 168 39
168 168 41
168 168 159
168 168 161
168 168 167
168 168 169
168 169 31
168 169 32
168 169 33
168 169 39
168 169 40
168 169 41
168 169 159
168 169 160
168 169 161
168 169 167
168 169 168
168 169 169
169 31 31
169 31 32
169 31 33
169 31 39
169 31 40
169 31 41
169 31 159
169 31 160
169 31 161
169 31 167
169 31 168
169 31 169
169 32 31
169 32 32
169 32 33
169 32 39
169 32 40
169 32 41
169 32 159
169 32 160
169 32 161
169 32 167
169 32 168
169 32 169
169 33 31
169 33 32
169 33 33
169 33 39
169 33 40
169 33 41
169 33 159
169 33 160
169 33 161
169 33 167
169 33 168
169 33 169
169 39 31
169 39 32
169 39 33
169 39 39
169 39 40
169 39 41
169 39 159
169 39 160
169 39 161
169 39 167
169 39 168
169 39 169
169 40 31
169 40 32
169 40 33
169 40 39
169 40 40
169 40 41
169 40 159
169 40 160
169 40 161
169 40 167
169 40 168
169 40 169
169 41 31
169 41 32
169 41 33
169 41 39
169 41 40
169 41 41
169 41 159
169 41 160
169 41 161
169 41 167
169 41 168
169 41 169
169 159 31
169 159 32
169 159 33
169 159 39
169 159 40
169 159 41
169 159 159
169 159 160
169 159 161
169 159 167
169 159 168
169 159 169
169 160 31
169 160 32
169 160 33
169 160 39
169 160 40
169 160 41
169 160 159
169 160 160
169 160 161
169 160 167
169 160 168
169 160 169
169 161 31
169 161 32
169 161 33
169 161 39
169 161 40
169 161 41
169 161 159
169 161 160
169 161 161
169 161 167
169 161 168
169 161 169
169 167 31
169 167 32
169 167 33
169 167 39
169 167 40
169 167 41
169 167 159
169 167 160
169 167 161
169 167 167
169 167 168
169 167 169
169 168 31
169 168 32
169 168 33
169 168 39
169 168 40
169 168 41
169 168 159
169 168 160
169 168 161
169 168 167
169 168 168
169 168 169
169 169 31
169 169 32
169 169 33
169 169 39
169 169 40
169 169 41
169 169 159
169 169 160
169 169 161
169 169 167
169 169 168
169 169 169
