200
32 32 32
32 32 40
32 32 160
32 32 168
32 40 32
32 40 40
32 40 160
32 40 168
32 160 32
32 160 40
32 160 160
32 160 168
32 168 32
32 168 40
32 168 160
32 168 168
40 32 32
40 32 40
40 32 160
40 32 168
40 40 32
40 40 40
40 40 160
40 40 168
40 160 32
40 160 40
40 160 160
40 160 168
40 168 32
40 168 40
40 168 160
40 168 168
160 32 32
160 32 40
160 32 160
160 32 168
160 40 32
160 40 40
160 40 160
160 40 168
160 160 32
160 160 40
160 160 160
160 160 168
160 168 32
160 168 40
160 168 160
160 168 168
168 32 32
168 32 40
168 32 160
168 32 168
168 40 32
168 40 40
168 40 160
168 40 168
168 160 32
168 160 40
168 160 160
168 160 168
168 168 32
168 168 40
168 168 160
168 168 168
