200
21 21 21
21 21 22
21 21 23
21 21 25
21 21 26
21 21 27
21 21 169
21 21 170
21 21 171
21 21 173
21 21 174
21 21 175
21 22 21
21 22 22
21 22 23
21 22 25
21 22 26
21 22 27
21 22 169
21 22 170
21 22 171
21 22 173
21 22 174
21 22 175
21 23 21
21 23 22
21 23 23
21 23 25
21 23 26
21 23 27
21 23 169
21 23 170
21 23 171
21 23 173
21 23 174
21 23 175
21 25 21
21 25 22
21 25 23
21 25 25
21 25 26
21 25 27
21 25 169
21 25 170
21 25 171
21 25 173
21 25 174
21 25 175
21 26 21
21 26 22
21 26 23
21 26 25
21 26 26
21 26 27
21 26 169
21 26 170
21 26 171
21 26 173
21 26 174
21 26 175
21 27 21
21 27 22
21 27 23
21 27 25
21 27 26
21 27 27
21 27 169
21 27 170
21 27 171
21 27 173
21 27 174
21 27 175
21 169 21
21 169 22
21 169 23
21 169 25
21 169 26
21 169 27
21 169 169
21 169 170
21 169 171
21 169 173
21 169 174
21 169 175
21 170 21
21 170 22
21 170 23
21 170 25
21 170 26
21 170 27
21 170 169
21 170 170
21 170 171
21 170 173
21 170 174
21 170 175
21 171 21
21 171 22
21 171 23
21 171 25
21 171 26
21 171 27
21 171 169
21 171 170
21 171 171
21 171 173
21 171 174
21 171 175
21 173 21
21 173 22
21 173 23
21 173 25
21 173 26
21 173 27
21 173 169
21 173 170
21 173 171
21 173 173
21 173 174
21 173 175
21 174 21
21 174 22
21 174 23
21 174 25
21 174 26
21 174 27
21 174 169
21 174 170
21 174 171
21 174 173
21 174 174
21 174 175
21 175 21
21 175 22
21 175 23
21 175 25
21 175 26
21 175 27
21 175 169
21 175 170
21 175 171
21 175 173
21 175 174
21 175 175
22 21 21
22 21 22
22 21 23
22 21 25
22 21 26
22 21 27
22 21 169
22 21 170
22 21 171
22 21 173
22 21 174
22 21 175
22 22 21
22 22 23
22 22 25
22 22 27
22 22 169
22 22 171
22 22 173
22 22 175
22 23 21
22 23 22
22 23 23
22 23 25
22 23 26
22 23 27
22 23 169
22 23 170
22 23 171
22 23 173
22 23 174
22 23 175
22 25 21
22 25 22
22 25 23
22 25 25
22 25 26
22 25 27
22 25 169
22 25 170
22 25 171
22 25 173
22 25 174
22 25 175
22 26 21
22 26 23
22 26 25
22 26 27
22 26 169
22 26 171
22 26 173
22 26 175
22 27 21
22 27 22
22 27 23
22 27 25
22 27 26
22 27 27
22 27 169
22 27 170
22 27 171
22 27 173
22 27 174
22 27 175
22 169 21
22 169 22
22 169 23
22 169 25
22 169 26
22 169 27
22 169 169
22 169 170
22 169 171
22 169 173
22 169 174
22 169 175
22 170 21
22 170 23
22 170 25
22 170 27
22 170 169
22 170 171
22 170 173
22 170 175
22 171 21
22 171 22
22 171 23
22 171 25
22 171 26
22 171 27
22 171 169
22 171 170
22 171 171
22 171 173
22 171 174
22 171 175
22 173 21
22 173 22
22 173 23
22 173 25
22 173 26
22 173 27
22 173 169
22 173 170
22 173 171
22 173 173
22 173 174
22 173 175
22 174 21
22 174 23
22 174 25
22 174 27
22 174 169
22 174 171
22 174 173
22 174 175
22 175 21
22 175 22
22 175 23
22 175 25
22 175 26
22 175 27
22 175 169
22 175 170
22 175 171
22 175 173
22 175 174
22 175 175
23 21 21
23 21 22
23 21 23
23 21 25
23 21 26
23 21 27
23 21 169
23 21 170
23 21 171
23 21 173
23 21 174
23 21 175
23 22 21
23 22 22
23 22 23
23 22 25
23 22 26
23 22 27
23 22 169
23 22 170
23 22 171
23 22 173
23 22 174
23 22 175
23 23 21
23 23 22
23 23 23
23 23 25
23 23 26
23 23 27
23 23 169
23 23 170
23 23 171
23 23 173
23 23 174
23 23 175
23 25 21
23 25 22
23 25 23
23 25 25
23 25 26
23 25 27
23 25 169
23 25 170
23 25 171
23 25 173
23 25 174
23 25 175
23 26 21
23 26 22
23 26 23
23 26 25
23 26 26
23 26 27
23 26 169
23 26 170
23 26 171
23 26 173
23 26 174
23 26 175
23 27 21
23 27 22
23 27 23
23 27 25
23 27 26
23 27 27
23 27 169
23 27 170
23 27 171
23 27 173
23 27 174
23 27 175
23 169 21
23 169 22
23 169 23
23 169 25
23 169 26
23 169 27
23 169 169
23 169 170
23 169 171
23 169 173
23 169 174
23 169 175
23 170 21
23 170 22
23 170 23
23 170 25
23 170 26
23 170 27
23 170 169
23 170 170
23 170 171
23 170 173
23 170 174
23 170 175
23 171 21
23 171 22
23 171 23
23 171 25
23 171 26
23 171 27
23 171 169
23 171 170
23 171 171
23 171 173
23 171 174
23 171 175
23 173 21
23 173 22
23 173 23
23 173 25
23 173 26
23 173 27
23 173 169
23 173 170
23 173 171
23 173 173
23 173 174
23 173 175
23 174 21
23 174 22
23 174 23
23 174 25
23 174 26
23 174 27
23 174 169
23 174 170
23 174 171
23 174 173
23 174 174
23 174 175
23 175 21
23 175 22
23 175 23
23 175 25
23 175 26
23 175 27
23 175 169
23 175 170
23 175 171
23 175 173
23 175 174
23 175 175
25 21 21
25 21 22
25 21 23
25 21 25
25 21 26
25 21 27
25 21 169
25 21 170
25 21 171
25 21 173
25 21 174
25 21 175
25 22 21
25 22 22
25 22 23
25 22 25
25 22 26
25 22 27
25 22 169
25 22 170
25 22 171
25 22 173
25 22 174
25 22 175
25 23 21
25 23 22
25 23 23
25 23 25
25 23 26
25 23 27
25 23 169
25 23 170
25 23 171
25 23 173
25 23 174
25 23 175
25 25 21
25 25 22
25 25 23
25 25 25
25 25 26
25 25 27
25 25 169
25 25 170
25 25 171
25 25 173
25 25 174
25 25 175
25 26 21
25 26 22
25 26 23
25 26 25
25 26 26
25 26 27
25 26 169
25 26 170
25 26 171
25 26 173
25 26 174
25 26 175
25 27 21
25 27 22
25 27 23
25 27 25
25 27 26
25 27 27
25 27 169
25 27 170
25 27 171
25 27 173
25 27 174
25 27 175
25 169 21
25 169 22
25 169 23
25 169 25
25 169 26
25 169 27
25 169 169
25 169 170
25 169 171
25 169 173
25 169 174
25 169 175
25 170 21
25 170 22
25 170 23
25 170 25
25 170 26
25 170 27
25 170 169
25 170 170
25 170 171
25 170 173
25 170 174
25 170 175
25 171 21
25 171 22
25 171 23
25 171 25
25 171 26
25 171 27
25 171 169
25 171 170
25 171 171
25 171 173
25 171 174
25 171 175
25 173 21
25 173 22
25 173 23
25 173 25
25 173 26
25 173 27
25 173 169
25 173 170
25 173 171
25 173 173
25 173 174
25 173 175
25 174 21
25 174 22
25 174 23
25 174 25
25 174 26
25 174 27
25 174 169
25 174 170
25 174 171
25 174 173
25 174 174
25 174 175
25 175 21
25 175 22
25 175 23
25 175 25
25 175 26
25 175 27
25 175 169
25 175 170
25 175 171
25 175 173
25 175 174
25 175 175
26 21 21
26 21 22
26 21 23
26 21 25
26 21 26
26 21 27
26 21 169
26 21 170
26 21 171
26 21 173
26 21 174
26 21 175
26 22 21
26 22 23
26 22 25
26 22 27
26 22 169
26 22 171
26 22 173
26 22 175
26 23 21
26 23 22
26 23 23
26 23 25
26 23 26
26 23 27
26 23 169
26 23 170
26 23 171
26 23 173
26 23 174
26 23 175
26 25 21
26 25 22
26 25 23
26 25 25
26 25 26
26 25 27
26 25 169
26 25 170
26 25 171
26 25 173
26 25 174
26 25 175
26 26 21
26 26 23
26 26 25
26 26 27
26 26 169
26 26 171
26 26 173
26 26 175
26 27 21
26 27 22
26 27 23
26 27 25
26 27 26
26 27 27
26 27 169
26 27 170
26 27 171
26 27 173
26 27 174
26 27 175
26 169 21
26 169 22
26 169 23
26 169 25
26 169 26
26 169 27
26 169 169
26 169 170
26 169 171
26 169 173
26 169 174
26 169 175
26 170 21
26 170 23
26 170 25
26 170 27
26 170 169
26 170 171
26 170 173
26 170 175
26 171 21
26 171 22
26 171 23
26 171 25
26 171 26
26 171 27
26 171 169
26 171 170
26 171 171
26 171 173
26 171 174
26 171 175
26 173 21
26 173 22
26 173 23
26 173 25
26 173 26
26 173 27
26 173 169
26 173 170
26 173 171
26 173 173
26 173 174
26 173 175
26 174 21
26 174 23
26 174 25
26 174 27
26 174 169
26 174 171
26 174 173
26 174 175
26 175 21
26 175 22
26 175 23
26 175 25
26 175 26
26 175 27
26 175 169
26 175 170
26 175 171
26 175 173
26 175 174
26 175 175
27 21 21
27 21 22
27 21 23
27 21 25
27 21 26
27 21 27
27 21 169
27 21 170
27 21 171
27 21 173
27 21 174
27 21 175
27 22 21
27 22 22
27 22 23
27 22 25
27 22 26
27 22 27
27 22 169
27 22 170
27 22 171
27 22 173
27 22 174
27 22 175
27 23 21
27 23 22
27 23 23
27 23 25
27 23 26
27 23 27
27 23 169
27 23 170
27 23 171
27 23 173
27 23 174
27 23 175
27 25 21
27 25 22
27 25 23
27 25 25
27 25 26
27 25 27
27 25 169
27 25 170
27 25 171
27 25 173
27 25 174
27 25 175
27 26 21
27 26 22
27 26 23
27 26 25
27 26 26
27 26 27
27 26 169
27 26 170
27 26 171
27 26 173
27 26 174
27 26 175
27 27 21
27 27 22
27 27 23
27 27 25
27 27 26
27 27 27
27 27 169
27 27 170
27 27 171
27 27 173
27 27 174
27 27 175
27 169 21
27 169 22
27 169 23
27 169 25
27 169 26
27 169 27
27 169 169
27 169 170
27 169 171
27 169 173
27 169 174
27 169 175
27 170 21
27 170 22
27 170 23
27 170 25
27 170 26
27 170 27
27 170 169
27 170 170
27 170 171
27 170 173
27 170 174
27 170 175
27 171 21
27 171 22
27 171 23
27 171 25
27 171 26
27 171 27
27 171 169
27 171 170
27 171 171
27 171 173
27 171 174
27 171 175
27 173 21
27 173 22
27 173 23
27 173 25
27 173 26
27 173 27
27 173 169
27 173 170
27 173 171
27 173 173
27 173 174
27 173 175
27 174 21
27 174 22
27 174 23
27 174 25
27 174 26
27 174 27
27 174 169
27 174 170
27 174 171
27 174 173
27 174 174
27 174 175
27 175 21
27 175 22
27 175 23
27 175 25
27 175 26
27 175 27
27 175 169
27 175 170
27 175 171
27 175 173
27 175 174
27 175 175
169 21 21
169 21 22
169 21 23
169 21 25
169 21 26
169 21 27
169 21 169
169 21 170
169 21 171
169 21 173
169 21 174
169 21 175
169 22 21
169 22 22
169 22 23
169 22 25
169 22 26
169 22 27
169 22 169
169 22 170
169 22 171
169 22 173
169 22 174
169 22 175
169 23 21
169 23 22
169 23 23
169 23 25
169 23 26
169 23 27
169 23 169
169 23 170
169 23 171
169 23 173
169 23 174
169 23 175
169 25 21
169 25 22
169 25 23
169 25 25
169 25 26
169 25 27
169 25 169
169 25 170
169 25 171
169 25 173
169 25 174
169 25 175
169 26 21
169 26 22
169 26 23
169 26 25
169 26 26
169 26 27
169 26 169
169 26 170
169 26 171
169 26 173
169 26 174
169 26 175
169 27 21
169 27 22
169 27 23
169 27 25
169 27 26
169 27 27
169 27 169
169 27 170
169 27 171
169 27 173
169 27 174
169 27 175
169 169 21
169 169 22
169 169 23
169 169 25
169 169 26
169 169 27
169 169 169
169 169 170
169 169 171
169 169 173
169 169 174
169 169 175
169 170 21
169 170 22
169 170 23
169 170 25
169 170 26
169 170 27
169 170 169
169 170 170
169 170 171
169 170 173
169 170 174
169 170 175
169 171 21
169 171 22
169 171 23
169 171 25
169 171 26
169 171 27
169 171 169
169 171 170
169 171 171
169 171 173
169 171 174
169 171 175
169 173 21
169 173 22
169 173 23
169 173 25
169 173 26
169 173 27
169 173 169
169 173 170
169 173 171
169 173 173
169 173 174
169 173 175
169 174 21
169 174 22
169 174 23
169 174 25
169 174 26
169 174 27
169 174 169
169 174 170
169 174 171
169 174 173
169 174 174
169 174 175
169 175 21
169 175 22
169 175 23
169 175 25
169 175 26
169 175 27
169 175 169
169 175 170
169 175 171
169 175 173
169 175 174
169 175 175
170 21 21
170 21 22
170 21 23
170 21 25
170 21 26
170 21 27
170 21 169
170 21 170
170 21 171
170 21 173
170 21 174
170 21 175
170 22 21
170 22 23
170 22 25
170 22 27
170 22 169
170 22 171
170 22 173
170 22 175
170 23 21
170 23 22
170 23 23
170 23 25
170 23 26
170 23 27
170 23 169
170 23 170
170 23 171
170 23 173
170 23 174
170 23 175
170 25 21
170 25 22
170 25 23
170 25 25
170 25 26
170 25 27
170 25 169
170 25 170
170 25 171
170 25 173
170 25 174
170 25 175
170 26 21
170 26 23
170 26 25
170 26 27
170 26 169
170 26 171
170 26 173
170 26 175
170 27 21
170 27 22
170 27 23
170 27 25
170 27 26
170 27 27
170 27 169
170 27 170
170 27 171
170 27 173
170 27 174
170 27 175
170 169 21
170 169 22
170 169 23
170 169 25
170 169 26
170 169 27
170 169 169
170 169 170
170 169 171
170 169 173
170 169 174
170 169 175
170 170 21
170 170 23
170 170 25
170 170 27
170 170 169
170 170 171
170 170 173
170 170 175
170 171 21
170 171 22
170 171 23
170 171 25
170 171 26
170 171 27
170 171 169
170 171 170
170 171 171
170 171 173
170 171 174
170 171 175
170 173 21
170 173 22
170 173 23
170 173 25
170 173 26
170 173 27
170 173 169
170 173 170
170 173 171
170 173 173
170 173 174
170 173 175
170 174 21
170 174 23
170 174 25
170 174 27
170 174 169
170 174 171
170 174 173
170 174 175
170 175 21
170 175 22
170 175 23
170 175 25
170 175 26
170 175 27
170 175 169
170 175 170
170 175 171
170 175 173
170 175 174
170 175 175
171 21 21
171 21 22
171 21 23
171 21 25
171 21 26
171 21 27
171 21 169
171 21 170
171 21 171
171 21 173
171 21 174
171 21 175
171 22 21
171 22 22
171 22 23
171 22 25
171 22 26
171 22 27
171 22 169
171 22 170
171 22 171
171 22 173
171 22 174
171 22 175
171 23 21
171 23 22
171 23 23
171 23 25
171 23 26
171 23 27
171 23 169
171 23 170
171 23 171
171 23 173
171 23 174
171 23 175
171 25 21
171 25 22
171 25 23
171 25 25
171 25 26
171 25 27
171 25 169
171 25 170
171 25 171
171 25 173
171 25 174
171 25 175
171 26 21
171 26 22
171 26 23
171 26 25
171 26 26
171 26 27
171 26 169
171 26 170
171 26 171
171 26 173
171 26 174
171 26 175
171 27 21
171 27 22
171 27 23
171 27 25
171 27 26
171 27 27
171 27 169
171 27 170
171 27 171
171 27 173
171 27 174
171 27 175
171 169 21
171 169 22
171 169 23
171 169 25
171 169 26
171 169 27
171 169 169
171 169 170
171 169 171
171 169 173
171 169 174
171 169 175
171 170 21
171 170 22
171 170 23
171 170 25
171 170 26
171 170 27
171 170 169
171 170 170
171 170 171
171 170 173
171 170 174
171 170 175
171 171 21
171 171 22
171 171 23
171 171 25
171 171 26
171 171 27
171 171 169
171 171 170
171 171 171
171 171 173
171 171 174
171 171 175
171 173 21
171 173 22
171 173 23
171 173 25
171 173 26
171 173 27
171 173 169
171 173 170
171 173 171
171 173 173
171 173 174
171 173 175
171 174 21
171 174 22
171 174 23
171 174 25
171 174 26
171 174 27
171 174 169
171 174 170
171 174 171
171 174 173
171 174 174
171 174 175
171 175 21
171 175 22
171 175 23
171 175 25
171 175 26
171 175 27
171 175 169
171 175 170
171 175 171
171 175 173
171 175 174
171 175 175
173 21 21
173 21 22
173 21 23
173 21 25
173 21 26
173 21 27
173 21 169
173 21 170
173 21 171
173 21 173
173 21 174
173 21 175
173 22 21
173 22 22
173 22 23
173 22 25
173 22 26
173 22 27
173 22 169
173 22 170
173 22 171
173 22 173
173 22 174
173 22 175
173 23 21
173 23 22
173 23 23
173 23 25
173 23 26
173 23 27
173 23 169
173 23 170
173 23 171
173 23 173
173 23 174
173 23 175
173 25 21
173 25 22
173 25 23
173 25 25
173 25 26
173 25 27
173 25 169
173 25 170
173 25 171
173 25 173
173 25 174
173 25 175
173 26 21
173 26 22
173 26 23
173 26 25
173 26 26
173 26 27
173 26 169
173 26 170
173 26 171
173 26 173
173 26 174
173 26 175
173 27 21
173 27 22
173 27 23
173 27 25
173 27 26
173 27 27
173 27 169
173 27 170
173 27 171
173 27 173
173 27 174
173 27 175
173 169 21
173 169 22
173 169 23
173 169 25
173 169 26
173 169 27
173 169 169
173 169 170
173 169 171
173 169 173
173 169 174
173 169 175
173 170 21
173 170 22
173 170 23
173 170 25
173 170 26
173 170 27
173 170 169
173 170 170
173 170 171
173 170 173
173 170 174
173 170 175
173 171 21
173 171 22
173 171 23
173 171 25
173 171 26
173 171 27
173 171 169
173 171 170
173 171 171
173 171 173
173 171 174
173 171 175
173 173 21
173 173 22
173 173 23
173 173 25
173 173 26
173 173 27
173 173 169
173 173 170
173 173 171
173 173 173
173 173 174
173 173 175
173 174 21
173 174 22
173 174 23
173 174 25
173 174 26
173 174 27
173 174 169
173 174 170
173 174 171
173 174 173
173 174 174
173 174 175
173 175 21
173 175 22
173 175 23
173 175 25
173 175 26
173 175 27
173 175 169
173 175 170
173 175 171
173 175 173
173 175 174
173 175 175
174 21 21
174 21 22
174 21 23
174 21 25
174 21 26
174 21 27
174 21 169
174 21 170
174 21 171
174 21 173
174 21 174
174 21 175
174 22 21
174 22 23
174 22 25
174 22 27
174 22 169
174 22 171
174 22 173
174 22 175
174 23 21
174 23 22
174 23 23
174 23 25
174 23 26
174 23 27
174 23 169
174 23 170
174 23 171
174 23 173
174 23 174
174 23 175
174 25 21
174 25 22
174 25 23
174 25 25
174 25 26
174 25 27
174 25 169
174 25 170
174 25 171
174 25 173
174 25 174
174 25 175
174 26 21
174 26 23
174 26 25
174 26 27
174 26 169
174 26 171
174 26 173
174 26 175
174 27 21
174 27 22
174 27 23
174 27 25
174 27 26
174 27 27
174 27 169
174 27 170
174 27 171
174 27 173
174 27 174
174 27 175
174 169 21
174 169 22
174 169 23
174 169 25
174 169 26
174 169 27
174 169 169
174 169 170
174 169 171
174 169 173
174 169 174
174 169 175
174 170 21
174 170 23
174 170 25
174 170 27
174 170 169
174 170 171
174 170 173
174 170 175
174 171 21
174 171 22
174 171 23
174 171 25
174 171 26
174 171 27
174 171 169
174 171 170
174 171 171
174 171 173
174 171 174
174 171 175
174 173 21
174 173 22
174 173 23
174 173 25
174 173 26
174 173 27
174 173 169
174 173 170
174 173 171
174 173 173
174 173 174
174 173 175
174 174 21
174 174 23
174 174 25
174 174 27
174 174 169
174 174 171
174 174 173
174 174 175
174 175 21
174 175 22
174 175 23
174 175 25
174 175 26
174 175 27
174 175 169
174 175 170
174 175 171
174 175 173
174 175 174
174 175 175
175 21 21
175 21 22
175 21 23
175 21 25
175 21 26
175 21 27
175 21 169
175 21 170
175 21 171
175 21 173
175 21 174
175 21 175
175 22 21
175 22 22
175 22 23
175 22 25
175 22 26
175 22 27
175 22 169
175 22 170
175 22 171
175 22 173
175 22 174
175 22 175
175 23 21
175 23 22
175 23 23
175 23 25
175 23 26
175 23 27
175 23 169
175 23 170
175 23 171
175 23 173
175 23 174
175 23 175
175 25 21
175 25 22
175 25 23
175 25 25
175 25 26
175 25 27
175 25 169
175 25 170
175 25 171
175 25 173
175 25 174
175 25 175
175 26 21
175 26 22
175 26 23
175 26 25
175 26 26
175 26 27
175 26 169
175 26 170
175 26 171
175 26 173
175 26 174
175 26 175
175 27 21
175 27 22
175 27 23
175 27 25
175 27 26
175 27 27
175 27 169
175 27 170
175 27 171
175 27 173
175 27 174
175 27 175
175 169 21
175 169 22
175 169 23
175 169 25
175 169 26
175 169 27
175 169 169
175 169 170
175 169 171
175 169 173
175 169 174
175 169 175
175 170 21
175 170 22
175 170 23
175 170 25
175 170 26
175 170 27
175 170 169
175 170 170
175 170 171
175 170 173
175 170 174
175 170 175
175 171 21
175 171 22
175 171 23
175 171 25
175 171 26
175 171 27
175 171 169
175 171 170
175 171 171
175 171 173
175 171 174
175 171 175
175 173 21
175 173 22
175 173 23
175 173 25
175 173 26
175 173 27
175 173 169
175 173 170
175 173 171
175 173 173
175 173 174
175 173 175
175 174 21
175 174 22
175 174 23
175 174 25
175 174 26
175 174 27
175 174 169
175 174 170
175 174 171
175 174 173
175 174 174
175 174 175
175 175 21
175 175 22
175 175 23
175 175 25
175 175 26
175 175 27
175 175 169
175 175 170
175 175 171
175 175 173
175 175 174
175 175 175
