200
8 8 8
8 8 16
8 8 24
8 8 32
8 8 40
8 8 48
8 8 56
8 8 64
8 8 136
8 8 144
8 8 152
8 8 160
8 8 168
8 8 176
8 8 184
8 8 192
8 16 8
8 16 16
8 16 24
8 16 32
8 16 40
8 16 48
8 16 56
8 16 64
8 16 136
8 16 144
8 16 152
8 16 160
8 16 168
8 16 176
8 16 184
8 16 192
8 24 8
8 24 16
8 24 24
8 24 32
8 24 40
8 24 48
8 24 56
8 24 64
8 24 136
8 24 144
8 24 152
8 24 160
8 24 168
8 24 176
8 24 184
8 24 192
8 32 8
8 32 16
8 32 24
8 32 32
8 32 40
8 32 48
8 32 56
8 32 64
8 32 136
8 32 144
8 32 152
8 32 160
8 32 168
8 32 176
8 32 184
8 32 192
8 40 8
8 40 16
8 40 24
8 40 32
8 40 40
8 40 48
8 40 56
8 40 64
8 40 136
8 40 144
8 40 152
8 40 160
8 40 168
8 40 176
8 40 184
8 40 192
8 48 8
8 48 16
8 48 24
8 48 32
8 48 40
8 48 48
8 48 56
8 48 64
8 48 136
8 48 144
8 48 152
8 48 160
8 48 168
8 48 176
8 48 184
8 48 192
8 56 8
8 56 16
8 56 24
8 56 32
8 56 40
8 56 48
8 56 56
8 56 64
8 56 136
8 56 144
8 56 152
8 56 160
8 56 168
8 56 176
8 56 184
8 56 192
8 64 8
8 64 16
8 64 24
8 64 32
8 64 40
8 64 48
8 64 56
8 64 64
8 64 136
8 64 144
8 64 152
8 64 160
8 64 168
8 64 176
8 64 184
8 64 192
8 136 8
8 136 16
8 136 24
8 136 32
8 136 40
8 136 48
8 136 56
8 136 64
8 136 136
8 136 144
8 136 152
8 136 160
8 136 168
8 136 176
8 136 184
8 136 192
8 144 8
8 144 16
8 144 24
8 144 32
8 144 40
8 144 48
8 144 56
8 144 64
8 144 136
8 144 144
8 144 152
8 144 160
8 144 168
8 144 176
8 144 184
8 144 192
8 152 8
8 152 16
8 152 24
8 152 32
8 152 40
8 152 48
8 152 56
8 152 64
8 152 136
8 152 144
8 152 152
8 152 160
8 152 168
8 152 176
8 152 184
8 152 192
8 160 8
8 160 16
8 160 24
8 160 32
8 160 40
8 160 48
8 160 56
8 160 64
8 160 136
8 160 144
8 160 152
8 160 160
8 160 168
8 160 176
8 160 184
8 160 192
8 168 8
8 168 16
8 168 24
8 168 32
8 168 40
8 168 48
8 168 56
8 168 64
8 168 136
8 168 144
8 168 152
8 168 160
8 168 168
8 168 176
8 168 184
8 168 192
8 176 8
8 176 16
8 176 24
8 176 32
8 176 40
8 176 48
8 176 56
8 176 64
8 176 136
8 176 144
8 176 152
8 176 160
8 176 168
8 176 176
8 176 184
8 176 192
8 184 8
8 184 16
8 184 24
8 184 32
8 184 40
8 184 48
8 184 56
8 184 64
8 184 136
8 184 144
8 184 152
8 184 160
8 184 168
8 184 176
8 184 184
8 184 192
8 192 8
8 192 16
8 192 24
8 192 32
8 192 40
8 192 48
8 192 56
8 192 64
8 192 136
8 192 144
8 192 152
8 192 160
8 192 168
8 192 176
8 192 184
8 192 192
16 8 8
16 8 16
16 8 24
16 8 32
16 8 40
16 8 48
16 8 56
16 8 64
16 8 136
16 8 144
16 8 152
16 8 160
16 8 168
16 8 176
16 8 184
16 8 192
16 16 8
16 16 16
16 16 24
16 16 32
16 16 40
16 16 48
16 16 56
16 16 64
16 16 136
16 16 144
16 16 152
16 16 160
16 16 168
16 16 176
16 16 184
16 16 192
16 24 8
16 24 16
16 24 24
16 24 32
16 24 40
16 24 48
16 24 56
16 24 64
16 24 136
16 24 144
16 24 152
16 24 160
16 24 168
16 24 176
16 24 184
16 24 192
16 32 8
16 32 16
16 32 24
16 32 32
16 32 40
16 32 48
16 32 56
16 32 64
16 32 136
16 32 144
16 32 152
16 32 160
16 32 168
16 32 176
16 32 184
16 32 192
16 40 8
16 40 16
16 40 24
16 40 32
16 40 40
16 40 48
16 40 56
16 40 64
16 40 136
16 40 144
16 40 152
16 40 160
16 40 168
16 40 176
16 40 184
16 40 192
16 48 8
16 48 16
16 48 24
16 48 32
16 48 40
16 48 48
16 48 56
16 48 64
16 48 136
16 48 144
16 48 152
16 48 160
16 48 168
16 48 176
16 48 184
16 48 192
16 56 8
16 56 16
16 56 24
16 56 32
16 56 40
16 56 48
16 56 56
16 56 64
16 56 136
16 56 144
16 56 152
16 56 160
16 56 168
16 56 176
16 56 184
16 56 192
16 64 8
16 64 16
16 64 24
16 64 32
16 64 40
16 64 48
16 64 56
16 64 64
16 64 136
16 64 144
16 64 152
16 64 160
16 64 168
16 64 176
16 64 184
16 64 192
16 136 8
16 136 16
16 136 24
16 136 32
16 136 40
16 136 48
16 136 56
16 136 64
16 136 136
16 136 144
16 136 152
16 136 160
16 136 168
16 136 176
16 136 184
16 136 192
16 144 8
16 144 16
16 144 24
16 144 32
16 144 40
16 144 48
16 144 56
16 144 64
16 144 136
16 144 144
16 144 152
16 144 160
16 144 168
16 144 176
16 144 184
16 144 192
16 152 8
16 152 16
16 152 24
16 152 32
16 152 40
16 152 48
16 152 56
16 152 64
16 152 136
16 152 144
16 152 152
16 152 160
16 152 168
16 152 176
16 152 184
16 152 192
16 160 8
16 160 16
16 160 24
16 160 32
16 160 40
16 160 48
16 160 56
16 160 64
16 160 136
16 160 144
16 160 152
16 160 160
16 160 168
16 160 176
16 160 184
16 160 192
16 168 8
16 168 16
16 168 24
16 168 32
16 168 40
16 168 48
16 168 56
16 168 64
16 168 136
16 168 144
16 168 152
16 168 160
16 168 168
16 168 176
16 168 184
16 168 192
16 176 8
16 176 16
16 176 24
16 176 32
16 176 40
16 176 48
16 176 56
16 176 64
16 176 136
16 176 144
16 176 152
16 176 160
16 176 168
16 176 176
16 176 184
16 176 192
16 184 8
16 184 16
16 184 24
16 184 32
16 184 40
16 184 48
16 184 56
16 184 64
16 184 136
16 184 144
16 184 152
16 184 160
16 184 168
16 184 176
16 184 184
16 184 192
16 192 8
16 192 16
16 192 24
16 192 32
16 192 40
16 192 48
16 192 56
16 192 64
16 192 136
16 192 144
16 192 152
16 192 160
16 192 168
16 192 176
16 192 184
16 192 192
24 8 8
24 8 16
24 8 24
24 8 32
24 8 40
24 8 48
24 8 56
24 8 64
24 8 136
24 8 144
24 8 152
24 8 160
24 8 168
24 8 176
24 8 184
24 8 192
24 16 8
24 16 16
24 16 24
24 16 32
24 16 40
24 16 48
24 16 56
24 16 64
24 16 136
24 16 144
24 16 152
24 16 160
24 16 168
24 16 176
24 16 184
24 16 192
24 24 8
24 24 16
24 24 24
24 24 32
24 24 40
24 24 48
24 24 56
24 24 64
24 24 136
24 24 144
24 24 152
24 24 160
24 24 168
24 24 176
24 24 184
24 24 192
24 32 8
24 32 16
24 32 24
24 32 32
24 32 40
24 32 48
24 32 56
24 32 64
24 32 136
24 32 144
24 32 152
24 32 160
24 32 168
24 32 176
24 32 184
24 32 192
24 40 8
24 40 16
24 40 24
24 40 32
24 40 40
24 40 48
24 40 56
24 40 64
24 40 136
24 40 144
24 40 152
24 40 160
24 40 168
24 40 176
24 40 184
24 40 192
24 48 8
24 48 16
24 48 24
24 48 32
24 48 40
24 48 48
24 48 56
24 48 64
24 48 136
24 48 144
24 48 152
24 48 160
24 48 168
24 48 176
24 48 184
24 48 192
24 56 8
24 56 16
24 56 24
24 56 32
24 56 40
24 56 48
24 56 56
24 56 64
24 56 136
24 56 144
24 56 152
24 56 160
24 56 168
24 56 176
24 56 184
24 56 192
24 64 8
24 64 16
24 64 24
24 64 32
24 64 40
24 64 48
24 64 56
24 64 64
24 64 136
24 64 144
24 64 152
24 64 160
24 64 168
24 64 176
24 64 184
24 64 192
24 136 8
24 136 16
24 136 24
24 136 32
24 136 40
24 136 48
24 136 56
24 136 64
24 136 136
24 136 144
24 136 152
24 136 160
24 136 168
24 136 176
24 136 184
24 136 192
24 144 8
24 144 16
24 144 24
24 144 32
24 144 40
24 144 48
24 144 56
24 144 64
24 144 136
24 144 144
24 144 152
24 144 160
24 144 168
24 144 176
24 144 184
24 144 192
24 152 8
24 152 16
24 152 24
24 152 32
24 152 40
24 152 48
24 152 56
24 152 64
24 152 136
24 152 144
24 152 152
24 152 160
24 152 168
24 152 176
24 152 184
24 152 192
24 160 8
24 160 16
24 160 24
24 160 32
24 160 40
24 160 48
24 160 56
24 160 64
24 160 136
24 160 144
24 160 152
24 160 160
24 160 168
24 160 176
24 160 184
24 160 192
24 168 8
24 168 16
24 168 24
24 168 32
24 168 40
24 168 48
24 168 56
24 168 64
24 168 136
24 168 144
24 168 152
24 168 160
24 168 168
24 168 176
24 168 184
24 168 192
24 176 8
24 176 16
24 176 24
24 176 32
24 176 40
24 176 48
24 176 56
24 176 64
24 176 136
24 176 144
24 176 152
24 176 160
24 176 168
24 176 176
24 176 184
24 176 192
24 184 8
24 184 16
24 184 24
24 184 32
24 184 40
24 184 48
24 184 56
24 184 64
24 184 136
24 184 144
24 184 152
24 184 160
24 184 168
24 184 176
24 184 184
24 184 192
24 192 8
24 192 16
24 192 24
24 192 32
24 192 40
24 192 48
24 192 56
24 192 64
24 192 136
24 192 144
24 192 152
24 192 160
24 192 168
24 192 176
24 192 184
24 192 192
32 8 8
32 8 16
32 8 24
32 8 32
32 8 40
32 8 48
32 8 56
32 8 64
32 8 136
32 8 144
32 8 152
32 8 160
32 8 168
32 8 176
32 8 184
32 8 192
32 16 8
32 16 16
32 16 24
32 16 32
32 16 40
32 16 48
32 16 56
32 16 64
32 16 136
32 16 144
32 16 152
32 16 160
32 16 168
32 16 176
32 16 184
32 16 192
32 24 8
32 24 16
32 24 24
32 24 32
32 24 40
32 24 48
32 24 56
32 24 64
32 24 136
32 24 144
32 24 152
32 24 160
32 24 168
32 24 176
32 24 184
32 24 192
32 32 8
32 32 16
32 32 24
32 32 32
32 32 40
32 32 48
32 32 56
32 32 64
32 32 136
32 32 144
32 32 152
32 32 160
32 32 168
32 32 176
32 32 184
32 32 192
32 40 8
32 40 16
32 40 24
32 40 32
32 40 40
32 40 48
32 40 56
32 40 64
32 40 136
32 40 144
32 40 152
32 40 160
32 40 168
32 40 176
32 40 184
32 40 192
32 48 8
32 48 16
32 48 24
32 48 32
32 48 40
32 48 48
32 48 56
32 48 64
32 48 136
32 48 144
32 48 152
32 48 160
32 48 168
32 48 176
32 48 184
32 48 192
32 56 8
32 56 16
32 56 24
32 56 32
32 56 40
32 56 48
32 56 56
32 56 64
32 56 136
32 56 144
32 56 152
32 56 160
32 56 168
32 56 176
32 56 184
32 56 192
32 64 8
32 64 16
32 64 24
32 64 32
32 64 40
32 64 48
32 64 56
32 64 64
32 64 136
32 64 144
32 64 152
32 64 160
32 64 168
32 64 176
32 64 184
32 64 192
32 136 8
32 136 16
32 136 24
32 136 32
32 136 40
32 136 48
32 136 56
32 136 64
32 136 136
32 136 144
32 136 152
32 136 160
32 136 168
32 136 176
32 136 184
32 136 192
32 144 8
32 144 16
32 144 24
32 144 32
32 144 40
32 144 48
32 144 56
32 144 64
32 144 136
32 144 144
32 144 152
32 144 160
32 144 168
32 144 176
32 144 184
32 144 192
32 152 8
32 152 16
32 152 24
32 152 32
32 152 40
32 152 48
32 152 56
32 152 64
32 152 136
32 152 144
32 152 152
32 152 160
32 152 168
32 152 176
32 152 184
32 152 192
32 160 8
32 160 16
32 160 24
32 160 32
32 160 40
32 160 48
32 160 56
32 160 64
32 160 136
32 160 144
32 160 152
32 160 160
32 160 168
32 160 176
32 160 184
32 160 192
32 168 8
32 168 16
32 168 24
32 168 32
32 168 40
32 168 48
32 168 56
32 168 64
32 168 136
32 168 144
32 168 152
32 168 160
32 168 168
32 168 176
32 168 184
32 168 192
32 176 8
32 176 16
32 176 24
32 176 32
32 176 40
32 176 48
32 176 56
32 176 64
32 176 136
32 176 144
32 176 152
32 176 160
32 176 168
32 176 176
32 176 184
32 176 192
32 184 8
32 184 16
32 184 24
32 184 32
32 184 40
32 184 48
32 184 56
32 184 64
32 184 136
32 184 144
32 184 152
32 184 160
32 184 168
32 184 176
32 184 184
32 184 192
32 192 8
32 192 16
32 192 24
32 192 32
32 192 40
32 192 48
32 192 56
32 192 64
32 192 136
32 192 144
32 192 152
32 192 160
32 192 168
32 192 176
32 192 184
32 192 192
40 8 8
40 8 16
40 8 24
40 8 32
40 8 40
40 8 48
40 8 56
40 8 64
40 8 136
40 8 144
40 8 152
40 8 160
40 8 168
40 8 176
40 8 184
40 8 192
40 16 8
40 16 16
40 16 24
40 16 32
40 16 40
40 16 48
40 16 56
40 16 64
40 16 136
40 16 144
40 16 152
40 16 160
40 16 168
40 16 176
40 16 184
40 16 192
40 24 8
40 24 16
40 24 24
40 24 32
40 24 40
40 24 48
40 24 56
40 24 64
40 24 136
40 24 144
40 24 152
40 24 160
40 24 168
40 24 176
40 24 184
40 24 192
40 32 8
40 32 16
40 32 24
40 32 32
40 32 40
40 32 48
40 32 56
40 32 64
40 32 136
40 32 144
40 32 152
40 32 160
40 32 168
40 32 176
40 32 184
40 32 192
40 40 8
40 40 16
40 40 24
40 40 32
40 40 40
40 40 48
40 40 56
40 40 64
40 40 136
40 40 144
40 40 152
40 40 160
40 40 168
40 40 176
40 40 184
40 40 192
40 48 8
40 48 16
40 48 24
40 48 32
40 48 40
40 48 48
40 48 56
40 48 64
40 48 136
40 48 144
40 48 152
40 48 160
40 48 168
40 48 176
40 48 184
40 48 192
40 56 8
40 56 16
40 56 24
40 56 32
40 56 40
40 56 48
40 56 56
40 56 64
40 56 136
40 56 144
40 56 152
40 56 160
40 56 168
40 56 176
40 56 184
40 56 192
40 64 8
40 64 16
40 64 24
40 64 32
40 64 40
40 64 48
40 64 56
40 64 64
40 64 136
40 64 144
40 64 152
40 64 160
40 64 168
40 64 176
40 64 184
40 64 192
40 136 8
40 136 16
40 136 24
40 136 32
40 136 40
40 136 48
40 136 56
40 136 64
40 136 136
40 136 144
40 136 152
40 136 160
40 136 168
40 136 176
40 136 184
40 136 192
40 144 8
40 144 16
40 144 24
40 144 32
40 144 40
40 144 48
40 144 56
40 144 64
40 144 136
40 144 144
40 144 152
40 144 160
40 144 168
40 144 176
40 144 184
40 144 192
40 152 8
40 152 16
40 152 24
40 152 32
40 152 40
40 152 48
40 152 56
40 152 64
40 152 136
40 152 144
40 152 152
40 152 160
40 152 168
40 152 176
40 152 184
40 152 192
40 160 8
40 160 16
40 160 24
40 160 32
40 160 40
40 160 48
40 160 56
40 160 64
40 160 136
40 160 144
40 160 152
40 160 160
40 160 168
40 160 176
40 160 184
40 160 192
40 168 8
40 168 16
40 168 24
40 168 32
40 168 40
40 168 48
40 168 56
40 168 64
40 168 136
40 168 144
40 168 152
40 168 160
40 168 168
40 168 176
40 168 184
40 168 192
40 176 8
40 176 16
40 176 24
40 176 32
40 176 40
40 176 48
40 176 56
40 176 64
40 176 136
40 176 144
40 176 152
40 176 160
40 176 168
40 176 176
40 176 184
40 176 192
40 184 8
40 184 16
40 184 24
40 184 32
40 184 40
40 184 48
40 184 56
40 184 64
40 184 136
40 184 144
40 184 152
40 184 160
40 184 168
40 184 176
40 184 184
40 184 192
40 192 8
40 192 16
40 192 24
40 192 32
40 192 40
40 192 48
40 192 56
40 192 64
40 192 136
40 192 144
40 192 152
40 192 160
40 192 168
40 192 176
40 192 184
40 192 192
48 8 8
48 8 16
48 8 24
48 8 32
48 8 40
48 8 48
48 8 56
48 8 64
48 8 136
48 8 144
48 8 152
48 8 160
48 8 168
48 8 176
48 8 184
48 8 192
48 16 8
48 16 16
48 16 24
48 16 32
48 16 40
48 16 48
48 16 56
48 16 64
48 16 136
48 16 144
48 16 152
48 16 160
48 16 168
48 16 176
48 16 184
48 16 192
48 24 8
48 24 16
48 24 24
48 24 32
48 24 40
48 24 48
48 24 56
48 24 64
48 24 136
48 24 144
48 24 152
48 24 160
48 24 168
48 24 176
48 24 184
48 24 192
48 32 8
48 32 16
48 32 24
48 32 32
48 32 40
48 32 48
48 32 56
48 32 64
48 32 136
48 32 144
48 32 152
48 32 160
48 32 168
48 32 176
48 32 184
48 32 192
48 40 8
48 40 16
48 40 24
48 40 32
48 40 40
48 40 48
48 40 56
48 40 64
48 40 136
48 40 144
48 40 152
48 40 160
48 40 168
48 40 176
48 40 184
48 40 192
48 48 8
48 48 16
48 48 24
48 48 32
48 48 40
48 48 48
48 48 56
48 48 64
48 48 136
48 48 144
48 48 152
48 48 160
48 48 168
48 48 176
48 48 184
48 48 192
48 56 8
48 56 16
48 56 24
48 56 32
48 56 40
48 56 48
48 56 56
48 56 64
48 56 136
48 56 144
48 56 152
48 56 160
48 56 168
48 56 176
48 56 184
48 56 192
48 64 8
48 64 16
48 64 24
48 64 32
48 64 40
48 64 48
48 64 56
48 64 64
48 64 136
48 64 144
48 64 152
48 64 160
48 64 168
48 64 176
48 64 184
48 64 192
48 136 8
48 136 16
48 136 24
48 136 32
48 136 40
48 136 48
48 136 56
48 136 64
48 136 136
48 136 144
48 136 152
48 136 160
48 136 168
48 136 176
48 136 184
48 136 192
48 144 8
48 144 16
48 144 24
48 144 32
48 144 40
48 144 48
48 144 56
48 144 64
48 144 136
48 144 144
48 144 152
48 144 160
48 144 168
48 144 176
48 144 184
48 144 192
48 152 8
48 152 16
48 152 24
48 152 32
48 152 40
48 152 48
48 152 56
48 152 64
48 152 136
48 152 144
48 152 152
48 152 160
48 152 168
48 152 176
48 152 184
48 152 192
48 160 8
48 160 16
48 160 24
48 160 32
48 160 40
48 160 48
48 160 56
48 160 64
48 160 136
48 160 144
48 160 152
48 160 160
48 160 168
48 160 176
48 160 184
48 160 192
48 168 8
48 168 16
48 168 24
48 168 32
48 168 40
48 168 48
48 168 56
48 168 64
48 168 136
48 168 144
48 168 152
48 168 160
48 168 168
48 168 176
48 168 184
48 168 192
48 176 8
48 176 16
48 176 24
48 176 32
48 176 40
48 176 48
48 176 56
48 176 64
48 176 136
48 176 144
48 176 152
48 176 160
48 176 168
48 176 176
48 176 184
48 176 192
48 184 8
48 184 16
48 184 24
48 184 32
48 184 40
48 184 48
48 184 56
48 184 64
48 184 136
48 184 144
48 184 152
48 184 160
48 184 168
48 184 176
48 184 184
48 184 192
48 192 8
48 192 16
48 192 24
48 192 32
48 192 40
48 192 48
48 192 56
48 192 64
48 192 136
48 192 144
48 192 152
48 192 160
48 192 168
48 192 176
48 192 184
48 192 192
56 8 8
56 8 16
56 8 24
56 8 32
56 8 40
56 8 48
56 8 56
56 8 64
56 8 136
56 8 144
56 8 152
56 8 160
56 8 168
56 8 176
56 8 184
56 8 192
56 16 8
56 16 16
56 16 24
56 16 32
56 16 40
56 16 48
56 16 56
56 16 64
56 16 136
56 16 144
56 16 152
56 16 160
56 16 168
56 16 176
56 16 184
56 16 192
56 24 8
56 24 16
56 24 24
56 24 32
56 24 40
56 24 48
56 24 56
56 24 64
56 24 136
56 24 144
56 24 152
56 24 160
56 24 168
56 24 176
56 24 184
56 24 192
56 32 8
56 32 16
56 32 24
56 32 32
56 32 40
56 32 48
56 32 56
56 32 64
56 32 136
56 32 144
56 32 152
56 32 160
56 32 168
56 32 176
56 32 184
56 32 192
56 40 8
56 40 16
56 40 24
56 40 32
56 40 40
56 40 48
56 40 56
56 40 64
56 40 136
56 40 144
56 40 152
56 40 160
56 40 168
56 40 176
56 40 184
56 40 192
56 48 8
56 48 16
56 48 24
56 48 32
56 48 40
56 48 48
56 48 56
56 48 64
56 48 136
56 48 144
56 48 152
56 48 160
56 48 168
56 48 176
56 48 184
56 48 192
56 56 8
56 56 16
56 56 24
56 56 32
56 56 40
56 56 48
56 56 56
56 56 64
56 56 136
56 56 144
56 56 152
56 56 160
56 56 168
56 56 176
56 56 184
56 56 192
56 64 8
56 64 16
56 64 24
56 64 32
56 64 40
56 64 48
56 64 56
56 64 64
56 64 136
56 64 144
56 64 152
56 64 160
56 64 168
56 64 176
56 64 184
56 64 192
56 136 8
56 136 16
56 136 24
56 136 32
56 136 40
56 136 48
56 136 56
56 136 64
56 136 136
56 136 144
56 136 152
56 136 160
56 136 168
56 136 176
56 136 184
56 136 192
56 144 8
56 144 16
56 144 24
56 144 32
56 144 40
56 144 48
56 144 56
56 144 64
56 144 136
56 144 144
56 144 152
56 144 160
56 144 168
56 144 176
56 144 184
56 144 192
56 152 8
56 152 16
56 152 24
56 152 32
56 152 40
56 152 48
56 152 56
56 152 64
56 152 136
56 152 144
56 152 152
56 152 160
56 152 168
56 152 176
56 152 184
56 152 192
56 160 8
56 160 16
56 160 24
56 160 32
56 160 40
56 160 48
56 160 56
56 160 64
56 160 136
56 160 144
56 160 152
56 160 160
56 160 168
56 160 176
56 160 184
56 160 192
56 168 8
56 168 16
56 168 24
56 168 32
56 168 40
56 168 48
56 168 56
56 168 64
56 168 136
56 168 144
56 168 152
56 168 160
56 168 168
56 168 176
56 168 184
56 168 192
56 176 8
56 176 16
56 176 24
56 176 32
56 176 40
56 176 48
56 176 56
56 176 64
56 176 136
56 176 144
56 176 152
56 176 160
56 176 168
56 176 176
56 176 184
56 176 192
56 184 8
56 184 16
56 184 24
56 184 32
56 184 40
56 184 48
56 184 56
56 184 64
56 184 136
56 184 144
56 184 152
56 184 160
56 184 168
56 184 176
56 184 184
56 184 192
56 192 8
56 192 16
56 192 24
56 192 32
56 192 40
56 192 48
56 192 56
56 192 64
56 192 136
56 192 144
56 192 152
56 192 160
56 192 168
56 192 176
56 192 184
56 192 192
64 8 8
64 8 16
64 8 24
64 8 32
64 8 40
64 8 48
64 8 56
64 8 64
64 8 136
64 8 144
64 8 152
64 8 160
64 8 168
64 8 176
64 8 184
64 8 192
64 16 8
64 16 16
64 16 24
64 16 32
64 16 40
64 16 48
64 16 56
64 16 64
64 16 136
64 16 144
64 16 152
64 16 160
64 16 168
64 16 176
64 16 184
64 16 192
64 24 8
64 24 16
64 24 24
64 24 32
64 24 40
64 24 48
64 24 56
64 24 64
64 24 136
64 24 144
64 24 152
64 24 160
64 24 168
64 24 176
64 24 184
64 24 192
64 32 8
64 32 16
64 32 24
64 32 32
64 32 40
64 32 48
64 32 56
64 32 64
64 32 136
64 32 144
64 32 152
64 32 160
64 32 168
64 32 176
64 32 184
64 32 192
64 40 8
64 40 16
64 40 24
64 40 32
64 40 40
64 40 48
64 40 56
64 40 64
64 40 136
64 40 144
64 40 152
64 40 160
64 40 168
64 40 176
64 40 184
64 40 192
64 48 8
64 48 16
64 48 24
64 48 32
64 48 40
64 48 48
64 48 56
64 48 64
64 48 136
64 48 144
64 48 152
64 48 160
64 48 168
64 48 176
64 48 184
64 48 192
64 56 8
64 56 16
64 56 24
64 56 32
64 56 40
64 56 48
64 56 56
64 56 64
64 56 136
64 56 144
64 56 152
64 56 160
64 56 168
64 56 176
64 56 184
64 56 192
64 64 8
64 64 16
64 64 24
64 64 32
64 64 40
64 64 48
64 64 56
64 64 64
64 64 136
64 64 144
64 64 152
64 64 160
64 64 168
64 64 176
64 64 184
64 64 192
64 136 8
64 136 16
64 136 24
64 136 32
64 136 40
64 136 48
64 136 56
64 136 64
64 136 136
64 136 144
64 136 152
64 136 160
64 136 168
64 136 176
64 136 184
64 136 192
64 144 8
64 144 16
64 144 24
64 144 32
64 144 40
64 144 48
64 144 56
64 144 64
64 144 136
64 144 144
64 144 152
64 144 160
64 144 168
64 144 176
64 144 184
64 144 192
64 152 8
64 152 16
64 152 24
64 152 32
64 152 40
64 152 48
64 152 56
64 152 64
64 152 136
64 152 144
64 152 152
64 152 160
64 152 168
64 152 176
64 152 184
64 152 192
64 160 8
64 160 16
64 160 24
64 160 32
64 160 40
64 160 48
64 160 56
64 160 64
64 160 136
64 160 144
64 160 152
64 160 160
64 160 168
64 160 176
64 160 184
64 160 192
64 168 8
64 168 16
64 168 24
64 168 32
64 168 40
64 168 48
64 168 56
64 168 64
64 168 136
64 168 144
64 168 152
64 168 160
64 168 168
64 168 176
64 168 184
64 168 192
64 176 8
64 176 16
64 176 24
64 176 32
64 176 40
64 176 48
64 176 56
64 176 64
64 176 136
64 176 144
64 176 152
64 176 160
64 176 168
64 176 176
64 176 184
64 176 192
64 184 8
64 184 16
64 184 24
64 184 32
64 184 40
64 184 48
64 184 56
64 184 64
64 184 136
64 184 144
64 184 152
64 184 160
64 184 168
64 184 176
64 184 184
64 184 192
64 192 8
64 192 16
64 192 24
64 192 32
64 192 40
64 192 48
64 192 56
64 192 64
64 192 136
64 192 144
64 192 152
64 192 160
64 192 168
64 192 176
64 192 184
64 192 192
136 8 8
136 8 16
136 8 24
136 8 32
136 8 40
136 8 48
136 8 56
136 8 64
136 8 136
136 8 144
136 8 152
136 8 160
136 8 168
136 8 176
136 8 184
136 8 192
136 16 8
136 16 16
136 16 24
136 16 32
136 16 40
136 16 48
136 16 56
136 16 64
136 16 136
136 16 144
136 16 152
136 16 160
136 16 168
136 16 176
136 16 184
136 16 192
136 24 8
136 24 16
136 24 24
136 24 32
136 24 40
136 24 48
136 24 56
136 24 64
136 24 136
136 24 144
136 24 152
136 24 160
136 24 168
136 24 176
136 24 184
136 24 192
136 32 8
136 32 16
136 32 24
136 32 32
136 32 40
136 32 48
136 32 56
136 32 64
136 32 136
136 32 144
136 32 152
136 32 160
136 32 168
136 32 176
136 32 184
136 32 192
136 40 8
136 40 16
136 40 24
136 40 32
136 40 40
136 40 48
136 40 56
136 40 64
136 40 136
136 40 144
136 40 152
136 40 160
136 40 168
136 40 176
136 40 184
136 40 192
136 48 8
136 48 16
136 48 24
136 48 32
136 48 40
136 48 48
136 48 56
136 48 64
136 48 136
136 48 144
136 48 152
136 48 160
136 48 168
136 48 176
136 48 184
136 48 192
136 56 8
136 56 16
136 56 24
136 56 32
136 56 40
136 56 48
136 56 56
136 56 64
136 56 136
136 56 144
136 56 152
136 56 160
136 56 168
136 56 176
136 56 184
136 56 192
136 64 8
136 64 16
136 64 24
136 64 32
136 64 40
136 64 48
136 64 56
136 64 64
136 64 136
136 64 144
136 64 152
136 64 160
136 64 168
136 64 176
136 64 184
136 64 192
136 136 8
136 136 16
136 136 24
136 136 32
136 136 40
136 136 48
136 136 56
136 136 64
136 136 136
136 136 144
136 136 152
136 136 160
136 136 168
136 136 176
136 136 184
136 136 192
136 144 8
136 144 16
136 144 24
136 144 32
136 144 40
136 144 48
136 144 56
136 144 64
136 144 136
136 144 144
136 144 152
136 144 160
136 144 168
136 144 176
136 144 184
136 144 192
136 152 8
136 152 16
136 152 24
136 152 32
136 152 40
136 152 48
136 152 56
136 152 64
136 152 136
136 152 144
136 152 152
136 152 160
136 152 168
136 152 176
136 152 184
136 152 192
136 160 8
136 160 16
136 160 24
136 160 32
136 160 40
136 160 48
136 160 56
136 160 64
136 160 136
136 160 144
136 160 152
136 160 160
136 160 168
136 160 176
136 160 184
136 160 192
136 168 8
136 168 16
136 168 24
136 168 32
136 168 40
136 168 48
136 168 56
136 168 64
136 168 136
136 168 144
136 168 152
136 168 160
136 168 168
136 168 176
136 168 184
136 168 192
136 176 8
136 176 16
136 176 24
136 176 32
136 176 40
136 176 48
136 176 56
136 176 64
136 176 136
136 176 144
136 176 152
136 176 160
136 176 168
136 176 176
136 176 184
136 176 192
136 184 8
136 184 16
136 184 24
136 184 32
136 184 40
136 184 48
136 184 56
136 184 64
136 184 136
136 184 144
136 184 152
136 184 160
136 184 168
136 184 176
136 184 184
136 184 192
136 192 8
136 192 16
136 192 24
136 192 32
136 192 40
136 192 48
136 192 56
136 192 64
136 192 136
136 192 144
136 192 152
136 192 160
136 192 168
136 192 176
136 192 184
136 192 192
144 8 8
144 8 16
144 8 24
144 8 32
144 8 40
144 8 48
144 8 56
144 8 64
144 8 136
144 8 144
144 8 152
144 8 160
144 8 168
144 8 176
144 8 184
144 8 192
144 16 8
144 16 16
144 16 24
144 16 32
144 16 40
144 16 48
144 16 56
144 16 64
144 16 136
144 16 144
144 16 152
144 16 160
144 16 168
144 16 176
144 16 184
144 16 192
144 24 8
144 24 16
144 24 24
144 24 32
144 24 40
144 24 48
144 24 56
144 24 64
144 24 136
144 24 144
144 24 152
144 24 160
144 24 168
144 24 176
144 24 184
144 24 192
144 32 8
144 32 16
144 32 24
144 32 32
144 32 40
144 32 48
144 32 56
144 32 64
144 32 136
144 32 144
144 32 152
144 32 160
144 32 168
144 32 176
144 32 184
144 32 192
144 40 8
144 40 16
144 40 24
144 40 32
144 40 40
144 40 48
144 40 56
144 40 64
144 40 136
144 40 144
144 40 152
144 40 160
144 40 168
144 40 176
144 40 184
144 40 192
144 48 8
144 48 16
144 48 24
144 48 32
144 48 40
144 48 48
144 48 56
144 48 64
144 48 136
144 48 144
144 48 152
144 48 160
144 48 168
144 48 176
144 48 184
144 48 192
144 56 8
144 56 16
144 56 24
144 56 32
144 56 40
144 56 48
144 56 56
144 56 64
144 56 136
144 56 144
144 56 152
144 56 160
144 56 168
144 56 176
144 56 184
144 56 192
144 64 8
144 64 16
144 64 24
144 64 32
144 64 40
144 64 48
144 64 56
144 64 64
144 64 136
144 64 144
144 64 152
144 64 160
144 64 168
144 64 176
144 64 184
144 64 192
144 136 8
144 136 16
144 136 24
144 136 32
144 136 40
144 136 48
144 136 56
144 136 64
144 136 136
144 136 144
144 136 152
144 136 160
144 136 168
144 136 176
144 136 184
144 136 192
144 144 8
144 144 16
144 144 24
144 144 32
144 144 40
144 144 48
144 144 56
144 144 64
144 144 136
144 144 144
144 144 152
144 144 160
144 144 168
144 144 176
144 144 184
144 144 192
144 152 8
144 152 16
144 152 24
144 152 32
144 152 40
144 152 48
144 152 56
144 152 64
144 152 136
144 152 144
144 152 152
144 152 160
144 152 168
144 152 176
144 152 184
144 152 192
144 160 8
144 160 16
144 160 24
144 160 32
144 160 40
144 160 48
144 160 56
144 160 64
144 160 136
144 160 144
144 160 152
144 160 160
144 160 168
144 160 176
144 160 184
144 160 192
144 168 8
144 168 16
144 168 24
144 168 32
144 168 40
144 168 48
144 168 56
144 168 64
144 168 136
144 168 144
144 168 152
144 168 160
144 168 168
144 168 176
144 168 184
144 168 192
144 176 8
144 176 16
144 176 24
144 176 32
144 176 40
144 176 48
144 176 56
144 176 64
144 176 136
144 176 144
144 176 152
144 176 160
144 176 168
144 176 176
144 176 184
144 176 192
144 184 8
144 184 16
144 184 24
144 184 32
144 184 40
144 184 48
144 184 56
144 184 64
144 184 136
144 184 144
144 184 152
144 184 160
144 184 168
144 184 176
144 184 184
144 184 192
144 192 8
144 192 16
144 192 24
144 192 32
144 192 40
144 192 48
144 192 56
144 192 64
144 192 136
144 192 144
144 192 152
144 192 160
144 192 168
144 192 176
144 192 184
144 192 192
152 8 8
152 8 16
152 8 24
152 8 32
152 8 40
152 8 48
152 8 56
152 8 64
152 8 136
152 8 144
152 8 152
152 8 160
152 8 168
152 8 176
152 8 184
152 8 192
152 16 8
152 16 16
152 16 24
152 16 32
152 16 40
152 16 48
152 16 56
152 16 64
152 16 136
152 16 144
152 16 152
152 16 160
152 16 168
152 16 176
152 16 184
152 16 192
152 24 8
152 24 16
152 24 24
152 24 32
152 24 40
152 24 48
152 24 56
152 24 64
152 24 136
152 24 144
152 24 152
152 24 160
152 24 168
152 24 176
152 24 184
152 24 192
152 32 8
152 32 16
152 32 24
152 32 32
152 32 40
152 32 48
152 32 56
152 32 64
152 32 136
152 32 144
152 32 152
152 32 160
152 32 168
152 32 176
152 32 184
152 32 192
152 40 8
152 40 16
152 40 24
152 40 32
152 40 40
152 40 48
152 40 56
152 40 64
152 40 136
152 40 144
152 40 152
152 40 160
152 40 168
152 40 176
152 40 184
152 40 192
152 48 8
152 48 16
152 48 24
152 48 32
152 48 40
152 48 48
152 48 56
152 48 64
152 48 136
152 48 144
152 48 152
152 48 160
152 48 168
152 48 176
152 48 184
152 48 192
152 56 8
152 56 16
152 56 24
152 56 32
152 56 40
152 56 48
152 56 56
152 56 64
152 56 136
152 56 144
152 56 152
152 56 160
152 56 168
152 56 176
152 56 184
152 56 192
152 64 8
152 64 16
152 64 24
152 64 32
152 64 40
152 64 48
152 64 56
152 64 64
152 64 136
152 64 144
152 64 152
152 64 160
152 64 168
152 64 176
152 64 184
152 64 192
152 136 8
152 136 16
152 136 24
152 136 32
152 136 40
152 136 48
152 136 56
152 136 64
152 136 136
152 136 144
152 136 152
152 136 160
152 136 168
152 136 176
152 136 184
152 136 192
152 144 8
152 144 16
152 144 24
152 144 32
152 144 40
152 144 48
152 144 56
152 144 64
152 144 136
152 144 144
152 144 152
152 144 160
152 144 168
152 144 176
152 144 184
152 144 192
152 152 8
152 152 16
152 152 24
152 152 32
152 152 40
152 152 48
152 152 56
152 152 64
152 152 136
152 152 144
152 152 152
152 152 160
152 152 168
152 152 176
152 152 184
152 152 192
152 160 8
152 160 16
152 160 24
152 160 32
152 160 40
152 160 48
152 160 56
152 160 64
152 160 136
152 160 144
152 160 152
152 160 160
152 160 168
152 160 176
152 160 184
152 160 192
152 168 8
152 168 16
152 168 24
152 168 32
152 168 40
152 168 48
152 168 56
152 168 64
152 168 136
152 168 144
152 168 152
152 168 160
152 168 168
152 168 176
152 168 184
152 168 192
152 176 8
152 176 16
152 176 24
152 176 32
152 176 40
152 176 48
152 176 56
152 176 64
152 176 136
152 176 144
152 176 152
152 176 160
152 176 168
152 176 176
152 176 184
152 176 192
152 184 8
152 184 16
152 184 24
152 184 32
152 184 40
152 184 48
152 184 56
152 184 64
152 184 136
152 184 144
152 184 152
152 184 160
152 184 168
152 184 176
152 184 184
152 184 192
152 192 8
152 192 16
152 192 24
152 192 32
152 192 40
152 192 48
152 192 56
152 192 64
152 192 136
152 192 144
152 192 152
152 192 160
152 192 168
152 192 176
152 192 184
152 192 192
160 8 8
160 8 16
160 8 24
160 8 32
160 8 40
160 8 48
160 8 56
160 8 64
160 8 136
160 8 144
160 8 152
160 8 160
160 8 168
160 8 176
160 8 184
160 8 192
160 16 8
160 16 16
160 16 24
160 16 32
160 16 40
160 16 48
160 16 56
160 16 64
160 16 136
160 16 144
160 16 152
160 16 160
160 16 168
160 16 176
160 16 184
160 16 192
160 24 8
160 24 16
160 24 24
160 24 32
160 24 40
160 24 48
160 24 56
160 24 64
160 24 136
160 24 144
160 24 152
160 24 160
160 24 168
160 24 176
160 24 184
160 24 192
160 32 8
160 32 16
160 32 24
160 32 32
160 32 40
160 32 48
160 32 56
160 32 64
160 32 136
160 32 144
160 32 152
160 32 160
160 32 168
160 32 176
160 32 184
160 32 192
160 40 8
160 40 16
160 40 24
160 40 32
160 40 40
160 40 48
160 40 56
160 40 64
160 40 136
160 40 144
160 40 152
160 40 160
160 40 168
160 40 176
160 40 184
160 40 192
160 48 8
160 48 16
160 48 24
160 48 32
160 48 40
160 48 48
160 48 56
160 48 64
160 48 136
160 48 144
160 48 152
160 48 160
160 48 168
160 48 176
160 48 184
160 48 192
160 56 8
160 56 16
160 56 24
160 56 32
160 56 40
160 56 48
160 56 56
160 56 64
160 56 136
160 56 144
160 56 152
160 56 160
160 56 168
160 56 176
160 56 184
160 56 192
160 64 8
160 64 16
160 64 24
160 64 32
160 64 40
160 64 48
160 64 56
160 64 64
160 64 136
160 64 144
160 64 152
160 64 160
160 64 168
160 64 176
160 64 184
160 64 192
160 136 8
160 136 16
160 136 24
160 136 32
160 136 40
160 136 48
160 136 56
160 136 64
160 136 136
160 136 144
160 136 152
160 136 160
160 136 168
160 136 176
160 136 184
160 136 192
160 144 8
160 144 16
160 144 24
160 144 32
160 144 40
160 144 48
160 144 56
160 144 64
160 144 136
160 144 144
160 144 152
160 144 160
160 144 168
160 144 176
160 144 184
160 144 192
160 152 8
160 152 16
160 152 24
160 152 32
160 152 40
160 152 48
160 152 56
160 152 64
160 152 136
160 152 144
160 152 152
160 152 160
160 152 168
160 152 176
160 152 184
160 152 192
160 160 8
160 160 16
160 160 24
160 160 32
160 160 40
160 160 48
160 160 56
160 160 64
160 160 136
160 160 144
160 160 152
160 160 160
160 160 168
160 160 176
160 160 184
160 160 192
160 168 8
160 168 16
160 168 24
160 168 32
160 168 40
160 168 48
160 168 56
160 168 64
160 168 136
160 168 144
160 168 152
160 168 160
160 168 168
160 168 176
160 168 184
160 168 192
160 176 8
160 176 16
160 176 24
160 176 32
160 176 40
160 176 48
160 176 56
160 176 64
160 176 136
160 176 144
160 176 152
160 176 160
160 176 168
160 176 176
160 176 184
160 176 192
160 184 8
160 184 16
160 184 24
160 184 32
160 184 40
160 184 48
160 184 56
160 184 64
160 184 136
160 184 144
160 184 152
160 184 160
160 184 168
160 184 176
160 184 184
160 184 192
160 192 8
160 192 16
160 192 24
160 192 32
160 192 40
160 192 48
160 192 56
160 192 64
160 192 136
160 192 144
160 192 152
160 192 160
160 192 168
160 192 176
160 192 184
160 192 192
168 8 8
168 8 16
168 8 24
168 8 32
168 8 40
168 8 48
168 8 56
168 8 64
168 8 136
168 8 144
168 8 152
168 8 160
168 8 168
168 8 176
168 8 184
168 8 192
168 16 8
168 16 16
168 16 24
168 16 32
168 16 40
168 16 48
168 16 56
168 16 64
168 16 136
168 16 144
168 16 152
168 16 160
168 16 168
168 16 176
168 16 184
168 16 192
168 24 8
168 24 16
168 24 24
168 24 32
168 24 40
168 24 48
168 24 56
168 24 64
168 24 136
168 24 144
168 24 152
168 24 160
168 24 168
168 24 176
168 24 184
168 24 192
168 32 8
168 32 16
168 32 24
168 32 32
168 32 40
168 32 48
168 32 56
168 32 64
168 32 136
168 32 144
168 32 152
168 32 160
168 32 168
168 32 176
168 32 184
168 32 192
168 40 8
168 40 16
168 40 24
168 40 32
168 40 40
168 40 48
168 40 56
168 40 64
168 40 136
168 40 144
168 40 152
168 40 160
168 40 168
168 40 176
168 40 184
168 40 192
168 48 8
168 48 16
168 48 24
168 48 32
168 48 40
168 48 48
168 48 56
168 48 64
168 48 136
168 48 144
168 48 152
168 48 160
168 48 168
168 48 176
168 48 184
168 48 192
168 56 8
168 56 16
168 56 24
168 56 32
168 56 40
168 56 48
168 56 56
168 56 64
168 56 136
168 56 144
168 56 152
168 56 160
168 56 168
168 56 176
168 56 184
168 56 192
168 64 8
168 64 16
168 64 24
168 64 32
168 64 40
168 64 48
168 64 56
168 64 64
168 64 136
168 64 144
168 64 152
168 64 160
168 64 168
168 64 176
168 64 184
168 64 192
168 136 8
168 136 16
168 136 24
168 136 32
168 136 40
168 136 48
168 136 56
168 136 64
168 136 136
168 136 144
168 136 152
168 136 160
168 136 168
168 136 176
168 136 184
168 136 192
168 144 8
168 144 16
168 144 24
168 144 32
168 144 40
168 144 48
168 144 56
168 144 64
168 144 136
168 144 144
168 144 152
168 144 160
168 144 168
168 144 176
168 144 184
168 144 192
168 152 8
168 152 16
168 152 24
168 152 32
168 152 40
168 152 48
168 152 56
168 152 64
168 152 136
168 152 144
168 152 152
168 152 160
168 152 168
168 152 176
168 152 184
168 152 192
168 160 8
168 160 16
168 160 24
168 160 32
168 160 40
168 160 48
168 160 56
168 160 64
168 160 136
168 160 144
168 160 152
168 160 160
168 160 168
168 160 176
168 160 184
168 160 192
168 168 8
168 168 16
168 168 24
168 168 32
168 168 40
168 168 48
168 168 56
168 168 64
168 168 136
168 168 144
168 168 152
168 168 160
168 168 168
168 168 176
168 168 184
168 168 192
168 176 8
168 176 16
168 176 24
168 176 32
168 176 40
168 176 48
168 176 56
168 176 64
168 176 136
168 176 144
168 176 152
168 176 160
168 176 168
168 176 176
168 176 184
168 176 192
168 184 8
168 184 16
168 184 24
168 184 32
168 184 40
168 184 48
168 184 56
168 184 64
168 184 136
168 184 144
168 184 152
168 184 160
168 184 168
168 184 176
168 184 184
168 184 192
168 192 8
168 192 16
168 192 24
168 192 32
168 192 40
168 192 48
168 192 56
168 192 64
168 192 136
168 192 144
168 192 152
168 192 160
168 192 168
168 192 176
168 192 184
168 192 192
176 8 8
176 8 16
176 8 24
176 8 32
176 8 40
176 8 48
176 8 56
176 8 64
176 8 136
176 8 144
176 8 152
176 8 160
176 8 168
176 8 176
176 8 184
176 8 192
176 16 8
176 16 16
176 16 24
176 16 32
176 16 40
176 16 48
176 16 56
176 16 64
176 16 136
176 16 144
176 16 152
176 16 160
176 16 168
176 16 176
176 16 184
176 16 192
176 24 8
176 24 16
176 24 24
176 24 32
176 24 40
176 24 48
176 24 56
176 24 64
176 24 136
176 24 144
176 24 152
176 24 160
176 24 168
176 24 176
176 24 184
176 24 192
176 32 8
176 32 16
176 32 24
176 32 32
176 32 40
176 32 48
176 32 56
176 32 64
176 32 136
176 32 144
176 32 152
176 32 160
176 32 168
176 32 176
176 32 184
176 32 192
176 40 8
176 40 16
176 40 24
176 40 32
176 40 40
176 40 48
176 40 56
176 40 64
176 40 136
176 40 144
176 40 152
176 40 160
176 40 168
176 40 176
176 40 184
176 40 192
176 48 8
176 48 16
176 48 24
176 48 32
176 48 40
176 48 48
176 48 56
176 48 64
176 48 136
176 48 144
176 48 152
176 48 160
176 48 168
176 48 176
176 48 184
176 48 192
176 56 8
176 56 16
176 56 24
176 56 32
176 56 40
176 56 48
176 56 56
176 56 64
176 56 136
176 56 144
176 56 152
176 56 160
176 56 168
176 56 176
176 56 184
176 56 192
176 64 8
176 64 16
176 64 24
176 64 32
176 64 40
176 64 48
176 64 56
176 64 64
176 64 136
176 64 144
176 64 152
176 64 160
176 64 168
176 64 176
176 64 184
176 64 192
176 136 8
176 136 16
176 136 24
176 136 32
176 136 40
176 136 48
176 136 56
176 136 64
176 136 136
176 136 144
176 136 152
176 136 160
176 136 168
176 136 176
176 136 184
176 136 192
176 144 8
176 144 16
176 144 24
176 144 32
176 144 40
176 144 48
176 144 56
176 144 64
176 144 136
176 144 144
176 144 152
176 144 160
176 144 168
176 144 176
176 144 184
176 144 192
176 152 8
176 152 16
176 152 24
176 152 32
176 152 40
176 152 48
176 152 56
176 152 64
176 152 136
176 152 144
176 152 152
176 152 160
176 152 168
176 152 176
176 152 184
176 152 192
176 160 8
176 160 16
176 160 24
176 160 32
176 160 40
176 160 48
176 160 56
176 160 64
176 160 136
176 160 144
176 160 152
176 160 160
176 160 168
176 160 176
176 160 184
176 160 192
176 168 8
176 168 16
176 168 24
176 168 32
176 168 40
176 168 48
176 168 56
176 168 64
176 168 136
176 168 144
176 168 152
176 168 160
176 168 168
176 168 176
176 168 184
176 168 192
176 176 8
176 176 16
176 176 24
176 176 32
176 176 40
176 176 48
176 176 56
176 176 64
176 176 136
176 176 144
176 176 152
176 176 160
176 176 168
176 176 176
176 176 184
176 176 192
176 184 8
176 184 16
176 184 24
176 184 32
176 184 40
176 184 48
176 184 56
176 184 64
176 184 136
176 184 144
176 184 152
176 184 160
176 184 168
176 184 176
176 184 184
176 184 192
176 192 8
176 192 16
176 192 24
176 192 32
176 192 40
176 192 48
176 192 56
176 192 64
176 192 136
176 192 144
176 192 152
176 192 160
176 192 168
176 192 176
176 192 184
176 192 192
184 8 8
184 8 16
184 8 24
184 8 32
184 8 40
184 8 48
184 8 56
184 8 64
184 8 136
184 8 144
184 8 152
184 8 160
184 8 168
184 8 176
184 8 184
184 8 192
184 16 8
184 16 16
184 16 24
184 16 32
184 16 40
184 16 48
184 16 56
184 16 64
184 16 136
184 16 144
184 16 152
184 16 160
184 16 168
184 16 176
184 16 184
184 16 192
184 24 8
184 24 16
184 24 24
184 24 32
184 24 40
184 24 48
184 24 56
184 24 64
184 24 136
184 24 144
184 24 152
184 24 160
184 24 168
184 24 176
184 24 184
184 24 192
184 32 8
184 32 16
184 32 24
184 32 32
184 32 40
184 32 48
184 32 56
184 32 64
184 32 136
184 32 144
184 32 152
184 32 160
184 32 168
184 32 176
184 32 184
184 32 192
184 40 8
184 40 16
184 40 24
184 40 32
184 40 40
184 40 48
184 40 56
184 40 64
184 40 136
184 40 144
184 40 152
184 40 160
184 40 168
184 40 176
184 40 184
184 40 192
184 48 8
184 48 16
184 48 24
184 48 32
184 48 40
184 48 48
184 48 56
184 48 64
184 48 136
184 48 144
184 48 152
184 48 160
184 48 168
184 48 176
184 48 184
184 48 192
184 56 8
184 56 16
184 56 24
184 56 32
184 56 40
184 56 48
184 56 56
184 56 64
184 56 136
184 56 144
184 56 152
184 56 160
184 56 168
184 56 176
184 56 184
184 56 192
184 64 8
184 64 16
184 64 24
184 64 32
184 64 40
184 64 48
184 64 56
184 64 64
184 64 136
184 64 144
184 64 152
184 64 160
184 64 168
184 64 176
184 64 184
184 64 192
184 136 8
184 136 16
184 136 24
184 136 32
184 136 40
184 136 48
184 136 56
184 136 64
184 136 136
184 136 144
184 136 152
184 136 160
184 136 168
184 136 176
184 136 184
184 136 192
184 144 8
184 144 16
184 144 24
184 144 32
184 144 40
184 144 48
184 144 56
184 144 64
184 144 136
184 144 144
184 144 152
184 144 160
184 144 168
184 144 176
184 144 184
184 144 192
184 152 8
184 152 16
184 152 24
184 152 32
184 152 40
184 152 48
184 152 56
184 152 64
184 152 136
184 152 144
184 152 152
184 152 160
184 152 168
184 152 176
184 152 184
184 152 192
184 160 8
184 160 16
184 160 24
184 160 32
184 160 40
184 160 48
184 160 56
184 160 64
184 160 136
184 160 144
184 160 152
184 160 160
184 160 168
184 160 176
184 160 184
184 160 192
184 168 8
184 168 16
184 168 24
184 168 32
184 168 40
184 168 48
184 168 56
184 168 64
184 168 136
184 168 144
184 168 152
184 168 160
184 168 168
184 168 176
184 168 184
184 168 192
184 176 8
184 176 16
184 176 24
184 176 32
184 176 40
184 176 48
184 176 56
184 176 64
184 176 136
184 176 144
184 176 152
184 176 160
184 176 168
184 176 176
184 176 184
184 176 192
184 184 8
184 184 16
184 184 24
184 184 32
184 184 40
184 184 48
184 184 56
184 184 64
184 184 136
184 184 144
184 184 152
184 184 160
184 184 168
184 184 176
184 184 184
184 184 192
184 192 8
184 192 16
184 192 24
184 192 32
184 192 40
184 192 48
184 192 56
184 192 64
184 192 136
184 192 144
184 192 152
184 192 160
184 192 168
184 192 176
184 192 184
184 192 192
192 8 8
192 8 16
192 8 24
192 8 32
192 8 40
192 8 48
192 8 56
192 8 64
192 8 136
192 8 144
192 8 152
192 8 160
192 8 168
192 8 176
192 8 184
192 8 192
192 16 8
192 16 16
192 16 24
192 16 32
192 16 40
192 16 48
192 16 56
192 16 64
192 16 136
192 16 144
192 16 152
192 16 160
192 16 168
192 16 176
192 16 184
192 16 192
192 24 8
192 24 16
192 24 24
192 24 32
192 24 40
192 24 48
192 24 56
192 24 64
192 24 136
192 24 144
192 24 152
192 24 160
192 24 168
192 24 176
192 24 184
192 24 192
192 32 8
192 32 16
192 32 24
192 32 32
192 32 40
192 32 48
192 32 56
192 32 64
192 32 136
192 32 144
192 32 152
192 32 160
192 32 168
192 32 176
192 32 184
192 32 192
192 40 8
192 40 16
192 40 24
192 40 32
192 40 40
192 40 48
192 40 56
192 40 64
192 40 136
192 40 144
192 40 152
192 40 160
192 40 168
192 40 176
192 40 184
192 40 192
192 48 8
192 48 16
192 48 24
192 48 32
192 48 40
192 48 48
192 48 56
192 48 64
192 48 136
192 48 144
192 48 152
192 48 160
192 48 168
192 48 176
192 48 184
192 48 192
192 56 8
192 56 16
192 56 24
192 56 32
192 56 40
192 56 48
192 56 56
192 56 64
192 56 136
192 56 144
192 56 152
192 56 160
192 56 168
192 56 176
192 56 184
192 56 192
192 64 8
192 64 16
192 64 24
192 64 32
192 64 40
192 64 48
192 64 56
192 64 64
192 64 136
192 64 144
192 64 152
192 64 160
192 64 168
192 64 176
192 64 184
192 64 192
192 136 8
192 136 16
192 136 24
192 136 32
192 136 40
192 136 48
192 136 56
192 136 64
192 136 136
192 136 144
192 136 152
192 136 160
192 136 168
192 136 176
192 136 184
192 136 192
192 144 8
192 144 16
192 144 24
192 144 32
192 144 40
192 144 48
192 144 56
192 144 64
192 144 136
192 144 144
192 144 152
192 144 160
192 144 168
192 144 176
192 144 184
192 144 192
192 152 8
192 152 16
192 152 24
192 152 32
192 152 40
192 152 48
192 152 56
192 152 64
192 152 136
192 152 144
192 152 152
192 152 160
192 152 168
192 152 176
192 152 184
192 152 192
192 160 8
192 160 16
192 160 24
192 160 32
192 160 40
192 160 48
192 160 56
192 160 64
192 160 136
192 160 144
192 160 152
192 160 160
192 160 168
192 160 176
192 160 184
192 160 192
192 168 8
192 168 16
192 168 24
192 168 32
192 168 40
192 168 48
192 168 56
192 168 64
192 168 136
192 168 144
192 168 152
192 168 160
192 168 168
192 168 176
192 168 184
192 168 192
192 176 8
192 176 16
192 176 24
192 176 32
192 176 40
192 176 48
192 176 56
192 176 64
192 176 136
192 176 144
192 176 152
192 176 160
192 176 168
192 176 176
192 176 184
192 176 192
192 184 8
192 184 16
192 184 24
192 184 32
192 184 40
192 184 48
192 184 56
192 184 64
192 184 136
192 184 144
192 184 152
192 184 160
192 184 168
192 184 176
192 184 184
192 184 192
192 192 8
192 192 16
192 192 24
192 192 32
192 192 40
192 192 48
192 192 56
192 192 64
192 192 136
192 192 144
192 192 152
192 192 160
192 192 168
192 192 176
192 192 184
192 192 192
