200
23 23 23
23 23 24
23 23 25
23 23 171
23 23 172
23 23 173
23 24 23
23 24 24
23 24 25
23 24 171
23 24 172
23 24 173
23 25 23
23 25 24
23 25 25
23 25 171
23 25 172
23 25 173
23 171 23
23 171 24
23 171 25
23 171 171
23 171 172
23 171 173
23 172 23
23 172 24
23 172 25
23 172 171
23 172 172
23 172 173
23 173 23
23 173 24
23 173 25
23 173 171
23 173 172
23 173 173
24 23 23
24 23 24
24 23 25
24 23 171
24 23 172
24 23 173
24 24 23
24 24 25
24 24 171
24 24 173
24 25 23
24 25 24
24 25 25
24 25 171
24 25 172
24 25 173
24 171 23
24 171 24
24 171 25
24 171 171
24 171 172
24 171 173
24 172 23
24 172 25
24 172 171
24 172 173
24 173 23
24 173 24
24 173 25
24 173 171
24 173 172
24 173 173
25 23 23
25 23 24
25 23 25
25 23 171
25 23 172
25 23 173
25 24 23
25 24 24
25 24 25
25 24 171
25 24 172
25 24 173
25 25 23
25 25 24
25 25 25
25 25 171
25 25 172
25 25 173
25 171 23
25 171 24
25 171 25
25 171 171
25 171 172
25 171 173
25 172 23
25 172 24
25 172 25
25 172 171
25 172 172
25 172 173
25 173 23
25 173 24
25 173 25
25 173 171
25 173 172
25 173 173
171 23 23
171 23 24
171 23 25
171 23 171
171 23 172
171 23 173
171 24 23
171 24 24
171 24 25
171 24 171
171 24 172
171 24 173
171 25 23
171 25 24
171 25 25
171 25 171
171 25 172
171 25 173
171 171 23
171 171 24
171 171 25
171 171 171
171 171 172
171 171 173
171 172 23
171 172 24
171 172 25
171 172 171
171 172 172
171 172 173
171 173 23
171 173 24
171 173 25
171 173 171
171 173 172
171 173 173
172 23 23
172 23 24
172 23 25
172 23 171
172 23 172
172 23 173
172 24 23
172 24 25
172 24 171
172 24 173
172 25 23
172 25 24
172 25 25
172 25 171
172 25 172
172 25 173
172 171 23
172 171 24
172 171 25
172 171 171
172 171 172
172 171 173
172 172 23
172 172 25
172 172 171
172 172 173
172 173 23
172 173 24
172 173 25
172 173 171
172 173 172
172 173 173
173 23 23
173 23 24
173 23 25
173 23 171
173 23 172
173 23 173
173 24 23
173 24 24
173 24 25
173 24 171
173 24 172
173 24 173
173 25 23
173 25 24
173 25 25
173 25 171
173 25 172
173 25 173
173 171 23
173 171 24
173 171 25
173 171 171
173 171 172
173 171 173
173 172 23
173 172 24
173 172 25
173 172 171
173 172 172
173 172 173
173 173 23
173 173 24
173 173 25
173 173 171
173 173 172
173 173 173
