20
0 0 16
0 1 19
0 2 12
0 2 13
0 3 13
0 4 12
0 4 16
0 4 17
0 5 3
0 5 4
0 5 16
0 5 17
0 6 3
0 6 4
0 6 16
0 6 17
1 1 7
1 2 6
1 3 11
1 3 15
1 4 11
1 4 13
1 4 14
1 4 17
1 4 18
1 5 17
1 6 5
2 0 4
2 0 7
2 1 3
2 1 19
2 2 2
2 2 7
2 3 2
2 4 10
2 5 15
2 5 17
2 6 4
2 6 5
2 6 6
2 6 15
2 7 16
3 1 8
3 1 18
3 2 12
3 2 16
3 3 10
3 3 13
3 4 2
3 4 8
3 4 9
3 4 10
3 4 12
3 4 14
3 4 15
3 4 17
3 5 14
3 7 5
3 7 13
3 7 15
3 8 13
3 8 15
4 1 2
4 1 7
4 3 10
4 3 11
4 3 12
4 3 15
4 4 3
4 4 12
4 5 3
4 5 11
4 5 14
4 5 16
4 5 18
4 5 19
4 6 3
4 6 8
4 6 13
4 6 14
4 6 15
4 7 4
4 7 5
4 9 13
4 9 14
5 0 4
5 0 5
5 0 7
5 1 4
5 1 5
5 1 8
5 2 2
5 2 19
5 3 9
5 3 13
5 3 14
5 4 12
5 5 3
5 5 18
5 5 19
5 6 3
5 6 8
5 6 16
5 7 16
5 9 15
6 0 14
6 1 7
6 1 12
6 2 13
6 2 15
6 3 17
6 3 18
6 3 19
6 4 7
6 4 11
6 4 16
6 4 18
6 4 19
6 6 6
6 6 12
6 7 9
6 7 10
6 7 11
6 7 13
6 7 16
7 0 8
7 0 9
7 1 8
7 1 10
7 1 12
7 2 11
7 2 12
7 3 11
7 5 7
7 5 10
7 6 8
7 6 9
7 6 16
7 7 9
8 0 9
8 0 10
8 0 14
8 0 15
8 1 10
8 1 11
8 2 12
8 2 13
8 2 14
8 3 12
8 3 13
8 5 12
8 5 14
8 6 9
8 6 10
8 6 11
8 7 10
9 0 9
9 0 10
