200
81 81 81
81 81 82
81 81 83
81 81 85
81 81 86
81 81 87
81 81 113
81 81 114
81 81 115
81 81 117
81 81 118
81 81 119
81 82 81
81 82 82
81 82 83
81 82 85
81 82 86
81 82 87
81 82 113
81 82 114
81 82 115
81 82 117
81 82 118
81 82 119
81 83 81
81 83 82
81 83 83
81 83 85
81 83 86
81 83 87
81 83 113
81 83 114
81 83 115
81 83 117
81 83 118
81 83 119
81 85 81
81 85 82
81 85 83
81 85 85
81 85 86
81 85 87
81 85 113
81 85 114
81 85 115
81 85 117
81 85 118
81 85 119
81 86 81
81 86 82
81 86 83
81 86 85
81 86 86
81 86 87
81 86 113
81 86 114
81 86 115
81 86 117
81 86 118
81 86 119
81 87 81
81 87 82
81 87 83
81 87 85
81 87 86
81 87 87
81 87 113
81 87 114
81 87 115
81 87 117
81 87 118
81 87 119
81 113 81
81 113 82
81 113 83
81 113 85
81 113 86
81 113 87
81 113 113
81 113 114
81 113 115
81 113 117
81 113 118
81 113 119
81 114 81
81 114 82
81 114 83
81 114 85
81 114 86
81 114 87
81 114 113
81 114 114
81 114 115
81 114 117
81 114 118
81 114 119
81 115 81
81 115 82
81 115 83
81 115 85
81 115 86
81 115 87
81 115 113
81 115 114
81 115 115
81 115 117
81 115 118
81 115 119
81 117 81
81 117 82
81 117 83
81 117 85
81 117 86
81 117 87
81 117 113
81 117 114
81 117 115
81 117 117
81 117 118
81 117 119
81 118 81
81 118 82
81 118 83
81 118 85
81 118 86
81 118 87
81 118 113
81 118 114
81 118 115
81 118 117
81 118 118
81 118 119
81 119 81
81 119 82
81 119 83
81 119 85
81 119 86
81 119 87
81 119 113
81 119 114
81 119 115
81 119 117
81 119 118
81 119 119
82 81 81
82 81 82
82 81 83
82 81 85
82 81 86
82 81 87
82 81 113
82 81 114
82 81 115
82 81 117
82 81 118
82 81 119
82 82 81
82 82 83
82 82 85
82 82 87
82 82 113
82 82 115
82 82 117
82 82 119
82 83 81
82 83 82
82 83 83
82 83 85
82 83 86
82 83 87
82 83 113
82 83 114
82 83 115
82 83 117
82 83 118
82 83 119
82 85 81
82 85 82
82 85 83
82 85 85
82 85 86
82 85 87
82 85 113
82 85 114
82 85 115
82 85 117
82 85 118
82 85 119
82 86 81
82 86 83
82 86 85
82 86 87
82 86 113
82 86 115
82 86 117
82 86 119
82 87 81
82 87 82
82 87 83
82 87 85
82 87 86
82 87 87
82 87 113
82 87 114
82 87 115
82 87 117
82 87 118
82 87 119
82 113 81
82 113 82
82 113 83
82 113 85
82 113 86
82 113 87
82 113 113
82 113 114
82 113 115
82 113 117
82 113 118
82 113 119
82 114 81
82 114 83
82 114 85
82 114 87
82 114 113
82 114 115
82 114 117
82 114 119
82 115 81
82 115 82
82 115 83
82 115 85
82 115 86
82 115 87
82 115 113
82 115 114
82 115 115
82 115 117
82 115 118
82 115 119
82 117 81
82 117 82
82 117 83
82 117 85
82 117 86
82 117 87
82 117 113
82 117 114
82 117 115
82 117 117
82 117 118
82 117 119
82 118 81
82 118 83
82 118 85
82 118 87
82 118 113
82 118 115
82 118 117
82 118 119
82 119 81
82 119 82
82 119 83
82 119 85
82 119 86
82 119 87
82 119 113
82 119 114
82 119 115
82 119 117
82 119 118
82 119 119
83 81 81
83 81 82
83 81 83
83 81 85
83 81 86
83 81 87
83 81 113
83 81 114
83 81 115
83 81 117
83 81 118
83 81 119
83 82 81
83 82 82
83 82 83
83 82 85
83 82 86
83 82 87
83 82 113
83 82 114
83 82 115
83 82 117
83 82 118
83 82 119
83 83 81
83 83 82
83 83 83
83 83 85
83 83 86
83 83 87
83 83 113
83 83 114
83 83 115
83 83 117
83 83 118
83 83 119
83 85 81
83 85 82
83 85 83
83 85 85
83 85 86
83 85 87
83 85 113
83 85 114
83 85 115
83 85 117
83 85 118
83 85 119
83 86 81
83 86 82
83 86 83
83 86 85
83 86 86
83 86 87
83 86 113
83 86 114
83 86 115
83 86 117
83 86 118
83 86 119
83 87 81
83 87 82
83 87 83
83 87 85
83 87 86
83 87 87
83 87 113
83 87 114
83 87 115
83 87 117
83 87 118
83 87 119
83 113 81
83 113 82
83 113 83
83 113 85
83 113 86
83 113 87
83 113 113
83 113 114
83 113 115
83 113 117
83 113 118
83 113 119
83 114 81
83 114 82
83 114 83
83 114 85
83 114 86
83 114 87
83 114 113
83 114 114
83 114 115
83 114 117
83 114 118
83 114 119
83 115 81
83 115 82
83 115 83
83 115 85
83 115 86
83 115 87
83 115 113
83 115 114
83 115 115
83 115 117
83 115 118
83 115 119
83 117 81
83 117 82
83 117 83
83 117 85
83 117 86
83 117 87
83 117 113
83 117 114
83 117 115
83 117 117
83 117 118
83 117 119
83 118 81
83 118 82
83 118 83
83 118 85
83 118 86
83 118 87
83 118 113
83 118 114
83 118 115
83 118 117
83 118 118
83 118 119
83 119 81
83 119 82
83 119 83
83 119 85
83 119 86
83 119 87
83 119 113
83 119 114
83 119 115
83 119 117
83 119 118
83 119 119
85 81 81
85 81 82
85 81 83
85 81 85
85 81 86
85 81 87
85 81 113
85 81 114
85 81 115
85 81 117
85 81 118
85 81 119
85 82 81
85 82 82
85 82 83
85 82 85
85 82 86
85 82 87
85 82 113
85 82 114
85 82 115
85 82 117
85 82 118
85 82 119
85 83 81
85 83 82
85 83 83
85 83 85
85 83 86
85 83 87
85 83 113
85 83 114
85 83 115
85 83 117
85 83 118
85 83 119
85 85 81
85 85 82
85 85 83
85 85 85
85 85 86
85 85 87
85 85 113
85 85 114
85 85 115
85 85 117
85 85 118
85 85 119
85 86 81
85 86 82
85 86 83
85 86 85
85 86 86
85 86 87
85 86 113
85 86 114
85 86 115
85 86 117
85 86 118
85 86 119
85 87 81
85 87 82
85 87 83
85 87 85
85 87 86
85 87 87
85 87 113
85 87 114
85 87 115
85 87 117
85 87 118
85 87 119
85 113 81
85 113 82
85 113 83
85 113 85
85 113 86
85 113 87
85 113 113
85 113 114
85 113 115
85 113 117
85 113 118
85 113 119
85 114 81
85 114 82
85 114 83
85 114 85
85 114 86
85 114 87
85 114 113
85 114 114
85 114 115
85 114 117
85 114 118
85 114 119
85 115 81
85 115 82
85 115 83
85 115 85
85 115 86
85 115 87
85 115 113
85 115 114
85 115 115
85 115 117
85 115 118
85 115 119
85 117 81
85 117 82
85 117 83
85 117 85
85 117 86
85 117 87
85 117 113
85 117 114
85 117 115
85 117 117
85 117 118
85 117 119
85 118 81
85 118 82
85 118 83
85 118 85
85 118 86
85 118 87
85 118 113
85 118 114
85 118 115
85 118 117
85 118 118
85 118 119
85 119 81
85 119 82
85 119 83
85 119 85
85 119 86
85 119 87
85 119 113
85 119 114
85 119 115
85 119 117
85 119 118
85 119 119
86 81 81
86 81 82
86 81 83
86 81 85
86 81 86
86 81 87
86 81 113
86 81 114
86 81 115
86 81 117
86 81 118
86 81 119
86 82 81
86 82 83
86 82 85
86 82 87
86 82 113
86 82 115
86 82 117
86 82 119
86 83 81
86 83 82
86 83 83
86 83 85
86 83 86
86 83 87
86 83 113
86 83 114
86 83 115
86 83 117
86 83 118
86 83 119
86 85 81
86 85 82
86 85 83
86 85 85
86 85 86
86 85 87
86 85 113
86 85 114
86 85 115
86 85 117
86 85 118
86 85 119
86 86 81
86 86 83
86 86 85
86 86 87
86 86 113
86 86 115
86 86 117
86 86 119
86 87 81
86 87 82
86 87 83
86 87 85
86 87 86
86 87 87
86 87 113
86 87 114
86 87 115
86 87 117
86 87 118
86 87 119
86 113 81
86 113 82
86 113 83
86 113 85
86 113 86
86 113 87
86 113 113
86 113 114
86 113 115
86 113 117
86 113 118
86 113 119
86 114 81
86 114 83
86 114 85
86 114 87
86 114 113
86 114 115
86 114 117
86 114 119
86 115 81
86 115 82
86 115 83
86 115 85
86 115 86
86 115 87
86 115 113
86 115 114
86 115 115
86 115 117
86 115 118
86 115 119
86 117 81
86 117 82
86 117 83
86 117 85
86 117 86
86 117 87
86 117 113
86 117 114
86 117 115
86 117 117
86 117 118
86 117 119
86 118 81
86 118 83
86 118 85
86 118 87
86 118 113
86 118 115
86 118 117
86 118 119
86 119 81
86 119 82
86 119 83
86 119 85
86 119 86
86 119 87
86 119 113
86 119 114
86 119 115
86 119 117
86 119 118
86 119 119
87 81 81
87 81 82
87 81 83
87 81 85
87 81 86
87 81 87
87 81 113
87 81 114
87 81 115
87 81 117
87 81 118
87 81 119
87 82 81
87 82 82
87 82 83
87 82 85
87 82 86
87 82 87
87 82 113
87 82 114
87 82 115
87 82 117
87 82 118
87 82 119
87 83 81
87 83 82
87 83 83
87 83 85
87 83 86
87 83 87
87 83 113
87 83 114
87 83 115
87 83 117
87 83 118
87 83 119
87 85 81
87 85 82
87 85 83
87 85 85
87 85 86
87 85 87
87 85 113
87 85 114
87 85 115
87 85 117
87 85 118
87 85 119
87 86 81
87 86 82
87 86 83
87 86 85
87 86 86
87 86 87
87 86 113
87 86 114
87 86 115
87 86 117
87 86 118
87 86 119
87 87 81
87 87 82
87 87 83
87 87 85
87 87 86
87 87 87
87 87 113
87 87 114
87 87 115
87 87 117
87 87 118
87 87 119
87 113 81
87 113 82
87 113 83
87 113 85
87 113 86
87 113 87
87 113 113
87 113 114
87 113 115
87 113 117
87 113 118
87 113 119
87 114 81
87 114 82
87 114 83
87 114 85
87 114 86
87 114 87
87 114 113
87 114 114
87 114 115
87 114 117
87 114 118
87 114 119
87 115 81
87 115 82
87 115 83
87 115 85
87 115 86
87 115 87
87 115 113
87 115 114
87 115 115
87 115 117
87 115 118
87 115 119
87 117 81
87 117 82
87 117 83
87 117 85
87 117 86
87 117 87
87 117 113
87 117 114
87 117 115
87 117 117
87 117 118
87 117 119
87 118 81
87 118 82
87 118 83
87 118 85
87 118 86
87 118 87
87 118 113
87 118 114
87 118 115
87 118 117
87 118 118
87 118 119
87 119 81
87 119 82
87 119 83
87 119 85
87 119 86
87 119 87
87 119 113
87 119 114
87 119 115
87 119 117
87 119 118
87 119 119
113 81 81
113 81 82
113 81 83
113 81 85
113 81 86
113 81 87
113 81 113
113 81 114
113 81 115
113 81 117
113 81 118
113 81 119
113 82 81
113 82 82
113 82 83
113 82 85
113 82 86
113 82 87
113 82 113
113 82 114
113 82 115
113 82 117
113 82 118
113 82 119
113 83 81
113 83 82
113 83 83
113 83 85
113 83 86
113 83 87
113 83 113
113 83 114
113 83 115
113 83 117
113 83 118
113 83 119
113 85 81
113 85 82
113 85 83
113 85 85
113 85 86
113 85 87
113 85 113
113 85 114
113 85 115
113 85 117
113 85 118
113 85 119
113 86 81
113 86 82
113 86 83
113 86 85
113 86 86
113 86 87
113 86 113
113 86 114
113 86 115
113 86 117
113 86 118
113 86 119
113 87 81
113 87 82
113 87 83
113 87 85
113 87 86
113 87 87
113 87 113
113 87 114
113 87 115
113 87 117
113 87 118
113 87 119
113 113 81
113 113 82
113 113 83
113 113 85
113 113 86
113 113 87
113 113 113
113 113 114
113 113 115
113 113 117
113 113 118
113 113 119
113 114 81
113 114 82
113 114 83
113 114 85
113 114 86
113 114 87
113 114 113
113 114 114
113 114 115
113 114 117
113 114 118
113 114 119
113 115 81
113 115 82
113 115 83
113 115 85
113 115 86
113 115 87
113 115 113
113 115 114
113 115 115
113 115 117
113 115 118
113 115 119
113 117 81
113 117 82
113 117 83
113 117 85
113 117 86
113 117 87
113 117 113
113 117 114
113 117 115
113 117 117
113 117 118
113 117 119
113 118 81
113 118 82
113 118 83
113 118 85
113 118 86
113 118 87
113 118 113
113 118 114
113 118 115
113 118 117
113 118 118
113 118 119
113 119 81
113 119 82
113 119 83
113 119 85
113 119 86
113 119 87
113 119 113
113 119 114
113 119 115
113 119 117
113 119 118
113 119 119
114 81 81
114 81 82
114 81 83
114 81 85
114 81 86
114 81 87
114 81 113
114 81 114
114 81 115
114 81 117
114 81 118
114 81 119
114 82 81
114 82 83
114 82 85
114 82 87
114 82 113
114 82 115
114 82 117
114 82 119
114 83 81
114 83 82
114 83 83
114 83 85
114 83 86
114 83 87
114 83 113
114 83 114
114 83 115
114 83 117
114 83 118
114 83 119
114 85 81
114 85 82
114 85 83
114 85 85
114 85 86
114 85 87
114 85 113
114 85 114
114 85 115
114 85 117
114 85 118
114 85 119
114 86 81
114 86 83
114 86 85
114 86 87
114 86 113
114 86 115
114 86 117
114 86 119
114 87 81
114 87 82
114 87 83
114 87 85
114 87 86
114 87 87
114 87 113
114 87 114
114 87 115
114 87 117
114 87 118
114 87 119
114 113 81
114 113 82
114 113 83
114 113 85
114 113 86
114 113 87
114 113 113
114 113 114
114 113 115
114 113 117
114 113 118
114 113 119
114 114 81
114 114 83
114 114 85
114 114 87
114 114 113
114 114 115
114 114 117
114 114 119
114 115 81
114 115 82
114 115 83
114 115 85
114 115 86
114 115 87
114 115 113
114 115 114
114 115 115
114 115 117
114 115 118
114 115 119
114 117 81
114 117 82
114 117 83
114 117 85
114 117 86
114 117 87
114 117 113
114 117 114
114 117 115
114 117 117
114 117 118
114 117 119
114 118 81
114 118 83
114 118 85
114 118 87
114 118 113
114 118 115
114 118 117
114 118 119
114 119 81
114 119 82
114 119 83
114 119 85
114 119 86
114 119 87
114 119 113
114 119 114
114 119 115
114 119 117
114 119 118
114 119 119
115 81 81
115 81 82
115 81 83
115 81 85
115 81 86
115 81 87
115 81 113
115 81 114
115 81 115
115 81 117
115 81 118
115 81 119
115 82 81
115 82 82
115 82 83
115 82 85
115 82 86
115 82 87
115 82 113
115 82 114
115 82 115
115 82 117
115 82 118
115 82 119
115 83 81
115 83 82
115 83 83
115 83 85
115 83 86
115 83 87
115 83 113
115 83 114
115 83 115
115 83 117
115 83 118
115 83 119
115 85 81
115 85 82
115 85 83
115 85 85
115 85 86
115 85 87
115 85 113
115 85 114
115 85 115
115 85 117
115 85 118
115 85 119
115 86 81
115 86 82
115 86 83
115 86 85
115 86 86
115 86 87
115 86 113
115 86 114
115 86 115
115 86 117
115 86 118
115 86 119
115 87 81
115 87 82
115 87 83
115 87 85
115 87 86
115 87 87
115 87 113
115 87 114
115 87 115
115 87 117
115 87 118
115 87 119
115 113 81
115 113 82
115 113 83
115 113 85
115 113 86
115 113 87
115 113 113
115 113 114
115 113 115
115 113 117
115 113 118
115 113 119
115 114 81
115 114 82
115 114 83
115 114 85
115 114 86
115 114 87
115 114 113
115 114 114
115 114 115
115 114 117
115 114 118
115 114 119
115 115 81
115 115 82
115 115 83
115 115 85
115 115 86
115 115 87
115 115 113
115 115 114
115 115 115
115 115 117
115 115 118
115 115 119
115 117 81
115 117 82
115 117 83
115 117 85
115 117 86
115 117 87
115 117 113
115 117 114
115 117 115
115 117 117
115 117 118
115 117 119
115 118 81
115 118 82
115 118 83
115 118 85
115 118 86
115 118 87
115 118 113
115 118 114
115 118 115
115 118 117
115 118 118
115 118 119
115 119 81
115 119 82
115 119 83
115 119 85
115 119 86
115 119 87
115 119 113
115 119 114
115 119 115
115 119 117
115 119 118
115 119 119
117 81 81
117 81 82
117 81 83
117 81 85
117 81 86
117 81 87
117 81 113
117 81 114
117 81 115
117 81 117
117 81 118
117 81 119
117 82 81
117 82 82
117 82 83
117 82 85
117 82 86
117 82 87
117 82 113
117 82 114
117 82 115
117 82 117
117 82 118
117 82 119
117 83 81
117 83 82
117 83 83
117 83 85
117 83 86
117 83 87
117 83 113
117 83 114
117 83 115
117 83 117
117 83 118
117 83 119
117 85 81
117 85 82
117 85 83
117 85 85
117 85 86
117 85 87
117 85 113
117 85 114
117 85 115
117 85 117
117 85 118
117 85 119
117 86 81
117 86 82
117 86 83
117 86 85
117 86 86
117 86 87
117 86 113
117 86 114
117 86 115
117 86 117
117 86 118
117 86 119
117 87 81
117 87 82
117 87 83
117 87 85
117 87 86
117 87 87
117 87 113
117 87 114
117 87 115
117 87 117
117 87 118
117 87 119
117 113 81
117 113 82
117 113 83
117 113 85
117 113 86
117 113 87
117 113 113
117 113 114
117 113 115
117 113 117
117 113 118
117 113 119
117 114 81
117 114 82
117 114 83
117 114 85
117 114 86
117 114 87
117 114 113
117 114 114
117 114 115
117 114 117
117 114 118
117 114 119
117 115 81
117 115 82
117 115 83
117 115 85
117 115 86
117 115 87
117 115 113
117 115 114
117 115 115
117 115 117
117 115 118
117 115 119
117 117 81
117 117 82
117 117 83
117 117 85
117 117 86
117 117 87
117 117 113
117 117 114
117 117 115
117 117 117
117 117 118
117 117 119
117 118 81
117 118 82
117 118 83
117 118 85
117 118 86
117 118 87
117 118 113
117 118 114
117 118 115
117 118 117
117 118 118
117 118 119
117 119 81
117 119 82
117 119 83
117 119 85
117 119 86
117 119 87
117 119 113
117 119 114
117 119 115
117 119 117
117 119 118
117 119 119
118 81 81
118 81 82
118 81 83
118 81 85
118 81 86
118 81 87
118 81 113
118 81 114
118 81 115
118 81 117
118 81 118
118 81 119
118 82 81
118 82 83
118 82 85
118 82 87
118 82 113
118 82 115
118 82 117
118 82 119
118 83 81
118 83 82
118 83 83
118 83 85
118 83 86
118 83 87
118 83 113
118 83 114
118 83 115
118 83 117
118 83 118
118 83 119
118 85 81
118 85 82
118 85 83
118 85 85
118 85 86
118 85 87
118 85 113
118 85 114
118 85 115
118 85 117
118 85 118
118 85 119
118 86 81
118 86 83
118 86 85
118 86 87
118 86 113
118 86 115
118 86 117
118 86 119
118 87 81
118 87 82
118 87 83
118 87 85
118 87 86
118 87 87
118 87 113
118 87 114
118 87 115
118 87 117
118 87 118
118 87 119
118 113 81
118 113 82
118 113 83
118 113 85
118 113 86
118 113 87
118 113 113
118 113 114
118 113 115
118 113 117
118 113 118
118 113 119
118 114 81
118 114 83
118 114 85
118 114 87
118 114 113
118 114 115
118 114 117
118 114 119
118 115 81
118 115 82
118 115 83
118 115 85
118 115 86
118 115 87
118 115 113
118 115 114
118 115 115
118 115 117
118 115 118
118 115 119
118 117 81
118 117 82
118 117 83
118 117 85
118 117 86
118 117 87
118 117 113
118 117 114
118 117 115
118 117 117
118 117 118
118 117 119
118 118 81
118 118 83
118 118 85
118 118 87
118 118 113
118 118 115
118 118 117
118 118 119
118 119 81
118 119 82
118 119 83
118 119 85
118 119 86
118 119 87
118 119 113
118 119 114
118 119 115
118 119 117
118 119 118
118 119 119
119 81 81
119 81 82
119 81 83
119 81 85
119 81 86
119 81 87
119 81 113
119 81 114
119 81 115
119 81 117
119 81 118
119 81 119
119 82 81
119 82 82
119 82 83
119 82 85
119 82 86
119 82 87
119 82 113
119 82 114
119 82 115
119 82 117
119 82 118
119 82 119
119 83 81
119 83 82
119 83 83
119 83 85
119 83 86
119 83 87
119 83 113
119 83 114
119 83 115
119 83 117
119 83 118
119 83 119
119 85 81
119 85 82
119 85 83
119 85 85
119 85 86
119 85 87
119 85 113
119 85 114
119 85 115
119 85 117
119 85 118
119 85 119
119 86 81
119 86 82
119 86 83
119 86 85
119 86 86
119 86 87
119 86 113
119 86 114
119 86 115
119 86 117
119 86 118
119 86 119
119 87 81
119 87 82
119 87 83
119 87 85
119 87 86
119 87 87
119 87 113
119 87 114
119 87 115
119 87 117
119 87 118
119 87 119
119 113 81
119 113 82
119 113 83
119 113 85
119 113 86
119 113 87
119 113 113
119 113 114
119 113 115
119 113 117
119 113 118
119 113 119
119 114 81
119 114 82
119 114 83
119 114 85
119 114 86
119 114 87
119 114 113
119 114 114
119 114 115
119 114 117
119 114 118
119 114 119
119 115 81
119 115 82
119 115 83
119 115 85
119 115 86
119 115 87
119 115 113
119 115 114
119 115 115
119 115 117
119 115 118
119 115 119
119 117 81
119 117 82
119 117 83
119 117 85
119 117 86
119 117 87
119 117 113
119 117 114
119 117 115
119 117 117
119 117 118
119 117 119
119 118 81
119 118 82
119 118 83
119 118 85
119 118 86
119 118 87
119 118 113
119 118 114
119 118 115
119 118 117
119 118 118
119 118 119
119 119 81
119 119 82
119 119 83
119 119 85
119 119 86
119 119 87
119 119 113
119 119 114
119 119 115
119 119 117
119 119 118
119 119 119
