9-26/5-7,12-13,15/5/M
40 40 40 4
40 40 43 4
40 40 45 4
40 40 46 4
40 40 50 4
40 40 51 4
40 40 52 4
40 40 53 4
40 40 56 4
40 40 58 4
40 41 44 4
40 41 45 4
40 41 47 4
40 41 51 4
40 41 53 4
40 41 55 4
40 41 56 4
40 41 57 4
40 42 40 4
40 42 41 4
40 42 42 4
40 42 47 4
40 42 49 4
40 42 57 4
40 43 41 4
40 43 44 4
40 43 45 4
40 43 47 4
40 43 49 4
40 43 51 4
40 43 52 4
40 43 54 4
40 43 55 4
40 43 57 4
40 43 58 4
40 43 59 4
40 44 40 4
40 44 41 4
40 44 42 4
40 44 46 4
40 44 47 4
40 44 52 4
40 44 53 4
40 44 55 4
40 44 57 4
40 45 40 4
40 45 42 4
40 45 43 4
40 45 45 4
40 45 46 4
40 45 48 4
40 45 50 4
40 45 51 4
40 45 52 4
40 45 53 4
40 45 54 4
40 45 55 4
40 45 58 4
40 46 40 4
40 46 41 4
40 46 42 4
40 46 44 4
40 46 47 4
40 46 48 4
40 46 50 4
40 46 52 4
40 46 54 4
40 46 55 4
40 46 56 4
40 46 57 4
40 46 58 4
40 47 41 4
40 47 42 4
40 47 43 4
40 47 44 4
40 47 47 4
40 47 48 4
40 47 50 4
40 47 51 4
40 47 53 4
40 48 40 4
40 48 41 4
40 48 44 4
40 48 45 4
40 48 46 4
40 48 48 4
40 48 51 4
40 48 53 4
40 48 55 4
40 48 57 4
40 48 58 4
40 48 59 4
40 49 41 4
40 49 44 4
40 49 46 4
40 49 51 4
40 49 52 4
40 49 56 4
40 49 59 4
40 50 40 4
40 50 42 4
40 50 43 4
40 50 45 4
40 50 48 4
40 50 51 4
40 50 54 4
40 50 55 4
40 51 40 4
40 51 42 4
40 51 43 4
40 51 47 4
40 51 50 4
40 51 53 4
40 51 55 4
40 51 58 4
40 51 59 4
40 52 40 4
40 52 41 4
40 52 44 4
40 52 45 4
40 52 47 4
40 52 48 4
40 52 49 4
40 52 50 4
40 52 53 4
40 52 55 4
40 52 57 4
40 52 59 4
40 53 40 4
40 53 41 4
40 53 43 4
40 53 44 4
40 53 46 4
40 53 47 4
40 53 48 4
40 53 49 4
40 53 51 4
40 53 53 4
40 53 54 4
40 53 56 4
40 53 57 4
40 54 40 4
40 54 41 4
40 54 45 4
40 54 46 4
40 54 48 4
40 54 49 4
40 54 57 4
40 54 59 4
40 55 40 4
40 55 42 4
40 55 44 4
40 55 48 4
40 55 50 4
40 55 51 4
40 55 53 4
40 55 57 4
40 56 41 4
40 56 44 4
40 56 46 4
40 56 47 4
40 56 52 4
40 56 53 4
40 57 46 4
40 57 48 4
40 57 49 4
40 57 51 4
40 57 52 4
40 57 54 4
40 57 55 4
40 57 56 4
40 57 58 4
40 57 59 4
40 58 45 4
40 58 46 4
40 58 47 4
40 58 48 4
40 58 49 4
40 58 52 4
40 58 59 4
40 59 41 4
40 59 42 4
40 59 43 4
40 59 44 4
40 59 45 4
40 59 46 4
40 59 47 4
40 59 48 4
40 59 49 4
40 59 51 4
40 59 53 4
40 59 54 4
40 59 55 4
40 59 58 4
40 59 59 4
41 40 41 4
41 40 42 4
41 40 44 4
41 40 45 4
41 40 47 4
41 40 48 4
41 40 49 4
41 40 50 4
41 40 51 4
41 40 52 4
41 40 53 4
41 40 54 4
41 40 55 4
41 40 56 4
41 40 57 4
41 40 58 4
41 41 41 4
41 41 42 4
41 41 43 4
41 41 45 4
41 41 46 4
41 41 47 4
41 41 52 4
41 41 54 4
41 41 56 4
41 41 58 4
41 42 40 4
41 42 43 4
41 42 45 4
41 42 46 4
41 42 48 4
41 42 49 4
41 42 52 4
41 42 55 4
41 42 56 4
41 42 57 4
41 42 58 4
41 43 45 4
41 43 46 4
41 43 48 4
41 43 50 4
41 43 57 4
41 43 58 4
41 44 40 4
41 44 42 4
41 44 46 4
41 44 53 4
41 44 54 4
41 44 55 4
41 44 58 4
41 45 40 4
41 45 42 4
41 45 44 4
41 45 45 4
41 45 47 4
41 45 48 4
41 45 49 4
41 45 51 4
41 45 52 4
41 45 53 4
41 45 54 4
41 45 58 4
41 45 59 4
41 46 41 4
41 46 43 4
41 46 44 4
41 46 45 4
41 46 48 4
41 46 50 4
41 46 51 4
41 46 53 4
41 46 55 4
41 46 56 4
41 46 57 4
41 47 42 4
41 47 43 4
41 47 44 4
41 47 46 4
41 47 47 4
41 47 49 4
41 47 50 4
41 47 51 4
41 47 52 4
41 47 53 4
41 47 54 4
41 47 55 4
41 47 56 4
41 47 57 4
41 47 59 4
41 48 41 4
41 48 45 4
41 48 49 4
41 48 57 4
41 48 59 4
41 49 41 4
41 49 43 4
41 49 45 4
41 49 46 4
41 49 47 4
41 49 56 4
41 49 57 4
41 50 41 4
41 50 44 4
41 50 49 4
41 50 53 4
41 50 54 4
41 50 59 4
41 51 40 4
41 51 43 4
41 51 44 4
41 51 46 4
41 51 49 4
41 51 50 4
41 51 51 4
41 51 53 4
41 51 58 4
41 51 59 4
41 52 41 4
41 52 43 4
41 52 44 4
41 52 45 4
41 52 48 4
41 52 49 4
41 52 50 4
41 52 55 4
41 53 41 4
41 53 44 4
41 53 46 4
41 53 47 4
41 53 49 4
41 53 51 4
41 53 53 4
41 53 55 4
41 53 56 4
41 53 57 4
41 53 58 4
41 53 59 4
41 54 42 4
41 54 44 4
41 54 45 4
41 54 46 4
41 54 48 4
41 54 51 4
41 54 53 4
41 54 54 4
41 54 55 4
41 54 56 4
41 54 57 4
41 54 58 4
41 54 59 4
41 55 40 4
41 55 41 4
41 55 42 4
41 55 43 4
41 55 45 4
41 55 47 4
41 55 54 4
41 55 56 4
41 55 58 4
41 56 40 4
41 56 42 4
41 56 43 4
41 56 45 4
41 56 46 4
41 56 49 4
41 56 50 4
41 56 51 4
41 56 53 4
41 56 54 4
41 56 56 4
41 56 57 4
41 56 58 4
41 56 59 4
41 57 40 4
41 57 44 4
41 57 45 4
41 57 46 4
41 57 49 4
41 57 54 4
41 57 55 4
41 57 58 4
41 57 59 4
41 58 40 4
41 58 41 4
41 58 42 4
41 58 43 4
41 58 48 4
41 58 49 4
41 58 53 4
41 58 55 4
41 58 56 4
41 58 57 4
41 58 58 4
41 59 43 4
41 59 44 4
41 59 45 4
41 59 46 4
41 59 48 4
41 59 49 4
41 59 50 4
41 59 52 4
41 59 53 4
41 59 55 4
41 59 59 4
42 40 41 4
42 40 43 4
42 40 47 4
42 40 49 4
42 40 50 4
42 40 51 4
42 40 52 4
42 40 56 4
42 40 59 4
42 41 40 4
42 41 42 4
42 41 43 4
42 41 44 4
42 41 45 4
42 41 54 4
42 41 58 4
42 41 59 4
42 42 40 4
42 42 42 4
42 42 43 4
42 42 45 4
42 42 50 4
42 42 53 4
42 42 56 4
42 42 57 4
42 42 58 4
42 42 59 4
42 43 40 4
42 43 41 4
42 43 42 4
42 43 43 4
42 43 45 4
42 43 47 4
42 43 49 4
42 43 54 4
42 44 40 4
42 44 41 4
42 44 43 4
42 44 44 4
42 44 45 4
42 44 48 4
42 44 54 4
42 44 57 4
42 44 58 4
42 45 40 4
42 45 41 4
42 45 43 4
42 45 44 4
42 45 46 4
42 45 48 4
42 45 52 4
42 45 55 4
42 45 56 4
42 45 57 4
42 46 42 4
42 46 45 4
42 46 47 4
42 46 48 4
42 46 49 4
42 46 51 4
42 46 52 4
42 46 54 4
42 46 56 4
42 46 57 4
42 46 58 4
42 47 44 4
42 47 47 4
42 47 49 4
42 47 50 4
42 47 52 4
42 47 55 4
42 47 56 4
42 47 59 4
42 48 42 4
42 48 44 4
42 48 46 4
42 48 48 4
42 48 50 4
42 48 51 4
42 48 52 4
42 48 57 4
42 48 59 4
42 49 40 4
42 49 41 4
42 49 43 4
42 49 45 4
42 49 47 4
42 49 48 4
42 49 49 4
42 49 50 4
42 49 51 4
42 49 52 4
42 49 53 4
42 49 54 4
42 49 55 4
42 49 56 4
42 49 57 4
42 49 58 4
42 50 40 4
42 50 41 4
42 50 43 4
42 50 44 4
42 50 47 4
42 50 49 4
42 50 50 4
42 50 51 4
42 50 54 4
42 50 55 4
42 50 56 4
42 50 58 4
42 50 59 4
42 51 40 4
42 51 46 4
42 51 48 4
42 51 50 4
42 51 51 4
42 51 54 4
42 51 57 4
42 51 58 4
42 52 42 4
42 52 43 4
42 52 45 4
42 52 49 4
42 52 50 4
42 52 51 4
42 52 52 4
42 52 53 4
42 52 55 4
42 53 42 4
42 53 45 4
42 53 46 4
42 53 48 4
42 53 49 4
42 53 54 4
42 54 40 4
42 54 42 4
42 54 44 4
42 54 46 4
42 54 47 4
42 54 48 4
42 54 49 4
42 54 50 4
42 54 51 4
42 54 54 4
42 54 55 4
42 54 56 4
42 55 44 4
42 55 46 4
42 55 48 4
42 55 50 4
42 55 54 4
42 55 55 4
42 55 56 4
42 55 59 4
42 56 40 4
42 56 44 4
42 56 55 4
42 56 58 4
42 56 59 4
42 57 42 4
42 57 44 4
42 57 46 4
42 57 47 4
42 57 49 4
42 57 50 4
42 57 51 4
42 57 54 4
42 57 55 4
42 57 57 4
42 57 58 4
42 57 59 4
42 58 40 4
42 58 41 4
42 58 42 4
42 58 43 4
42 58 44 4
42 58 46 4
42 58 47 4
42 58 48 4
42 58 51 4
42 58 54 4
42 58 57 4
42 58 59 4
42 59 40 4
42 59 41 4
42 59 42 4
42 59 43 4
42 59 45 4
42 59 50 4
42 59 51 4
42 59 53 4
42 59 54 4
42 59 55 4
42 59 57 4
43 40 41 4
43 40 43 4
43 40 46 4
43 40 50 4
43 40 51 4
43 40 52 4
43 40 54 4
43 40 55 4
43 40 56 4
43 40 58 4
43 41 40 4
43 41 41 4
43 41 46 4
43 41 49 4
43 41 53 4
43 41 54 4
43 41 56 4
43 41 57 4
43 41 59 4
43 42 41 4
43 42 42 4
43 42 43 4
43 42 45 4
43 42 46 4
43 42 47 4
43 42 48 4
43 42 50 4
43 42 51 4
43 42 54 4
43 42 55 4
43 43 42 4
43 43 43 4
43 43 46 4
43 43 47 4
43 43 48 4
43 43 52 4
43 43 53 4
43 43 54 4
43 43 55 4
43 43 56 4
43 44 40 4
43 44 42 4
43 44 44 4
43 44 45 4
43 44 46 4
43 44 49 4
43 44 50 4
43 44 57 4
43 44 58 4
43 45 41 4
43 45 45 4
43 45 46 4
43 45 48 4
43 45 49 4
43 45 51 4
43 45 52 4
43 45 54 4
43 45 55 4
43 45 56 4
43 45 57 4
43 45 58 4
43 45 59 4
43 46 40 4
43 46 48 4
43 46 49 4
43 46 53 4
43 46 58 4
43 47 41 4
43 47 42 4
43 47 44 4
43 47 45 4
43 47 47 4
43 47 50 4
43 47 52 4
43 47 54 4
43 47 55 4
43 47 56 4
43 47 57 4
43 47 59 4
43 48 40 4
43 48 44 4
43 48 45 4
43 48 48 4
43 48 50 4
43 48 51 4
43 48 52 4
43 48 54 4
43 48 56 4
43 48 58 4
43 49 41 4
43 49 43 4
43 49 46 4
43 49 47 4
43 49 49 4
43 49 52 4
43 49 53 4
43 49 56 4
43 49 59 4
43 50 46 4
43 50 48 4
43 50 49 4
43 50 52 4
43 50 56 4
43 50 58 4
43 51 40 4
43 51 42 4
43 51 46 4
43 51 54 4
43 51 56 4
43 51 57 4
43 52 48 4
43 52 49 4
43 52 50 4
43 52 53 4
43 52 54 4
43 52 56 4
43 52 57 4
43 52 59 4
43 53 41 4
43 53 43 4
43 53 45 4
43 53 47 4
43 53 48 4
43 53 49 4
43 53 52 4
43 53 58 4
43 53 59 4
43 54 40 4
43 54 43 4
43 54 44 4
43 54 45 4
43 54 46 4
43 54 47 4
43 54 48 4
43 54 52 4
43 54 53 4
43 54 55 4
43 54 58 4
43 54 59 4
43 55 42 4
43 55 45 4
43 55 46 4
43 55 48 4
43 55 49 4
43 55 50 4
43 55 52 4
43 55 55 4
43 55 57 4
43 55 58 4
43 55 59 4
43 56 41 4
43 56 42 4
43 56 43 4
43 56 44 4
43 56 45 4
43 56 46 4
43 56 47 4
43 56 48 4
43 56 49 4
43 56 51 4
43 56 52 4
43 56 53 4
43 56 56 4
43 56 58 4
43 57 41 4
43 57 50 4
43 57 52 4
43 57 54 4
43 57 55 4
43 57 56 4
43 57 58 4
43 57 59 4
43 58 40 4
43 58 42 4
43 58 43 4
43 58 44 4
43 58 45 4
43 58 46 4
43 58 47 4
43 58 49 4
43 58 57 4
43 59 43 4
43 59 44 4
43 59 46 4
43 59 47 4
43 59 48 4
43 59 51 4
43 59 52 4
43 59 54 4
43 59 55 4
43 59 56 4
43 59 57 4
43 59 58 4
44 40 40 4
44 40 42 4
44 40 45 4
44 40 49 4
44 40 55 4
44 40 57 4
44 40 58 4
44 41 41 4
44 41 42 4
44 41 43 4
44 41 45 4
44 41 48 4
44 41 49 4
44 41 50 4
44 41 52 4
44 41 54 4
44 41 55 4
44 41 56 4
44 41 57 4
44 41 58 4
44 41 59 4
44 42 44 4
44 42 45 4
44 42 48 4
44 42 51 4
44 42 54 4
44 42 55 4
44 42 56 4
44 42 57 4
44 42 58 4
44 43 40 4
44 43 41 4
44 43 43 4
44 43 44 4
44 43 46 4
44 43 47 4
44 43 48 4
44 43 50 4
44 43 57 4
44 43 58 4
44 44 40 4
44 44 46 4
44 44 47 4
44 44 48 4
44 44 50 4
44 44 52 4
44 44 53 4
44 44 56 4
44 45 41 4
44 45 42 4
44 45 43 4
44 45 44 4
44 45 45 4
44 45 47 4
44 45 48 4
44 45 50 4
44 45 51 4
44 45 52 4
44 45 53 4
44 45 55 4
44 45 57 4
44 45 59 4
44 46 40 4
44 46 46 4
44 46 47 4
44 46 48 4
44 46 51 4
44 46 55 4
44 46 56 4
44 46 57 4
44 47 41 4
44 47 44 4
44 47 46 4
44 47 47 4
44 47 50 4
44 47 53 4
44 47 54 4
44 47 55 4
44 47 56 4
44 47 57 4
44 48 40 4
44 48 41 4
44 48 42 4
44 48 51 4
44 48 52 4
44 48 54 4
44 48 55 4
44 48 57 4
44 48 58 4
44 49 40 4
44 49 45 4
44 49 46 4
44 49 48 4
44 49 49 4
44 49 50 4
44 49 51 4
44 49 58 4
44 49 59 4
44 50 40 4
44 50 42 4
44 50 45 4
44 50 49 4
44 50 52 4
44 50 53 4
44 50 54 4
44 50 55 4
44 50 56 4
44 50 59 4
44 51 44 4
44 51 46 4
44 51 48 4
44 51 49 4
44 51 50 4
44 51 55 4
44 51 56 4
44 52 41 4
44 52 42 4
44 52 43 4
44 52 44 4
44 52 45 4
44 52 48 4
44 52 49 4
44 52 50 4
44 52 52 4
44 52 53 4
44 52 54 4
44 52 55 4
44 52 58 4
44 52 59 4
44 53 40 4
44 53 43 4
44 53 45 4
44 53 46 4
44 53 48 4
44 53 51 4
44 53 53 4
44 53 55 4
44 53 57 4
44 53 59 4
44 54 41 4
44 54 45 4
44 54 46 4
44 54 47 4
44 54 48 4
44 54 49 4
44 54 50 4
44 54 52 4
44 54 53 4
44 54 55 4
44 54 56 4
44 54 58 4
44 54 59 4
44 55 40 4
44 55 41 4
44 55 42 4
44 55 43 4
44 55 50 4
44 55 51 4
44 55 52 4
44 55 53 4
44 55 54 4
44 55 55 4
44 56 41 4
44 56 43 4
44 56 45 4
44 56 47 4
44 56 49 4
44 56 54 4
44 56 56 4
44 56 57 4
44 56 58 4
44 56 59 4
44 57 43 4
44 57 45 4
44 57 47 4
44 57 48 4
44 57 54 4
44 57 55 4
44 57 56 4
44 57 57 4
44 57 58 4
44 57 59 4
44 58 40 4
44 58 42 4
44 58 45 4
44 58 46 4
44 58 47 4
44 58 48 4
44 58 50 4
44 58 51 4
44 58 53 4
44 58 56 4
44 58 59 4
44 59 44 4
44 59 45 4
44 59 51 4
44 59 52 4
44 59 53 4
44 59 54 4
44 59 55 4
44 59 56 4
44 59 58 4
44 59 59 4
45 40 40 4
45 40 41 4
45 40 42 4
45 40 44 4
45 40 45 4
45 40 46 4
45 40 47 4
45 40 48 4
45 40 50 4
45 40 51 4
45 40 52 4
45 40 54 4
45 40 57 4
45 40 58 4
45 41 40 4
45 41 43 4
45 41 44 4
45 41 49 4
45 41 51 4
45 41 53 4
45 41 56 4
45 41 57 4
45 42 40 4
45 42 44 4
45 42 45 4
45 42 47 4
45 42 48 4
45 42 49 4
45 42 50 4
45 42 51 4
45 42 52 4
45 42 53 4
45 42 54 4
45 42 56 4
45 42 57 4
45 42 59 4
45 43 40 4
45 43 41 4
45 43 42 4
45 43 44 4
45 43 47 4
45 43 48 4
45 43 51 4
45 43 52 4
45 43 53 4
45 43 54 4
45 43 59 4
45 44 43 4
45 44 44 4
45 44 45 4
45 44 48 4
45 44 49 4
45 44 52 4
45 44 53 4
45 44 54 4
45 44 55 4
45 44 59 4
45 45 41 4
45 45 42 4
45 45 46 4
45 45 50 4
45 45 52 4
45 45 55 4
45 45 59 4
45 46 41 4
45 46 43 4
45 46 44 4
45 46 45 4
45 46 46 4
45 46 48 4
45 46 50 4
45 46 52 4
45 46 55 4
45 46 57 4
45 46 58 4
45 47 41 4
45 47 42 4
45 47 43 4
45 47 45 4
45 47 47 4
45 47 50 4
45 47 53 4
45 47 55 4
45 47 59 4
45 48 40 4
45 48 43 4
45 48 47 4
45 48 50 4
45 48 51 4
45 48 53 4
45 48 55 4
45 48 56 4
45 48 58 4
45 49 40 4
45 49 42 4
45 49 44 4
45 49 47 4
45 49 48 4
45 49 49 4
45 49 50 4
45 49 51 4
45 49 52 4
45 49 53 4
45 49 54 4
45 49 55 4
45 49 56 4
45 49 57 4
45 50 41 4
45 50 42 4
45 50 44 4
45 50 46 4
45 50 47 4
45 50 50 4
45 50 51 4
45 50 53 4
45 50 55 4
45 50 56 4
45 50 59 4
45 51 41 4
45 51 43 4
45 51 45 4
45 51 47 4
45 51 52 4
45 51 54 4
45 51 57 4
45 51 58 4
45 51 59 4
45 52 40 4
45 52 44 4
45 52 45 4
45 52 47 4
45 52 48 4
45 52 49 4
45 52 51 4
45 52 52 4
45 52 54 4
45 52 56 4
45 53 43 4
45 53 45 4
45 53 46 4
45 53 48 4
45 53 50 4
45 53 54 4
45 53 55 4
45 53 56 4
45 53 58 4
45 53 59 4
45 54 40 4
45 54 42 4
45 54 44 4
45 54 45 4
45 54 47 4
45 54 48 4
45 54 51 4
45 54 52 4
45 54 53 4
45 54 54 4
45 54 56 4
45 54 58 4
45 55 44 4
45 55 47 4
45 55 48 4
45 55 54 4
45 55 56 4
45 55 59 4
45 56 40 4
45 56 42 4
45 56 47 4
45 56 49 4
45 56 52 4
45 56 55 4
45 56 56 4
45 56 57 4
45 56 58 4
45 57 40 4
45 57 42 4
45 57 43 4
45 57 44 4
45 57 46 4
45 57 48 4
45 57 49 4
45 57 52 4
45 57 54 4
45 57 57 4
45 57 58 4
45 57 59 4
45 58 43 4
45 58 44 4
45 58 46 4
45 58 47 4
45 58 48 4
45 58 49 4
45 58 52 4
45 58 55 4
45 58 56 4
45 58 59 4
45 59 43 4
45 59 46 4
45 59 47 4
45 59 49 4
45 59 50 4
45 59 51 4
45 59 52 4
45 59 55 4
45 59 56 4
45 59 58 4
46 40 40 4
46 40 42 4
46 40 46 4
46 40 47 4
46 40 49 4
46 40 52 4
46 40 53 4
46 40 54 4
46 40 55 4
46 40 57 4
46 40 59 4
46 41 40 4
46 41 41 4
46 41 42 4
46 41 43 4
46 41 46 4
46 41 49 4
46 41 50 4
46 41 54 4
46 41 55 4
46 41 56 4
46 41 57 4
46 41 59 4
46 42 41 4
46 42 42 4
46 42 43 4
46 42 44 4
46 42 46 4
46 42 48 4
46 42 49 4
46 42 50 4
46 42 51 4
46 42 55 4
46 42 56 4
46 43 40 4
46 43 43 4
46 43 44 4
46 43 45 4
46 43 47 4
46 43 49 4
46 43 50 4
46 43 52 4
46 43 53 4
46 43 54 4
46 43 57 4
46 43 59 4
46 44 40 4
46 44 43 4
46 44 44 4
46 44 46 4
46 44 47 4
46 44 48 4
46 44 50 4
46 44 51 4
46 44 53 4
46 45 41 4
46 45 43 4
46 45 44 4
46 45 46 4
46 45 48 4
46 45 50 4
46 45 51 4
46 45 52 4
46 45 53 4
46 45 57 4
46 45 58 4
46 46 42 4
46 46 44 4
46 46 45 4
46 46 49 4
46 46 50 4
46 46 52 4
46 46 56 4
46 47 43 4
46 47 44 4
46 47 46 4
46 47 47 4
46 47 50 4
46 47 51 4
46 47 52 4
46 47 54 4
46 47 55 4
46 47 57 4
46 47 58 4
46 48 41 4
46 48 44 4
46 48 46 4
46 48 47 4
46 48 48 4
46 48 50 4
46 48 51 4
46 48 52 4
46 48 53 4
46 48 54 4
46 48 55 4
46 48 57 4
46 48 58 4
46 49 40 4
46 49 42 4
46 49 45 4
46 49 47 4
46 49 48 4
46 49 49 4
46 49 50 4
46 49 53 4
46 49 55 4
46 49 58 4
46 49 59 4
46 50 40 4
46 50 41 4
46 50 46 4
46 50 49 4
46 50 55 4
46 50 56 4
46 50 58 4
46 51 40 4
46 51 43 4
46 51 44 4
46 51 51 4
46 51 52 4
46 51 53 4
46 52 40 4
46 52 41 4
46 52 42 4
46 52 44 4
46 52 47 4
46 52 48 4
46 52 50 4
46 52 54 4
46 52 55 4
46 52 56 4
46 53 43 4
46 53 48 4
46 53 49 4
46 53 50 4
46 53 54 4
46 53 56 4
46 53 58 4
46 53 59 4
46 54 42 4
46 54 43 4
46 54 44 4
46 54 46 4
46 54 47 4
46 54 48 4
46 54 50 4
46 54 51 4
46 54 52 4
46 54 53 4
46 54 54 4
46 54 57 4
46 54 58 4
46 55 43 4
46 55 44 4
46 55 47 4
46 55 49 4
46 55 50 4
46 55 51 4
46 55 52 4
46 55 53 4
46 55 55 4
46 55 56 4
46 55 57 4
46 55 58 4
46 56 40 4
46 56 41 4
46 56 45 4
46 56 50 4
46 56 51 4
46 56 53 4
46 56 54 4
46 56 56 4
46 56 57 4
46 56 58 4
46 56 59 4
46 57 43 4
46 57 45 4
46 57 47 4
46 57 49 4
46 57 51 4
46 57 52 4
46 57 58 4
46 57 59 4
46 58 40 4
46 58 41 4
46 58 44 4
46 58 46 4
46 58 50 4
46 58 55 4
46 58 56 4
46 58 58 4
46 59 40 4
46 59 41 4
46 59 43 4
46 59 45 4
46 59 48 4
46 59 49 4
46 59 50 4
46 59 52 4
46 59 53 4
46 59 54 4
46 59 57 4
47 40 40 4
47 40 41 4
47 40 43 4
47 40 45 4
47 40 49 4
47 40 50 4
47 40 52 4
47 40 54 4
47 40 56 4
47 40 57 4
47 40 58 4
47 41 44 4
47 41 45 4
47 41 46 4
47 41 47 4
47 41 49 4
47 41 51 4
47 41 52 4
47 41 56 4
47 41 57 4
47 41 58 4
47 42 40 4
47 42 43 4
47 42 46 4
47 42 50 4
47 42 51 4
47 42 54 4
47 42 55 4
47 42 56 4
47 42 59 4
47 43 45 4
47 43 46 4
47 43 47 4
47 43 51 4
47 43 52 4
47 43 53 4
47 43 55 4
47 43 56 4
47 43 57 4
47 43 58 4
47 43 59 4
47 44 42 4
47 44 43 4
47 44 44 4
47 44 46 4
47 44 47 4
47 44 48 4
47 44 51 4
47 44 52 4
47 44 53 4
47 44 54 4
47 44 55 4
47 44 57 4
47 44 58 4
47 44 59 4
47 45 40 4
47 45 41 4
47 45 42 4
47 45 43 4
47 45 44 4
47 45 46 4
47 45 47 4
47 45 53 4
47 45 54 4
47 45 56 4
47 45 59 4
47 46 42 4
47 46 43 4
47 46 45 4
47 46 46 4
47 46 51 4
47 46 52 4
47 46 54 4
47 46 57 4
47 46 59 4
47 47 42 4
47 47 44 4
47 47 45 4
47 47 46 4
47 47 49 4
47 47 54 4
47 47 58 4
47 47 59 4
47 48 42 4
47 48 43 4
47 48 44 4
47 48 46 4
47 48 47 4
47 48 48 4
47 48 49 4
47 48 50 4
47 48 51 4
47 48 55 4
47 48 56 4
47 49 41 4
47 49 44 4
47 49 45 4
47 49 50 4
47 49 53 4
47 49 55 4
47 49 57 4
47 50 41 4
47 50 42 4
47 50 44 4
47 50 46 4
47 50 49 4
47 50 52 4
47 50 53 4
47 50 55 4
47 50 56 4
47 50 57 4
47 50 58 4
47 50 59 4
47 51 40 4
47 51 42 4
47 51 43 4
47 51 44 4
47 51 45 4
47 51 46 4
47 51 48 4
47 51 52 4
47 51 55 4
47 51 57 4
47 52 42 4
47 52 44 4
47 52 45 4
47 52 46 4
47 52 51 4
47 52 54 4
47 52 58 4
47 53 40 4
47 53 41 4
47 53 42 4
47 53 43 4
47 53 45 4
47 53 46 4
47 53 50 4
47 53 57 4
47 53 58 4
47 53 59 4
47 54 41 4
47 54 42 4
47 54 44 4
47 54 46 4
47 54 47 4
47 54 50 4
47 54 51 4
47 54 53 4
47 54 55 4
47 54 56 4
47 55 42 4
47 55 43 4
47 55 45 4
47 55 47 4
47 55 48 4
47 55 50 4
47 55 52 4
47 55 54 4
47 55 57 4
47 56 44 4
47 56 45 4
47 56 46 4
47 56 48 4
47 56 49 4
47 56 53 4
47 56 57 4
47 56 58 4
47 57 41 4
47 57 42 4
47 57 44 4
47 57 45 4
47 57 47 4
47 57 48 4
47 57 49 4
47 57 52 4
47 57 53 4
47 57 55 4
47 57 57 4
47 58 43 4
47 58 45 4
47 58 48 4
47 58 49 4
47 58 50 4
47 58 51 4
47 58 52 4
47 58 55 4
47 58 57 4
47 58 58 4
47 58 59 4
47 59 42 4
47 59 43 4
47 59 45 4
47 59 47 4
47 59 48 4
47 59 51 4
47 59 54 4
47 59 56 4
47 59 58 4
47 59 59 4
48 40 41 4
48 40 42 4
48 40 43 4
48 40 46 4
48 40 47 4
48 40 50 4
48 40 51 4
48 40 52 4
48 40 54 4
48 40 56 4
48 40 58 4
48 41 42 4
48 41 44 4
48 41 47 4
48 41 48 4
48 41 49 4
48 41 53 4
48 41 54 4
48 41 55 4
48 41 57 4
48 42 44 4
48 42 46 4
48 42 48 4
48 42 50 4
48 42 51 4
48 42 53 4
48 43 40 4
48 43 43 4
48 43 44 4
48 43 47 4
48 43 48 4
48 43 53 4
48 43 54 4
48 43 56 4
48 43 58 4
48 44 41 4
48 44 43 4
48 44 45 4
48 44 49 4
48 44 51 4
48 44 53 4
48 44 55 4
48 44 56 4
48 45 40 4
48 45 46 4
48 45 53 4
48 45 54 4
48 45 55 4
48 45 56 4
48 45 58 4
48 46 40 4
48 46 41 4
48 46 43 4
48 46 44 4
48 46 46 4
48 46 47 4
48 46 49 4
48 46 51 4
48 46 54 4
48 46 55 4
48 46 59 4
48 47 42 4
48 47 46 4
48 47 48 4
48 47 49 4
48 47 50 4
48 47 53 4
48 47 54 4
48 47 55 4
48 47 58 4
48 48 43 4
48 48 44 4
48 48 46 4
48 48 48 4
48 48 51 4
48 48 52 4
48 48 54 4
48 48 55 4
48 48 57 4
48 49 40 4
48 49 47 4
48 49 53 4
48 49 57 4
48 49 58 4
48 49 59 4
48 50 41 4
48 50 43 4
48 50 46 4
48 50 49 4
48 50 50 4
48 50 52 4
48 50 53 4
48 50 54 4
48 50 55 4
48 50 57 4
48 50 59 4
48 51 40 4
48 51 41 4
48 51 47 4
48 51 48 4
48 51 49 4
48 51 51 4
48 51 55 4
48 51 56 4
48 51 57 4
48 51 59 4
48 52 41 4
48 52 44 4
48 52 45 4
48 52 46 4
48 52 49 4
48 52 50 4
48 52 52 4
48 52 53 4
48 52 54 4
48 52 55 4
48 52 57 4
48 53 41 4
48 53 43 4
48 53 46 4
48 53 47 4
48 53 49 4
48 53 51 4
48 53 53 4
48 53 55 4
48 53 57 4
48 53 58 4
48 53 59 4
48 54 41 4
48 54 42 4
48 54 43 4
48 54 46 4
48 54 54 4
48 54 55 4
48 54 56 4
48 54 58 4
48 55 40 4
48 55 41 4
48 55 42 4
48 55 47 4
48 55 49 4
48 55 50 4
48 55 51 4
48 55 53 4
48 55 57 4
48 56 40 4
48 56 42 4
48 56 43 4
48 56 44 4
48 56 46 4
48 56 50 4
48 56 55 4
48 56 56 4
48 56 59 4
48 57 40 4
48 57 42 4
48 57 43 4
48 57 45 4
48 57 46 4
48 57 47 4
48 57 48 4
48 57 49 4
48 57 50 4
48 57 54 4
48 57 56 4
48 58 45 4
48 58 46 4
48 58 47 4
48 58 48 4
48 58 49 4
48 58 50 4
48 58 51 4
48 58 53 4
48 58 54 4
48 58 56 4
48 58 58 4
48 59 43 4
48 59 44 4
48 59 46 4
48 59 47 4
48 59 54 4
48 59 56 4
48 59 59 4
49 40 41 4
49 40 42 4
49 40 44 4
49 40 45 4
49 40 46 4
49 40 48 4
49 40 49 4
49 40 50 4
49 40 51 4
49 40 53 4
49 40 55 4
49 40 56 4
49 40 57 4
49 40 58 4
49 41 40 4
49 41 41 4
49 41 42 4
49 41 44 4
49 41 45 4
49 41 46 4
49 41 47 4
49 41 48 4
49 41 49 4
49 41 51 4
49 41 52 4
49 41 55 4
49 41 56 4
49 41 57 4
49 41 58 4
49 41 59 4
49 42 40 4
49 42 41 4
49 42 44 4
49 42 46 4
49 42 48 4
49 42 49 4
49 42 51 4
49 42 52 4
49 42 53 4
49 42 55 4
49 42 58 4
49 42 59 4
49 43 40 4
49 43 43 4
49 43 48 4
49 43 49 4
49 43 51 4
49 43 52 4
49 43 53 4
49 43 55 4
49 43 59 4
49 44 40 4
49 44 41 4
49 44 45 4
49 44 48 4
49 44 49 4
49 44 54 4
49 44 55 4
49 44 56 4
49 45 40 4
49 45 42 4
49 45 47 4
49 45 49 4
49 45 50 4
49 45 54 4
49 45 55 4
49 45 56 4
49 45 58 4
49 45 59 4
49 46 40 4
49 46 41 4
49 46 42 4
49 46 44 4
49 46 45 4
49 46 46 4
49 46 52 4
49 46 54 4
49 47 41 4
49 47 44 4
49 47 45 4
49 47 47 4
49 47 49 4
49 47 50 4
49 47 52 4
49 47 53 4
49 47 57 4
49 47 58 4
49 47 59 4
49 48 41 4
49 48 43 4
49 48 46 4
49 48 48 4
49 48 49 4
49 48 55 4
49 49 46 4
49 49 53 4
49 49 54 4
49 49 55 4
49 49 57 4
49 49 58 4
49 50 41 4
49 50 43 4
49 50 44 4
49 50 46 4
49 50 48 4
49 50 49 4
49 50 50 4
49 50 51 4
49 50 54 4
49 50 57 4
49 50 58 4
49 51 40 4
49 51 41 4
49 51 47 4
49 51 48 4
49 51 49 4
49 51 54 4
49 51 57 4
49 51 58 4
49 51 59 4
49 52 41 4
49 52 43 4
49 52 44 4
49 52 46 4
49 52 48 4
49 52 49 4
49 52 50 4
49 52 57 4
49 53 40 4
49 53 42 4
49 53 44 4
49 53 47 4
49 53 50 4
49 53 51 4
49 53 53 4
49 53 54 4
49 53 56 4
49 53 58 4
49 54 41 4
49 54 45 4
49 54 46 4
49 54 48 4
49 54 49 4
49 54 51 4
49 54 52 4
49 54 54 4
49 54 55 4
49 54 58 4
49 55 40 4
49 55 42 4
49 55 44 4
49 55 46 4
49 55 51 4
49 55 53 4
49 55 56 4
49 55 58 4
49 56 40 4
49 56 43 4
49 56 45 4
49 56 46 4
49 56 51 4
49 56 52 4
49 56 53 4
49 56 57 4
49 57 49 4
49 57 52 4
49 57 54 4
49 57 56 4
49 57 59 4
49 58 43 4
49 58 45 4
49 58 49 4
49 58 50 4
49 58 51 4
49 58 58 4
49 59 41 4
49 59 45 4
49 59 48 4
49 59 49 4
49 59 50 4
49 59 53 4
49 59 54 4
49 59 55 4
49 59 56 4
49 59 58 4
50 40 41 4
50 40 43 4
50 40 44 4
50 40 45 4
50 40 47 4
50 40 49 4
50 40 50 4
50 40 53 4
50 40 54 4
50 40 55 4
50 40 56 4
50 40 58 4
50 40 59 4
50 41 40 4
50 41 41 4
50 41 45 4
50 41 46 4
50 41 50 4
50 41 52 4
50 41 54 4
50 41 56 4
50 41 57 4
50 41 58 4
50 42 41 4
50 42 42 4
50 42 43 4
50 42 44 4
50 42 48 4
50 42 49 4
50 42 50 4
50 42 51 4
50 42 52 4
50 42 55 4
50 42 56 4
50 42 57 4
50 42 58 4
50 43 40 4
50 43 41 4
50 43 42 4
50 43 43 4
50 43 45 4
50 43 46 4
50 43 47 4
50 43 48 4
50 43 50 4
50 43 54 4
50 43 55 4
50 43 56 4
50 43 58 4
50 44 40 4
50 44 42 4
50 44 44 4
50 44 46 4
50 44 48 4
50 44 53 4
50 44 54 4
50 44 55 4
50 44 57 4
50 44 59 4
50 45 41 4
50 45 43 4
50 45 47 4
50 45 49 4
50 45 53 4
50 45 54 4
50 45 57 4
50 46 40 4
50 46 41 4
50 46 42 4
50 46 44 4
50 46 46 4
50 46 48 4
50 46 49 4
50 46 54 4
50 46 57 4
50 46 58 4
50 46 59 4
50 47 40 4
50 47 41 4
50 47 43 4
50 47 46 4
50 47 51 4
50 47 52 4
50 47 55 4
50 47 56 4
50 47 57 4
50 48 40 4
50 48 41 4
50 48 43 4
50 48 49 4
50 48 51 4
50 48 53 4
50 48 54 4
50 48 56 4
50 48 57 4
50 49 40 4
50 49 41 4
50 49 42 4
50 49 43 4
50 49 48 4
50 49 49 4
50 49 50 4
50 49 51 4
50 49 52 4
50 49 54 4
50 49 55 4
50 49 56 4
50 49 58 4
50 50 40 4
50 50 41 4
50 50 45 4
50 50 46 4
50 50 47 4
50 50 49 4
50 50 50 4
50 50 53 4
50 50 56 4
50 50 58 4
50 51 40 4
50 51 41 4
50 51 42 4
50 51 43 4
50 51 45 4
50 51 46 4
50 51 47 4
50 51 48 4
50 51 49 4
50 51 50 4
50 51 51 4
50 51 55 4
50 51 56 4
50 51 58 4
50 52 40 4
50 52 41 4
50 52 44 4
50 52 46 4
50 52 47 4
50 52 48 4
50 52 49 4
50 52 51 4
50 52 55 4
50 52 59 4
50 53 41 4
50 53 42 4
50 53 43 4
50 53 45 4
50 53 47 4
50 53 48 4
50 53 49 4
50 53 52 4
50 53 58 4
50 53 59 4
50 54 41 4
50 54 44 4
50 54 46 4
50 54 47 4
50 54 48 4
50 54 52 4
50 54 58 4
50 54 59 4
50 55 40 4
50 55 42 4
50 55 44 4
50 55 45 4
50 55 46 4
50 55 51 4
50 55 53 4
50 55 54 4
50 55 57 4
50 55 59 4
50 56 40 4
50 56 41 4
50 56 45 4
50 56 47 4
50 56 51 4
50 56 54 4
50 56 55 4
50 56 56 4
50 56 59 4
50 57 40 4
50 57 42 4
50 57 43 4
50 57 45 4
50 57 46 4
50 57 47 4
50 57 49 4
50 57 53 4
50 57 55 4
50 57 56 4
50 57 57 4
50 58 40 4
50 58 43 4
50 58 49 4
50 58 55 4
50 58 58 4
50 59 40 4
50 59 42 4
50 59 43 4
50 59 49 4
50 59 51 4
50 59 53 4
50 59 54 4
50 59 57 4
51 40 41 4
51 40 42 4
51 40 49 4
51 40 54 4
51 41 44 4
51 41 49 4
51 41 50 4
51 41 53 4
51 41 55 4
51 41 56 4
51 41 57 4
51 41 58 4
51 41 59 4
51 42 40 4
51 42 43 4
51 42 47 4
51 42 48 4
51 42 49 4
51 42 58 4
51 43 40 4
51 43 41 4
51 43 43 4
51 43 45 4
51 43 46 4
51 43 52 4
51 43 55 4
51 43 58 4
51 44 43 4
51 44 44 4
51 44 46 4
51 44 47 4
51 44 50 4
51 44 54 4
51 44 56 4
51 44 57 4
51 44 58 4
51 44 59 4
51 45 41 4
51 45 43 4
51 45 44 4
51 45 46 4
51 45 47 4
51 45 50 4
51 45 55 4
51 45 56 4
51 45 57 4
51 45 58 4
51 45 59 4
51 46 42 4
51 46 44 4
51 46 45 4
51 46 47 4
51 46 48 4
51 46 49 4
51 46 50 4
51 46 52 4
51 46 53 4
51 46 54 4
51 46 55 4
51 46 56 4
51 46 58 4
51 47 43 4
51 47 45 4
51 47 47 4
51 47 48 4
51 47 49 4
51 47 50 4
51 47 52 4
51 47 53 4
51 47 54 4
51 47 55 4
51 47 56 4
51 47 57 4
51 47 58 4
51 47 59 4
51 48 40 4
51 48 41 4
51 48 46 4
51 48 47 4
51 48 48 4
51 48 50 4
51 48 51 4
51 48 53 4
51 48 55 4
51 48 58 4
51 48 59 4
51 49 41 4
51 49 42 4
51 49 43 4
51 49 45 4
51 49 47 4
51 49 50 4
51 49 51 4
51 49 52 4
51 49 56 4
51 49 57 4
51 49 58 4
51 50 41 4
51 50 43 4
51 50 45 4
51 50 47 4
51 50 50 4
51 50 51 4
51 50 53 4
51 50 55 4
51 50 56 4
51 50 57 4
51 50 58 4
51 51 40 4
51 51 41 4
51 51 42 4
51 51 44 4
51 51 45 4
51 51 46 4
51 51 47 4
51 51 48 4
51 51 50 4
51 51 52 4
51 51 55 4
51 51 57 4
51 52 40 4
51 52 43 4
51 52 44 4
51 52 45 4
51 52 46 4
51 52 47 4
51 52 48 4
51 52 50 4
51 52 54 4
51 52 57 4
51 52 58 4
51 53 40 4
51 53 41 4
51 53 42 4
51 53 43 4
51 53 44 4
51 53 45 4
51 53 50 4
51 53 54 4
51 53 55 4
51 53 56 4
51 53 57 4
51 54 40 4
51 54 41 4
51 54 42 4
51 54 43 4
51 54 46 4
51 54 48 4
51 54 50 4
51 54 51 4
51 54 53 4
51 54 55 4
51 54 56 4
51 54 59 4
51 55 42 4
51 55 43 4
51 55 48 4
51 55 50 4
51 55 51 4
51 55 56 4
51 55 57 4
51 55 59 4
51 56 41 4
51 56 43 4
51 56 45 4
51 56 46 4
51 56 47 4
51 56 49 4
51 56 50 4
51 56 58 4
51 56 59 4
51 57 44 4
51 57 45 4
51 57 48 4
51 57 50 4
51 57 51 4
51 57 53 4
51 57 54 4
51 57 55 4
51 57 56 4
51 57 59 4
51 58 42 4
51 58 43 4
51 58 45 4
51 58 47 4
51 58 48 4
51 58 49 4
51 58 50 4
51 58 51 4
51 58 53 4
51 58 57 4
51 58 59 4
51 59 40 4
51 59 44 4
51 59 49 4
51 59 50 4
51 59 51 4
51 59 52 4
51 59 53 4
51 59 54 4
51 59 56 4
51 59 59 4
52 40 40 4
52 40 43 4
52 40 44 4
52 40 45 4
52 40 46 4
52 40 48 4
52 40 50 4
52 40 51 4
52 40 52 4
52 40 53 4
52 40 55 4
52 40 58 4
52 41 40 4
52 41 42 4
52 41 43 4
52 41 45 4
52 41 48 4
52 41 49 4
52 41 50 4
52 41 51 4
52 41 53 4
52 41 54 4
52 41 55 4
52 41 56 4
52 41 57 4
52 41 59 4
52 42 43 4
52 42 48 4
52 42 49 4
52 42 51 4
52 42 54 4
52 42 55 4
52 42 56 4
52 42 57 4
52 43 41 4
52 43 42 4
52 43 43 4
52 43 44 4
52 43 45 4
52 43 47 4
52 43 50 4
52 43 51 4
52 43 52 4
52 43 55 4
52 43 58 4
52 44 41 4
52 44 46 4
52 44 48 4
52 44 51 4
52 44 53 4
52 44 54 4
52 44 55 4
52 44 56 4
52 44 57 4
52 45 42 4
52 45 43 4
52 45 47 4
52 45 49 4
52 45 52 4
52 45 53 4
52 45 56 4
52 45 57 4
52 45 58 4
52 46 41 4
52 46 42 4
52 46 43 4
52 46 46 4
52 46 48 4
52 46 49 4
52 46 50 4
52 46 52 4
52 46 56 4
52 46 57 4
52 46 58 4
52 47 41 4
52 47 42 4
52 47 43 4
52 47 44 4
52 47 46 4
52 47 47 4
52 47 48 4
52 47 49 4
52 47 52 4
52 47 55 4
52 47 56 4
52 47 58 4
52 47 59 4
52 48 40 4
52 48 42 4
52 48 45 4
52 48 47 4
52 48 50 4
52 48 53 4
52 48 57 4
52 48 58 4
52 49 40 4
52 49 44 4
52 49 46 4
52 49 47 4
52 49 50 4
52 49 55 4
52 49 59 4
52 50 42 4
52 50 44 4
52 50 45 4
52 50 50 4
52 50 53 4
52 50 58 4
52 50 59 4
52 51 40 4
52 51 42 4
52 51 44 4
52 51 45 4
52 51 46 4
52 51 47 4
52 51 53 4
52 51 54 4
52 51 55 4
52 51 57 4
52 52 40 4
52 52 42 4
52 52 43 4
52 52 44 4
52 52 45 4
52 52 46 4
52 52 49 4
52 52 53 4
52 52 54 4
52 52 55 4
52 52 57 4
52 52 58 4
52 52 59 4
52 53 40 4
52 53 43 4
52 53 46 4
52 53 47 4
52 53 48 4
52 53 50 4
52 53 51 4
52 53 52 4
52 53 54 4
52 53 58 4
52 53 59 4
52 54 40 4
52 54 43 4
52 54 45 4
52 54 46 4
52 54 47 4
52 54 48 4
52 54 50 4
52 54 51 4
52 54 54 4
52 54 55 4
52 54 58 4
52 55 45 4
52 55 48 4
52 55 50 4
52 55 51 4
52 55 52 4
52 55 54 4
52 55 55 4
52 55 58 4
52 55 59 4
52 56 40 4
52 56 45 4
52 56 47 4
52 56 48 4
52 56 53 4
52 56 54 4
52 56 55 4
52 56 57 4
52 57 42 4
52 57 43 4
52 57 44 4
52 57 46 4
52 57 47 4
52 57 48 4
52 57 49 4
52 57 51 4
52 57 53 4
52 57 54 4
52 57 58 4
52 58 41 4
52 58 43 4
52 58 45 4
52 58 46 4
52 58 47 4
52 58 53 4
52 58 55 4
52 58 56 4
52 58 57 4
52 59 42 4
52 59 45 4
52 59 46 4
52 59 47 4
52 59 48 4
52 59 49 4
52 59 50 4
52 59 52 4
52 59 53 4
52 59 57 4
52 59 59 4
53 40 40 4
53 40 41 4
53 40 42 4
53 40 43 4
53 40 45 4
53 40 47 4
53 40 50 4
53 40 51 4
53 40 55 4
53 40 56 4
53 40 57 4
53 40 59 4
53 41 40 4
53 41 42 4
53 41 44 4
53 41 46 4
53 41 47 4
53 41 48 4
53 41 49 4
53 41 50 4
53 41 51 4
53 41 52 4
53 41 59 4
53 42 40 4
53 42 44 4
53 42 47 4
53 42 49 4
53 42 50 4
53 42 51 4
53 42 52 4
53 42 53 4
53 42 55 4
53 42 56 4
53 42 59 4
53 43 41 4
53 43 42 4
53 43 43 4
53 43 44 4
53 43 46 4
53 43 48 4
53 43 50 4
53 43 52 4
53 43 54 4
53 43 56 4
53 43 57 4
53 43 59 4
53 44 41 4
53 44 42 4
53 44 48 4
53 44 50 4
53 44 52 4
53 44 55 4
53 44 56 4
53 44 59 4
53 45 40 4
53 45 43 4
53 45 45 4
53 45 46 4
53 45 47 4
53 45 48 4
53 45 49 4
53 45 50 4
53 45 51 4
53 45 53 4
53 45 55 4
53 45 56 4
53 45 57 4
53 46 41 4
53 46 42 4
53 46 46 4
53 46 47 4
53 46 48 4
53 46 49 4
53 46 50 4
53 46 51 4
53 46 52 4
53 46 55 4
53 46 56 4
53 46 58 4
53 47 41 4
53 47 44 4
53 47 45 4
53 47 46 4
53 47 48 4
53 47 52 4
53 47 57 4
53 47 58 4
53 47 59 4
53 48 43 4
53 48 46 4
53 48 47 4
53 48 48 4
53 48 50 4
53 48 51 4
53 48 52 4
53 48 54 4
53 48 55 4
53 48 58 4
53 48 59 4
53 49 41 4
53 49 43 4
53 49 44 4
53 49 47 4
53 49 49 4
53 49 51 4
53 49 52 4
53 49 53 4
53 49 54 4
53 49 55 4
53 49 57 4
53 50 42 4
53 50 43 4
53 50 44 4
53 50 45 4
53 50 49 4
53 50 59 4
53 51 40 4
53 51 41 4
53 51 42 4
53 51 43 4
53 51 44 4
53 51 48 4
53 51 53 4
53 51 56 4
53 52 40 4
53 52 42 4
53 52 46 4
53 52 48 4
53 52 49 4
53 52 50 4
53 52 51 4
53 52 52 4
53 52 55 4
53 52 57 4
53 52 58 4
53 52 59 4
53 53 40 4
53 53 41 4
53 53 42 4
53 53 43 4
53 53 44 4
53 53 46 4
53 53 47 4
53 53 48 4
53 53 49 4
53 53 50 4
53 53 51 4
53 53 52 4
53 53 56 4
53 53 58 4
53 53 59 4
53 54 40 4
53 54 45 4
53 54 51 4
53 54 52 4
53 54 53 4
53 55 41 4
53 55 43 4
53 55 48 4
53 55 50 4
53 55 53 4
53 55 54 4
53 55 55 4
53 55 58 4
53 55 59 4
53 56 45 4
53 56 54 4
53 56 55 4
53 56 58 4
53 57 40 4
53 57 41 4
53 57 45 4
53 57 47 4
53 57 50 4
53 57 51 4
53 57 52 4
53 57 53 4
53 57 54 4
53 57 55 4
53 57 58 4
53 57 59 4
53 58 41 4
53 58 43 4
53 58 44 4
53 58 45 4
53 58 49 4
53 58 53 4
53 58 57 4
53 58 59 4
53 59 41 4
53 59 43 4
53 59 45 4
53 59 48 4
53 59 55 4
53 59 58 4
54 40 44 4
54 40 48 4
54 40 49 4
54 40 50 4
54 40 51 4
54 40 53 4
54 40 54 4
54 40 57 4
54 40 58 4
54 40 59 4
54 41 40 4
54 41 41 4
54 41 43 4
54 41 44 4
54 41 45 4
54 41 47 4
54 41 50 4
54 41 51 4
54 41 59 4
54 42 40 4
54 42 41 4
54 42 43 4
54 42 52 4
54 42 55 4
54 42 56 4
54 42 58 4
54 43 40 4
54 43 45 4
54 43 47 4
54 43 50 4
54 43 51 4
54 43 54 4
54 43 56 4
54 43 57 4
54 44 40 4
54 44 41 4
54 44 43 4
54 44 44 4
54 44 45 4
54 44 46 4
54 44 50 4
54 44 51 4
54 44 52 4
54 44 54 4
54 44 55 4
54 44 58 4
54 45 43 4
54 45 44 4
54 45 45 4
54 45 46 4
54 45 48 4
54 45 50 4
54 45 51 4
54 45 52 4
54 45 53 4
54 45 54 4
54 45 55 4
54 45 57 4
54 45 58 4
54 45 59 4
54 46 41 4
54 46 42 4
54 46 46 4
54 46 48 4
54 46 49 4
54 46 51 4
54 46 53 4
54 46 54 4
54 46 56 4
54 46 57 4
54 47 42 4
54 47 43 4
54 47 44 4
54 47 50 4
54 47 52 4
54 47 53 4
54 47 54 4
54 47 55 4
54 48 40 4
54 48 41 4
54 48 42 4
54 48 45 4
54 48 48 4
54 48 50 4
54 48 52 4
54 48 54 4
54 48 55 4
54 48 56 4
54 48 59 4
54 49 42 4
54 49 43 4
54 49 45 4
54 49 47 4
54 49 50 4
54 49 53 4
54 49 55 4
54 49 56 4
54 49 58 4
54 50 40 4
54 50 41 4
54 50 42 4
54 50 44 4
54 50 46 4
54 50 48 4
54 50 49 4
54 50 51 4
54 50 52 4
54 50 53 4
54 50 54 4
54 50 56 4
54 50 58 4
54 51 42 4
54 51 43 4
54 51 44 4
54 51 46 4
54 51 47 4
54 51 51 4
54 51 53 4
54 51 57 4
54 51 59 4
54 52 41 4
54 52 42 4
54 52 43 4
54 52 47 4
54 52 48 4
54 52 50 4
54 52 51 4
54 52 52 4
54 52 56 4
54 52 59 4
54 53 41 4
54 53 42 4
54 53 46 4
54 53 47 4
54 53 49 4
54 53 50 4
54 53 51 4
54 53 53 4
54 53 54 4
54 53 55 4
54 54 40 4
54 54 42 4
54 54 43 4
54 54 44 4
54 54 45 4
54 54 49 4
54 54 52 4
54 54 54 4
54 54 57 4
54 54 58 4
54 55 42 4
54 55 48 4
54 55 50 4
54 55 51 4
54 55 52 4
54 55 53 4
54 55 54 4
54 55 55 4
54 55 56 4
54 55 57 4
54 56 40 4
54 56 43 4
54 56 45 4
54 56 46 4
54 56 50 4
54 56 51 4
54 56 54 4
54 56 56 4
54 57 41 4
54 57 42 4
54 57 50 4
54 57 53 4
54 57 54 4
54 57 56 4
54 57 59 4
54 58 43 4
54 58 45 4
54 58 46 4
54 58 47 4
54 58 49 4
54 58 50 4
54 58 51 4
54 58 53 4
54 58 54 4
54 59 44 4
54 59 45 4
54 59 46 4
54 59 49 4
54 59 51 4
54 59 52 4
54 59 54 4
54 59 56 4
55 40 42 4
55 40 43 4
55 40 44 4
55 40 45 4
55 40 48 4
55 40 50 4
55 40 51 4
55 40 54 4
55 40 55 4
55 40 56 4
55 40 58 4
55 40 59 4
55 41 42 4
55 41 44 4
55 41 45 4
55 41 46 4
55 41 48 4
55 41 50 4
55 41 52 4
55 41 55 4
55 41 56 4
55 41 57 4
55 41 58 4
55 41 59 4
55 42 40 4
55 42 43 4
55 42 46 4
55 42 48 4
55 42 55 4
55 42 57 4
55 43 44 4
55 43 45 4
55 43 47 4
55 43 48 4
55 43 49 4
55 43 51 4
55 43 52 4
55 43 53 4
55 43 54 4
55 43 56 4
55 43 57 4
55 43 58 4
55 44 40 4
55 44 42 4
55 44 45 4
55 44 47 4
55 44 50 4
55 44 51 4
55 44 52 4
55 44 54 4
55 44 57 4
55 45 41 4
55 45 43 4
55 45 44 4
55 45 45 4
55 45 46 4
55 45 47 4
55 45 48 4
55 45 51 4
55 45 52 4
55 45 53 4
55 45 55 4
55 45 59 4
55 46 41 4
55 46 42 4
55 46 43 4
55 46 45 4
55 46 46 4
55 46 47 4
55 46 49 4
55 46 51 4
55 46 53 4
55 46 55 4
55 46 56 4
55 46 57 4
55 47 41 4
55 47 42 4
55 47 43 4
55 47 44 4
55 47 45 4
55 47 47 4
55 47 49 4
55 47 51 4
55 47 52 4
55 47 55 4
55 47 56 4
55 47 58 4
55 47 59 4
55 48 47 4
55 48 49 4
55 48 50 4
55 48 51 4
55 48 55 4
55 49 40 4
55 49 41 4
55 49 42 4
55 49 43 4
55 49 45 4
55 49 46 4
55 49 52 4
55 49 53 4
55 49 54 4
55 49 58 4
55 49 59 4
55 50 40 4
55 50 41 4
55 50 42 4
55 50 45 4
55 50 46 4
55 50 49 4
55 50 50 4
55 50 51 4
55 50 52 4
55 50 56 4
55 50 57 4
55 51 41 4
55 51 42 4
55 51 43 4
55 51 46 4
55 51 47 4
55 51 48 4
55 51 49 4
55 51 50 4
55 51 53 4
55 51 54 4
55 51 55 4
55 51 56 4
55 51 59 4
55 52 40 4
55 52 41 4
55 52 46 4
55 52 47 4
55 52 49 4
55 52 51 4
55 52 52 4
55 52 54 4
55 53 45 4
55 53 47 4
55 53 49 4
55 53 51 4
55 53 54 4
55 53 55 4
55 53 56 4
55 53 57 4
55 54 40 4
55 54 41 4
55 54 44 4
55 54 47 4
55 54 49 4
55 54 50 4
55 54 51 4
55 54 52 4
55 54 54 4
55 54 57 4
55 54 58 4
55 54 59 4
55 55 41 4
55 55 42 4
55 55 44 4
55 55 45 4
55 55 46 4
55 55 48 4
55 55 49 4
55 55 50 4
55 55 51 4
55 55 52 4
55 55 56 4
55 55 58 4
55 56 41 4
55 56 46 4
55 56 47 4
55 56 50 4
55 56 55 4
55 56 56 4
55 56 57 4
55 56 58 4
55 56 59 4
55 57 42 4
55 57 43 4
55 57 44 4
55 57 47 4
55 57 48 4
55 57 52 4
55 57 53 4
55 57 54 4
55 58 40 4
55 58 41 4
55 58 42 4
55 58 43 4
55 58 45 4
55 58 47 4
55 58 53 4
55 58 54 4
55 58 59 4
55 59 40 4
55 59 41 4
55 59 42 4
55 59 45 4
55 59 46 4
55 59 49 4
55 59 50 4
55 59 51 4
55 59 53 4
55 59 54 4
55 59 56 4
55 59 57 4
55 59 58 4
56 40 41 4
56 40 42 4
56 40 43 4
56 40 44 4
56 40 46 4
56 40 47 4
56 40 49 4
56 40 50 4
56 40 54 4
56 40 56 4
56 40 57 4
56 40 59 4
56 41 41 4
56 41 42 4
56 41 44 4
56 41 45 4
56 41 46 4
56 41 47 4
56 41 49 4
56 41 50 4
56 41 51 4
56 41 54 4
56 41 55 4
56 42 40 4
56 42 41 4
56 42 42 4
56 42 44 4
56 42 45 4
56 42 46 4
56 42 47 4
56 42 48 4
56 42 49 4
56 42 52 4
56 42 55 4
56 42 58 4
56 42 59 4
56 43 40 4
56 43 43 4
56 43 47 4
56 43 48 4
56 43 53 4
56 43 55 4
56 43 57 4
56 43 59 4
56 44 45 4
56 44 47 4
56 44 48 4
56 44 49 4
56 44 50 4
56 44 51 4
56 44 52 4
56 44 54 4
56 44 57 4
56 44 58 4
56 44 59 4
56 45 42 4
56 45 43 4
56 45 44 4
56 45 47 4
56 45 48 4
56 45 50 4
56 45 59 4
56 46 42 4
56 46 45 4
56 46 46 4
56 46 47 4
56 46 50 4
56 46 52 4
56 46 53 4
56 46 57 4
56 46 59 4
56 47 40 4
56 47 46 4
56 47 47 4
56 47 48 4
56 47 49 4
56 47 50 4
56 47 51 4
56 47 53 4
56 47 54 4
56 47 57 4
56 47 58 4
56 48 40 4
56 48 41 4
56 48 46 4
56 48 47 4
56 48 49 4
56 48 50 4
56 48 54 4
56 48 57 4
56 48 59 4
56 49 40 4
56 49 42 4
56 49 45 4
56 49 47 4
56 49 48 4
56 49 50 4
56 49 51 4
56 49 54 4
56 49 55 4
56 49 56 4
56 49 57 4
56 49 58 4
56 50 41 4
56 50 44 4
56 50 48 4
56 50 49 4
56 50 51 4
56 50 53 4
56 50 55 4
56 50 56 4
56 50 57 4
56 51 40 4
56 51 42 4
56 51 43 4
56 51 44 4
56 51 45 4
56 51 46 4
56 51 49 4
56 51 50 4
56 51 51 4
56 51 52 4
56 51 55 4
56 51 57 4
56 51 58 4
56 52 41 4
56 52 42 4
56 52 43 4
56 52 45 4
56 52 50 4
56 52 51 4
56 52 52 4
56 52 53 4
56 52 54 4
56 52 58 4
56 52 59 4
56 53 40 4
56 53 41 4
56 53 42 4
56 53 50 4
56 53 53 4
56 53 54 4
56 53 55 4
56 53 56 4
56 53 57 4
56 53 58 4
56 54 40 4
56 54 41 4
56 54 42 4
56 54 46 4
56 54 48 4
56 54 49 4
56 54 56 4
56 55 40 4
56 55 43 4
56 55 45 4
56 55 47 4
56 55 52 4
56 55 55 4
56 55 57 4
56 56 42 4
56 56 44 4
56 56 45 4
56 56 48 4
56 56 49 4
56 56 51 4
56 56 52 4
56 56 53 4
56 56 54 4
56 56 55 4
56 56 59 4
56 57 45 4
56 57 46 4
56 57 48 4
56 57 51 4
56 57 57 4
56 57 59 4
56 58 40 4
56 58 43 4
56 58 45 4
56 58 47 4
56 58 48 4
56 58 51 4
56 58 54 4
56 58 55 4
56 58 58 4
56 59 41 4
56 59 42 4
56 59 44 4
56 59 45 4
56 59 47 4
56 59 49 4
56 59 51 4
56 59 53 4
56 59 54 4
56 59 56 4
56 59 57 4
56 59 58 4
57 40 40 4
57 40 41 4
57 40 43 4
57 40 46 4
57 40 47 4
57 40 50 4
57 40 51 4
57 40 53 4
57 40 54 4
57 40 58 4
57 40 59 4
57 41 43 4
57 41 45 4
57 41 52 4
57 41 55 4
57 41 57 4
57 41 59 4
57 42 41 4
57 42 44 4
57 42 46 4
57 42 48 4
57 42 50 4
57 42 51 4
57 42 53 4
57 42 56 4
57 42 59 4
57 43 43 4
57 43 44 4
57 43 46 4
57 43 47 4
57 43 48 4
57 43 49 4
57 43 50 4
57 43 52 4
57 43 53 4
57 43 54 4
57 43 56 4
57 43 57 4
57 44 42 4
57 44 44 4
57 44 46 4
57 44 47 4
57 44 48 4
57 44 51 4
57 44 52 4
57 44 57 4
57 44 58 4
57 45 40 4
57 45 41 4
57 45 44 4
57 45 46 4
57 45 47 4
57 45 50 4
57 45 54 4
57 45 58 4
57 45 59 4
57 46 40 4
57 46 41 4
57 46 42 4
57 46 45 4
57 46 50 4
57 46 53 4
57 46 55 4
57 46 57 4
57 46 58 4
57 46 59 4
57 47 40 4
57 47 42 4
57 47 43 4
57 47 47 4
57 47 48 4
57 47 51 4
57 47 52 4
57 47 53 4
57 47 54 4
57 47 57 4
57 47 59 4
57 48 40 4
57 48 41 4
57 48 44 4
57 48 45 4
57 48 46 4
57 48 50 4
57 48 52 4
57 48 55 4
57 48 58 4
57 49 40 4
57 49 44 4
57 49 47 4
57 49 49 4
57 49 52 4
57 49 55 4
57 49 56 4
57 50 41 4
57 50 42 4
57 50 43 4
57 50 45 4
57 50 47 4
57 50 50 4
57 50 51 4
57 50 52 4
57 50 54 4
57 50 55 4
57 50 56 4
57 51 40 4
57 51 43 4
57 51 45 4
57 51 47 4
57 51 48 4
57 51 50 4
57 51 53 4
57 51 56 4
57 51 57 4
57 51 59 4
57 52 43 4
57 52 44 4
57 52 47 4
57 52 48 4
57 52 50 4
57 52 51 4
57 52 54 4
57 52 57 4
57 53 40 4
57 53 42 4
57 53 43 4
57 53 44 4
57 53 46 4
57 53 48 4
57 53 56 4
57 53 57 4
57 53 58 4
57 54 40 4
57 54 43 4
57 54 45 4
57 54 46 4
57 54 47 4
57 54 51 4
57 54 52 4
57 54 54 4
57 54 55 4
57 54 56 4
57 54 57 4
57 54 58 4
57 54 59 4
57 55 41 4
57 55 42 4
57 55 44 4
57 55 51 4
57 55 54 4
57 55 56 4
57 55 59 4
57 56 43 4
57 56 46 4
57 56 47 4
57 56 48 4
57 56 50 4
57 56 51 4
57 56 54 4
57 56 55 4
57 56 57 4
57 56 58 4
57 57 40 4
57 57 49 4
57 57 50 4
57 57 51 4
57 57 52 4
57 57 53 4
57 57 55 4
57 57 56 4
57 57 58 4
57 57 59 4
57 58 40 4
57 58 41 4
57 58 42 4
57 58 43 4
57 58 44 4
57 58 46 4
57 58 49 4
57 58 50 4
57 58 51 4
57 58 52 4
57 58 53 4
57 58 54 4
57 58 56 4
57 58 57 4
57 58 58 4
57 58 59 4
57 59 40 4
57 59 41 4
57 59 43 4
57 59 44 4
57 59 45 4
57 59 48 4
57 59 50 4
57 59 53 4
57 59 54 4
57 59 56 4
57 59 57 4
57 59 58 4
57 59 59 4
58 40 42 4
58 40 47 4
58 40 48 4
58 40 49 4
58 40 50 4
58 40 55 4
58 40 59 4
58 41 40 4
58 41 41 4
58 41 42 4
58 41 43 4
58 41 45 4
58 41 49 4
58 41 53 4
58 41 54 4
58 41 57 4
58 42 40 4
58 42 42 4
58 42 43 4
58 42 44 4
58 42 46 4
58 42 47 4
58 42 48 4
58 42 49 4
58 42 52 4
58 42 54 4
58 42 57 4
58 43 40 4
58 43 41 4
58 43 42 4
58 43 43 4
58 43 44 4
58 43 47 4
58 43 50 4
58 43 51 4
58 43 52 4
58 43 53 4
58 43 54 4
58 43 56 4
58 43 59 4
58 44 40 4
58 44 42 4
58 44 44 4
58 44 47 4
58 44 48 4
58 44 50 4
58 44 51 4
58 44 53 4
58 44 54 4
58 45 40 4
58 45 41 4
58 45 43 4
58 45 47 4
58 45 50 4
58 45 51 4
58 45 52 4
58 45 53 4
58 45 54 4
58 45 58 4
58 45 59 4
58 46 45 4
58 46 47 4
58 46 48 4
58 46 52 4
58 46 53 4
58 46 54 4
58 46 55 4
58 46 58 4
58 46 59 4
58 47 41 4
58 47 43 4
58 47 46 4
58 47 51 4
58 47 52 4
58 47 55 4
58 48 40 4
58 48 41 4
58 48 44 4
58 48 45 4
58 48 49 4
58 48 51 4
58 48 53 4
58 48 54 4
58 48 55 4
58 48 56 4
58 48 58 4
58 48 59 4
58 49 42 4
58 49 43 4
58 49 44 4
58 49 45 4
58 49 47 4
58 49 48 4
58 49 51 4
58 49 52 4
58 49 53 4
58 50 41 4
58 50 43 4
58 50 44 4
58 50 46 4
58 50 48 4
58 50 52 4
58 50 55 4
58 50 56 4
58 50 58 4
58 50 59 4
58 51 40 4
58 51 42 4
58 51 43 4
58 51 45 4
58 51 47 4
58 51 49 4
58 51 52 4
58 51 54 4
58 51 56 4
58 51 57 4
58 51 58 4
58 52 40 4
58 52 41 4
58 52 47 4
58 52 53 4
58 52 54 4
58 52 55 4
58 52 56 4
58 52 58 4
58 53 41 4
58 53 43 4
58 53 47 4
58 53 48 4
58 53 49 4
58 53 50 4
58 53 51 4
58 53 53 4
58 53 55 4
58 53 58 4
58 53 59 4
58 54 41 4
58 54 44 4
58 54 45 4
58 54 48 4
58 54 49 4
58 54 50 4
58 54 52 4
58 54 53 4
58 54 54 4
58 54 55 4
58 54 59 4
58 55 41 4
58 55 42 4
58 55 45 4
58 55 50 4
58 55 51 4
58 55 52 4
58 55 57 4
58 55 58 4
58 56 40 4
58 56 44 4
58 56 45 4
58 56 55 4
58 56 58 4
58 56 59 4
58 57 40 4
58 57 41 4
58 57 42 4
58 57 47 4
58 57 48 4
58 57 50 4
58 57 51 4
58 57 55 4
58 57 56 4
58 58 40 4
58 58 42 4
58 58 44 4
58 58 47 4
58 58 48 4
58 58 52 4
58 58 53 4
58 58 55 4
58 58 57 4
58 58 58 4
58 58 59 4
58 59 43 4
58 59 44 4
58 59 45 4
58 59 46 4
58 59 47 4
58 59 48 4
58 59 49 4
58 59 52 4
58 59 53 4
58 59 54 4
58 59 57 4
59 40 44 4
59 40 45 4
59 40 46 4
59 40 47 4
59 40 48 4
59 40 49 4
59 40 50 4
59 40 52 4
59 40 53 4
59 40 54 4
59 40 55 4
59 40 58 4
59 41 40 4
59 41 41 4
59 41 44 4
59 41 46 4
59 41 48 4
59 41 49 4
59 41 50 4
59 41 51 4
59 41 56 4
59 41 58 4
59 41 59 4
59 42 42 4
59 42 43 4
59 42 44 4
59 42 46 4
59 42 47 4
59 42 48 4
59 42 49 4
59 42 50 4
59 42 51 4
59 42 52 4
59 42 53 4
59 42 58 4
59 42 59 4
59 43 42 4
59 43 46 4
59 43 52 4
59 43 53 4
59 43 55 4
59 43 57 4
59 44 41 4
59 44 42 4
59 44 43 4
59 44 44 4
59 44 45 4
59 44 47 4
59 44 49 4
59 44 53 4
59 44 54 4
59 44 56 4
59 44 59 4
59 45 40 4
59 45 41 4
59 45 42 4
59 45 43 4
59 45 44 4
59 45 49 4
59 45 50 4
59 45 56 4
59 46 47 4
59 46 48 4
59 46 49 4
59 46 53 4
59 46 54 4
59 46 56 4
59 46 57 4
59 47 40 4
59 47 41 4
59 47 42 4
59 47 45 4
59 47 52 4
59 47 53 4
59 47 58 4
59 48 42 4
59 48 47 4
59 48 48 4
59 48 50 4
59 48 52 4
59 48 53 4
59 49 41 4
59 49 42 4
59 49 44 4
59 49 45 4
59 49 47 4
59 49 48 4
59 49 49 4
59 49 50 4
59 49 53 4
59 49 55 4
59 49 58 4
59 50 44 4
59 50 45 4
59 50 49 4
59 50 54 4
59 50 56 4
59 50 58 4
59 51 40 4
59 51 42 4
59 51 43 4
59 51 46 4
59 51 51 4
59 51 52 4
59 51 53 4
59 51 54 4
59 51 55 4
59 51 56 4
59 51 57 4
59 52 40 4
59 52 41 4
59 52 43 4
59 52 44 4
59 52 45 4
59 52 48 4
59 52 51 4
59 52 55 4
59 52 56 4
59 52 57 4
59 52 58 4
59 52 59 4
59 53 40 4
59 53 41 4
59 53 42 4
59 53 47 4
59 53 50 4
59 53 51 4
59 53 54 4
59 53 56 4
59 53 58 4
59 54 40 4
59 54 42 4
59 54 43 4
59 54 44 4
59 54 45 4
59 54 46 4
59 54 47 4
59 54 49 4
59 54 50 4
59 54 51 4
59 54 52 4
59 54 53 4
59 54 54 4
59 54 56 4
59 54 57 4
59 54 58 4
59 55 41 4
59 55 42 4
59 55 47 4
59 55 48 4
59 55 50 4
59 55 53 4
59 55 55 4
59 56 46 4
59 56 48 4
59 56 49 4
59 56 53 4
59 56 54 4
59 56 59 4
59 57 41 4
59 57 42 4
59 57 43 4
59 57 44 4
59 57 45 4
59 57 46 4
59 57 47 4
59 57 48 4
59 57 49 4
59 57 51 4
59 57 56 4
59 57 57 4
59 58 40 4
59 58 41 4
59 58 43 4
59 58 44 4
59 58 45 4
59 58 46 4
59 58 47 4
59 58 50 4
59 58 54 4
59 58 55 4
59 58 56 4
59 59 41 4
59 59 42 4
59 59 47 4
59 59 48 4
59 59 54 4
59 59 55 4
59 59 56 4
59 59 58 4
59 59 59 4
