0-3,7-9,11-13,18,21-22,24,26/13,17,20-26/4/M
90 90 90 3
90 90 91 3
90 90 92 3
90 90 93 3
90 90 94 3
90 90 96 3
90 90 97 3
90 90 98 3
90 90 99 3
90 90 100 3
90 90 101 3
90 90 102 3
90 90 103 3
90 90 104 3
90 90 105 3
90 90 106 3
90 90 108 3
90 90 109 3
90 91 91 3
90 91 92 3
90 91 93 3
90 91 94 3
90 91 95 3
90 91 96 3
90 91 97 3
90 91 98 3
90 91 99 3
90 91 101 3
90 91 102 3
90 91 103 3
90 91 104 3
90 91 105 3
90 91 106 3
90 91 107 3
90 91 108 3
90 91 109 3
90 92 90 3
90 92 91 3
90 92 92 3
90 92 93 3
90 92 95 3
90 92 97 3
90 92 98 3
90 92 99 3
90 92 101 3
90 92 102 3
90 92 103 3
90 92 104 3
90 92 105 3
90 92 106 3
90 92 107 3
90 92 109 3
90 93 90 3
90 93 91 3
90 93 92 3
90 93 93 3
90 93 94 3
90 93 95 3
90 93 96 3
90 93 97 3
90 93 98 3
90 93 99 3
90 93 100 3
90 93 101 3
90 93 102 3
90 93 103 3
90 93 104 3
90 93 105 3
90 93 106 3
90 93 107 3
90 93 108 3
90 94 91 3
90 94 92 3
90 94 93 3
90 94 94 3
90 94 95 3
90 94 96 3
90 94 97 3
90 94 98 3
90 94 99 3
90 94 100 3
90 94 101 3
90 94 102 3
90 94 103 3
90 94 104 3
90 94 105 3
90 94 106 3
90 94 107 3
90 94 108 3
90 94 109 3
90 95 90 3
90 95 94 3
90 95 95 3
90 95 96 3
90 95 97 3
90 95 98 3
90 95 99 3
90 95 100 3
90 95 101 3
90 95 102 3
90 95 103 3
90 95 104 3
90 95 105 3
90 95 106 3
90 95 107 3
90 95 108 3
90 95 109 3
90 96 90 3
90 96 91 3
90 96 92 3
90 96 93 3
90 96 94 3
90 96 95 3
90 96 96 3
90 96 97 3
90 96 98 3
90 96 99 3
90 96 100 3
90 96 101 3
90 96 102 3
90 96 103 3
90 96 104 3
90 96 105 3
90 96 106 3
90 96 107 3
90 96 108 3
90 96 109 3
90 97 90 3
90 97 91 3
90 97 92 3
90 97 93 3
90 97 94 3
90 97 95 3
90 97 96 3
90 97 97 3
90 97 98 3
90 97 100 3
90 97 101 3
90 97 102 3
90 97 103 3
90 97 104 3
90 97 105 3
90 97 106 3
90 97 107 3
90 97 108 3
90 97 109 3
90 98 90 3
90 98 91 3
90 98 92 3
90 98 94 3
90 98 95 3
90 98 96 3
90 98 97 3
90 98 98 3
90 98 99 3
90 98 100 3
90 98 101 3
90 98 102 3
90 98 103 3
90 98 104 3
90 98 105 3
90 98 107 3
90 98 108 3
90 98 109 3
90 99 90 3
90 99 91 3
90 99 92 3
90 99 93 3
90 99 94 3
90 99 95 3
90 99 96 3
90 99 97 3
90 99 99 3
90 99 100 3
90 99 101 3
90 99 102 3
90 99 103 3
90 99 104 3
90 99 105 3
90 99 106 3
90 99 107 3
90 99 108 3
90 99 109 3
90 100 90 3
90 100 91 3
90 100 92 3
90 100 93 3
90 100 94 3
90 100 95 3
90 100 96 3
90 100 97 3
90 100 98 3
90 100 99 3
90 100 100 3
90 100 101 3
90 100 102 3
90 100 103 3
90 100 104 3
90 100 105 3
90 100 106 3
90 100 107 3
90 100 108 3
90 100 109 3
90 101 90 3
90 101 91 3
90 101 92 3
90 101 93 3
90 101 94 3
90 101 95 3
90 101 96 3
90 101 97 3
90 101 98 3
90 101 100 3
90 101 101 3
90 101 102 3
90 101 103 3
90 101 104 3
90 101 105 3
90 101 106 3
90 101 107 3
90 101 108 3
90 101 109 3
90 102 90 3
90 102 91 3
90 102 92 3
90 102 93 3
90 102 94 3
90 102 95 3
90 102 96 3
90 102 97 3
90 102 98 3
90 102 99 3
90 102 100 3
90 102 101 3
90 102 102 3
90 102 103 3
90 102 104 3
90 102 105 3
90 102 106 3
90 102 107 3
90 102 109 3
90 103 90 3
90 103 91 3
90 103 92 3
90 103 93 3
90 103 94 3
90 103 95 3
90 103 96 3
90 103 97 3
90 103 98 3
90 103 99 3
90 103 100 3
90 103 101 3
90 103 102 3
90 103 103 3
90 103 104 3
90 103 105 3
90 103 106 3
90 103 107 3
90 103 108 3
90 103 109 3
90 104 90 3
90 104 91 3
90 104 92 3
90 104 93 3
90 104 94 3
90 104 95 3
90 104 96 3
90 104 97 3
90 104 98 3
90 104 99 3
90 104 101 3
90 104 103 3
90 104 104 3
90 104 105 3
90 104 106 3
90 104 107 3
90 104 108 3
90 104 109 3
90 105 90 3
90 105 91 3
90 105 92 3
90 105 93 3
90 105 94 3
90 105 95 3
90 105 96 3
90 105 97 3
90 105 98 3
90 105 99 3
90 105 100 3
90 105 101 3
90 105 102 3
90 105 103 3
90 105 104 3
90 105 105 3
90 105 106 3
90 105 107 3
90 105 108 3
90 105 109 3
90 106 90 3
90 106 91 3
90 106 92 3
90 106 93 3
90 106 94 3
90 106 95 3
90 106 96 3
90 106 97 3
90 106 98 3
90 106 99 3
90 106 100 3
90 106 101 3
90 106 102 3
90 106 103 3
90 106 104 3
90 106 105 3
90 106 106 3
90 106 107 3
90 106 109 3
90 107 90 3
90 107 91 3
90 107 92 3
90 107 93 3
90 107 94 3
90 107 95 3
90 107 96 3
90 107 97 3
90 107 98 3
90 107 99 3
90 107 100 3
90 107 101 3
90 107 102 3
90 107 103 3
90 107 104 3
90 107 105 3
90 107 106 3
90 107 107 3
90 107 108 3
90 107 109 3
90 108 90 3
90 108 91 3
90 108 92 3
90 108 93 3
90 108 94 3
90 108 95 3
90 108 96 3
90 108 97 3
90 108 98 3
90 108 99 3
90 108 100 3
90 108 102 3
90 108 103 3
90 108 104 3
90 108 105 3
90 108 106 3
90 108 107 3
90 108 108 3
90 109 90 3
90 109 91 3
90 109 92 3
90 109 93 3
90 109 94 3
90 109 95 3
90 109 96 3
90 109 97 3
90 109 98 3
90 109 99 3
90 109 100 3
90 109 101 3
90 109 102 3
90 109 103 3
90 109 104 3
90 109 105 3
90 109 106 3
90 109 107 3
90 109 108 3
90 109 109 3
91 90 90 3
91 90 91 3
91 90 92 3
91 90 93 3
91 90 94 3
91 90 95 3
91 90 96 3
91 90 97 3
91 90 98 3
91 90 99 3
91 90 100 3
91 90 101 3
91 90 102 3
91 90 103 3
91 90 104 3
91 90 105 3
91 90 106 3
91 90 107 3
91 90 108 3
91 90 109 3
91 91 90 3
91 91 91 3
91 91 92 3
91 91 93 3
91 91 94 3
91 91 95 3
91 91 96 3
91 91 97 3
91 91 98 3
91 91 99 3
91 91 100 3
91 91 101 3
91 91 102 3
91 91 103 3
91 91 104 3
91 91 105 3
91 91 107 3
91 91 108 3
91 91 109 3
91 92 90 3
91 92 91 3
91 92 92 3
91 92 93 3
91 92 94 3
91 92 95 3
91 92 96 3
91 92 97 3
91 92 98 3
91 92 99 3
91 92 100 3
91 92 102 3
91 92 103 3
91 92 104 3
91 92 105 3
91 92 106 3
91 92 107 3
91 92 108 3
91 92 109 3
91 93 90 3
91 93 91 3
91 93 92 3
91 93 93 3
91 93 94 3
91 93 95 3
91 93 96 3
91 93 97 3
91 93 98 3
91 93 99 3
91 93 100 3
91 93 101 3
91 93 102 3
91 93 103 3
91 93 104 3
91 93 105 3
91 93 106 3
91 93 107 3
91 93 108 3
91 93 109 3
91 94 90 3
91 94 91 3
91 94 92 3
91 94 94 3
91 94 95 3
91 94 96 3
91 94 97 3
91 94 98 3
91 94 99 3
91 94 100 3
91 94 101 3
91 94 102 3
91 94 103 3
91 94 104 3
91 94 105 3
91 94 106 3
91 94 107 3
91 94 109 3
91 95 90 3
91 95 91 3
91 95 92 3
91 95 93 3
91 95 94 3
91 95 95 3
91 95 96 3
91 95 97 3
91 95 99 3
91 95 101 3
91 95 102 3
91 95 104 3
91 95 105 3
91 95 106 3
91 95 107 3
91 95 108 3
91 95 109 3
91 96 90 3
91 96 91 3
91 96 92 3
91 96 93 3
91 96 94 3
91 96 95 3
91 96 96 3
91 96 97 3
91 96 98 3
91 96 99 3
91 96 100 3
91 96 101 3
91 96 102 3
91 96 103 3
91 96 104 3
91 96 105 3
91 96 106 3
91 96 107 3
91 96 109 3
91 97 90 3
91 97 91 3
91 97 92 3
91 97 93 3
91 97 94 3
91 97 95 3
91 97 96 3
91 97 97 3
91 97 98 3
91 97 99 3
91 97 100 3
91 97 101 3
91 97 103 3
91 97 104 3
91 97 105 3
91 97 106 3
91 97 107 3
91 97 108 3
91 97 109 3
91 98 90 3
91 98 91 3
91 98 92 3
91 98 93 3
91 98 94 3
91 98 95 3
91 98 96 3
91 98 97 3
91 98 98 3
91 98 99 3
91 98 100 3
91 98 102 3
91 98 103 3
91 98 104 3
91 98 105 3
91 98 106 3
91 98 107 3
91 98 108 3
91 98 109 3
91 99 91 3
91 99 92 3
91 99 93 3
91 99 94 3
91 99 95 3
91 99 96 3
91 99 98 3
91 99 100 3
91 99 101 3
91 99 102 3
91 99 103 3
91 99 104 3
91 99 105 3
91 99 106 3
91 99 107 3
91 99 108 3
91 99 109 3
91 100 90 3
91 100 91 3
91 100 92 3
91 100 93 3
91 100 94 3
91 100 95 3
91 100 96 3
91 100 97 3
91 100 98 3
91 100 99 3
91 100 100 3
91 100 101 3
91 100 102 3
91 100 103 3
91 100 104 3
91 100 105 3
91 100 106 3
91 100 108 3
91 100 109 3
91 101 90 3
91 101 91 3
91 101 92 3
91 101 93 3
91 101 94 3
91 101 95 3
91 101 96 3
91 101 97 3
91 101 98 3
91 101 99 3
91 101 100 3
91 101 101 3
91 101 102 3
91 101 103 3
91 101 104 3
91 101 105 3
91 101 106 3
91 101 107 3
91 101 108 3
91 101 109 3
91 102 90 3
91 102 91 3
91 102 92 3
91 102 93 3
91 102 94 3
91 102 96 3
91 102 97 3
91 102 99 3
91 102 100 3
91 102 101 3
91 102 102 3
91 102 103 3
91 102 104 3
91 102 105 3
91 102 106 3
91 102 107 3
91 102 108 3
91 102 109 3
91 103 91 3
91 103 92 3
91 103 93 3
91 103 94 3
91 103 95 3
91 103 96 3
91 103 97 3
91 103 98 3
91 103 100 3
91 103 101 3
91 103 102 3
91 103 103 3
91 103 104 3
91 103 105 3
91 103 106 3
91 103 107 3
91 103 108 3
91 103 109 3
91 104 90 3
91 104 91 3
91 104 92 3
91 104 93 3
91 104 94 3
91 104 95 3
91 104 96 3
91 104 97 3
91 104 98 3
91 104 99 3
91 104 100 3
91 104 101 3
91 104 102 3
91 104 103 3
91 104 104 3
91 104 105 3
91 104 106 3
91 104 107 3
91 104 108 3
91 104 109 3
91 105 90 3
91 105 91 3
91 105 92 3
91 105 93 3
91 105 94 3
91 105 95 3
91 105 96 3
91 105 97 3
91 105 98 3
91 105 99 3
91 105 100 3
91 105 101 3
91 105 102 3
91 105 103 3
91 105 104 3
91 105 105 3
91 105 106 3
91 105 107 3
91 105 108 3
91 105 109 3
91 106 91 3
91 106 92 3
91 106 93 3
91 106 94 3
91 106 95 3
91 106 96 3
91 106 97 3
91 106 98 3
91 106 99 3
91 106 100 3
91 106 101 3
91 106 102 3
91 106 103 3
91 106 104 3
91 106 105 3
91 106 106 3
91 106 107 3
91 106 109 3
91 107 90 3
91 107 91 3
91 107 92 3
91 107 93 3
91 107 95 3
91 107 96 3
91 107 98 3
91 107 99 3
91 107 100 3
91 107 101 3
91 107 102 3
91 107 103 3
91 107 104 3
91 107 105 3
91 107 106 3
91 107 107 3
91 107 108 3
91 107 109 3
91 108 90 3
91 108 91 3
91 108 92 3
91 108 93 3
91 108 94 3
91 108 95 3
91 108 96 3
91 108 97 3
91 108 98 3
91 108 99 3
91 108 100 3
91 108 101 3
91 108 102 3
91 108 103 3
91 108 104 3
91 108 105 3
91 108 106 3
91 108 107 3
91 108 108 3
91 108 109 3
91 109 90 3
91 109 91 3
91 109 92 3
91 109 93 3
91 109 94 3
91 109 95 3
91 109 96 3
91 109 97 3
91 109 98 3
91 109 99 3
91 109 100 3
91 109 101 3
91 109 102 3
91 109 103 3
91 109 104 3
91 109 105 3
91 109 106 3
91 109 107 3
91 109 108 3
91 109 109 3
92 90 90 3
92 90 91 3
92 90 92 3
92 90 93 3
92 90 94 3
92 90 95 3
92 90 96 3
92 90 97 3
92 90 98 3
92 90 99 3
92 90 100 3
92 90 101 3
92 90 102 3
92 90 103 3
92 90 104 3
92 90 105 3
92 90 106 3
92 90 107 3
92 90 108 3
92 90 109 3
92 91 90 3
92 91 91 3
92 91 92 3
92 91 93 3
92 91 94 3
92 91 95 3
92 91 96 3
92 91 97 3
92 91 98 3
92 91 99 3
92 91 100 3
92 91 101 3
92 91 102 3
92 91 103 3
92 91 104 3
92 91 105 3
92 91 106 3
92 91 107 3
92 91 108 3
92 91 109 3
92 92 90 3
92 92 91 3
92 92 92 3
92 92 93 3
92 92 94 3
92 92 95 3
92 92 96 3
92 92 97 3
92 92 98 3
92 92 99 3
92 92 100 3
92 92 101 3
92 92 102 3
92 92 103 3
92 92 104 3
92 92 105 3
92 92 106 3
92 92 107 3
92 92 108 3
92 92 109 3
92 93 90 3
92 93 91 3
92 93 92 3
92 93 93 3
92 93 94 3
92 93 95 3
92 93 96 3
92 93 97 3
92 93 98 3
92 93 99 3
92 93 100 3
92 93 101 3
92 93 102 3
92 93 103 3
92 93 104 3
92 93 105 3
92 93 106 3
92 93 107 3
92 93 108 3
92 93 109 3
92 94 90 3
92 94 91 3
92 94 92 3
92 94 93 3
92 94 94 3
92 94 95 3
92 94 96 3
92 94 97 3
92 94 98 3
92 94 99 3
92 94 100 3
92 94 101 3
92 94 102 3
92 94 103 3
92 94 104 3
92 94 105 3
92 94 106 3
92 94 107 3
92 94 108 3
92 94 109 3
92 95 90 3
92 95 91 3
92 95 92 3
92 95 93 3
92 95 94 3
92 95 95 3
92 95 96 3
92 95 97 3
92 95 98 3
92 95 99 3
92 95 100 3
92 95 101 3
92 95 102 3
92 95 103 3
92 95 104 3
92 95 105 3
92 95 106 3
92 95 107 3
92 95 108 3
92 95 109 3
92 96 90 3
92 96 92 3
92 96 93 3
92 96 94 3
92 96 95 3
92 96 96 3
92 96 97 3
92 96 98 3
92 96 99 3
92 96 100 3
92 96 101 3
92 96 102 3
92 96 104 3
92 96 105 3
92 96 106 3
92 96 107 3
92 96 108 3
92 96 109 3
92 97 90 3
92 97 91 3
92 97 92 3
92 97 93 3
92 97 94 3
92 97 95 3
92 97 96 3
92 97 97 3
92 97 98 3
92 97 99 3
92 97 100 3
92 97 101 3
92 97 102 3
92 97 103 3
92 97 104 3
92 97 105 3
92 97 106 3
92 97 107 3
92 97 108 3
92 97 109 3
92 98 90 3
92 98 91 3
92 98 92 3
92 98 93 3
92 98 94 3
92 98 95 3
92 98 97 3
92 98 98 3
92 98 99 3
92 98 100 3
92 98 101 3
92 98 102 3
92 98 103 3
92 98 104 3
92 98 105 3
92 98 106 3
92 98 107 3
92 98 108 3
92 98 109 3
92 99 90 3
92 99 91 3
92 99 92 3
92 99 93 3
92 99 94 3
92 99 95 3
92 99 96 3
92 99 97 3
92 99 98 3
92 99 99 3
92 99 100 3
92 99 101 3
92 99 102 3
92 99 103 3
92 99 104 3
92 99 105 3
92 99 106 3
92 99 107 3
92 99 108 3
92 99 109 3
92 100 90 3
92 100 91 3
92 100 92 3
92 100 93 3
92 100 94 3
92 100 95 3
92 100 96 3
92 100 97 3
92 100 98 3
92 100 99 3
92 100 100 3
92 100 101 3
92 100 103 3
92 100 104 3
92 100 107 3
92 100 108 3
92 100 109 3
92 101 90 3
92 101 92 3
92 101 93 3
92 101 94 3
92 101 95 3
92 101 96 3
92 101 98 3
92 101 99 3
92 101 100 3
92 101 101 3
92 101 102 3
92 101 103 3
92 101 104 3
92 101 105 3
92 101 106 3
92 101 107 3
92 101 108 3
92 101 109 3
92 102 90 3
92 102 91 3
92 102 92 3
92 102 93 3
92 102 94 3
92 102 95 3
92 102 96 3
92 102 97 3
92 102 98 3
92 102 99 3
92 102 101 3
92 102 102 3
92 102 104 3
92 102 105 3
92 102 106 3
92 102 107 3
92 102 108 3
92 102 109 3
92 103 90 3
92 103 91 3
92 103 92 3
92 103 93 3
92 103 94 3
92 103 96 3
92 103 97 3
92 103 98 3
92 103 99 3
92 103 101 3
92 103 103 3
92 103 105 3
92 103 107 3
92 103 108 3
92 103 109 3
92 104 90 3
92 104 91 3
92 104 92 3
92 104 93 3
92 104 94 3
92 104 95 3
92 104 96 3
92 104 97 3
92 104 98 3
92 104 99 3
92 104 101 3
92 104 102 3
92 104 103 3
92 104 104 3
92 104 105 3
92 104 106 3
92 104 107 3
92 104 108 3
92 104 109 3
92 105 90 3
92 105 91 3
92 105 92 3
92 105 93 3
92 105 94 3
92 105 95 3
92 105 96 3
92 105 97 3
92 105 98 3
92 105 99 3
92 105 100 3
92 105 101 3
92 105 102 3
92 105 103 3
92 105 104 3
92 105 105 3
92 105 106 3
92 105 107 3
92 105 108 3
92 105 109 3
92 106 90 3
92 106 91 3
92 106 92 3
92 106 93 3
92 106 95 3
92 106 96 3
92 106 97 3
92 106 98 3
92 106 99 3
92 106 100 3
92 106 101 3
92 106 102 3
92 106 103 3
92 106 104 3
92 106 105 3
92 106 106 3
92 106 108 3
92 106 109 3
92 107 90 3
92 107 91 3
92 107 92 3
92 107 93 3
92 107 94 3
92 107 95 3
92 107 96 3
92 107 97 3
92 107 99 3
92 107 100 3
92 107 101 3
92 107 102 3
92 107 103 3
92 107 104 3
92 107 105 3
92 107 106 3
92 107 107 3
92 107 108 3
92 107 109 3
92 108 90 3
92 108 91 3
92 108 92 3
92 108 93 3
92 108 94 3
92 108 95 3
92 108 96 3
92 108 97 3
92 108 99 3
92 108 100 3
92 108 101 3
92 108 102 3
92 108 103 3
92 108 104 3
92 108 105 3
92 108 106 3
92 108 107 3
92 108 108 3
92 108 109 3
92 109 90 3
92 109 91 3
92 109 92 3
92 109 94 3
92 109 95 3
92 109 96 3
92 109 97 3
92 109 98 3
92 109 99 3
92 109 100 3
92 109 101 3
92 109 102 3
92 109 103 3
92 109 104 3
92 109 105 3
92 109 107 3
92 109 108 3
92 109 109 3
93 90 90 3
93 90 91 3
93 90 92 3
93 90 93 3
93 90 94 3
93 90 95 3
93 90 96 3
93 90 97 3
93 90 98 3
93 90 99 3
93 90 100 3
93 90 101 3
93 90 102 3
93 90 103 3
93 90 104 3
93 90 106 3
93 90 107 3
93 90 108 3
93 90 109 3
93 91 90 3
93 91 92 3
93 91 93 3
93 91 94 3
93 91 95 3
93 91 96 3
93 91 97 3
93 91 98 3
93 91 99 3
93 91 100 3
93 91 101 3
93 91 102 3
93 91 103 3
93 91 104 3
93 91 105 3
93 91 106 3
93 91 107 3
93 91 108 3
93 92 90 3
93 92 91 3
93 92 92 3
93 92 93 3
93 92 94 3
93 92 95 3
93 92 96 3
93 92 97 3
93 92 98 3
93 92 99 3
93 92 100 3
93 92 101 3
93 92 102 3
93 92 103 3
93 92 104 3
93 92 105 3
93 92 106 3
93 92 107 3
93 92 108 3
93 92 109 3
93 93 90 3
93 93 91 3
93 93 92 3
93 93 93 3
93 93 94 3
93 93 95 3
93 93 96 3
93 93 97 3
93 93 99 3
93 93 100 3
93 93 101 3
93 93 102 3
93 93 103 3
93 93 104 3
93 93 105 3
93 93 106 3
93 93 107 3
93 93 108 3
93 93 109 3
93 94 90 3
93 94 91 3
93 94 92 3
93 94 93 3
93 94 94 3
93 94 95 3
93 94 96 3
93 94 97 3
93 94 98 3
93 94 99 3
93 94 100 3
93 94 101 3
93 94 102 3
93 94 103 3
93 94 104 3
93 94 105 3
93 94 106 3
93 94 107 3
93 94 108 3
93 94 109 3
93 95 90 3
93 95 91 3
93 95 92 3
93 95 93 3
93 95 94 3
93 95 95 3
93 95 96 3
93 95 97 3
93 95 98 3
93 95 99 3
93 95 100 3
93 95 101 3
93 95 102 3
93 95 103 3
93 95 104 3
93 95 105 3
93 95 106 3
93 95 107 3
93 95 108 3
93 95 109 3
93 96 90 3
93 96 91 3
93 96 92 3
93 96 93 3
93 96 94 3
93 96 95 3
93 96 96 3
93 96 97 3
93 96 98 3
93 96 99 3
93 96 100 3
93 96 101 3
93 96 102 3
93 96 103 3
93 96 104 3
93 96 105 3
93 96 106 3
93 96 107 3
93 96 108 3
93 97 90 3
93 97 91 3
93 97 92 3
93 97 93 3
93 97 94 3
93 97 95 3
93 97 96 3
93 97 98 3
93 97 99 3
93 97 100 3
93 97 101 3
93 97 102 3
93 97 103 3
93 97 104 3
93 97 105 3
93 97 106 3
93 97 107 3
93 97 108 3
93 97 109 3
93 98 90 3
93 98 91 3
93 98 92 3
93 98 93 3
93 98 94 3
93 98 95 3
93 98 96 3
93 98 97 3
93 98 98 3
93 98 99 3
93 98 100 3
93 98 101 3
93 98 102 3
93 98 103 3
93 98 104 3
93 98 105 3
93 98 106 3
93 98 107 3
93 98 108 3
93 98 109 3
93 99 90 3
93 99 91 3
93 99 92 3
93 99 93 3
93 99 94 3
93 99 95 3
93 99 96 3
93 99 97 3
93 99 98 3
93 99 99 3
93 99 100 3
93 99 101 3
93 99 102 3
93 99 103 3
93 99 104 3
93 99 105 3
93 99 106 3
93 99 107 3
93 99 108 3
93 99 109 3
93 100 90 3
93 100 91 3
93 100 92 3
93 100 93 3
93 100 94 3
93 100 95 3
93 100 96 3
93 100 97 3
93 100 98 3
93 100 99 3
93 100 100 3
93 100 101 3
93 100 102 3
93 100 103 3
93 100 104 3
93 100 105 3
93 100 106 3
93 100 107 3
93 100 108 3
93 100 109 3
93 101 90 3
93 101 91 3
93 101 92 3
93 101 93 3
93 101 94 3
93 101 95 3
93 101 96 3
93 101 97 3
93 101 98 3
93 101 99 3
93 101 100 3
93 101 101 3
93 101 102 3
93 101 103 3
93 101 104 3
93 101 105 3
93 101 106 3
93 101 107 3
93 101 108 3
93 102 90 3
93 102 91 3
93 102 92 3
93 102 93 3
93 102 95 3
93 102 96 3
93 102 97 3
93 102 98 3
93 102 99 3
93 102 100 3
93 102 101 3
93 102 102 3
93 102 103 3
93 102 104 3
93 102 105 3
93 102 106 3
93 102 109 3
93 103 90 3
93 103 91 3
93 103 92 3
93 103 93 3
93 103 94 3
93 103 95 3
93 103 96 3
93 103 97 3
93 103 98 3
93 103 99 3
93 103 100 3
93 103 101 3
93 103 102 3
93 103 103 3
93 103 105 3
93 103 106 3
93 103 107 3
93 103 108 3
93 103 109 3
93 104 93 3
93 104 94 3
93 104 95 3
93 104 96 3
93 104 97 3
93 104 98 3
93 104 99 3
93 104 100 3
93 104 101 3
93 104 102 3
93 104 103 3
93 104 104 3
93 104 106 3
93 104 107 3
93 104 108 3
93 104 109 3
93 105 90 3
93 105 91 3
93 105 92 3
93 105 94 3
93 105 95 3
93 105 96 3
93 105 97 3
93 105 98 3
93 105 99 3
93 105 100 3
93 105 101 3
93 105 102 3
93 105 104 3
93 105 105 3
93 105 106 3
93 105 107 3
93 105 108 3
93 105 109 3
93 106 90 3
93 106 91 3
93 106 92 3
93 106 93 3
93 106 95 3
93 106 96 3
93 106 97 3
93 106 98 3
93 106 99 3
93 106 100 3
93 106 102 3
93 106 103 3
93 106 104 3
93 106 105 3
93 106 106 3
93 106 107 3
93 106 108 3
93 106 109 3
93 107 90 3
93 107 91 3
93 107 92 3
93 107 93 3
93 107 94 3
93 107 95 3
93 107 96 3
93 107 97 3
93 107 98 3
93 107 99 3
93 107 100 3
93 107 101 3
93 107 102 3
93 107 103 3
93 107 104 3
93 107 105 3
93 107 106 3
93 107 107 3
93 107 108 3
93 107 109 3
93 108 90 3
93 108 91 3
93 108 92 3
93 108 93 3
93 108 94 3
93 108 95 3
93 108 96 3
93 108 97 3
93 108 98 3
93 108 99 3
93 108 100 3
93 108 101 3
93 108 102 3
93 108 103 3
93 108 104 3
93 108 105 3
93 108 106 3
93 108 107 3
93 108 108 3
93 108 109 3
93 109 90 3
93 109 91 3
93 109 92 3
93 109 93 3
93 109 94 3
93 109 95 3
93 109 96 3
93 109 97 3
93 109 98 3
93 109 99 3
93 109 101 3
93 109 102 3
93 109 103 3
93 109 104 3
93 109 105 3
93 109 106 3
93 109 107 3
93 109 108 3
93 109 109 3
94 90 90 3
94 90 91 3
94 90 92 3
94 90 93 3
94 90 94 3
94 90 95 3
94 90 96 3
94 90 97 3
94 90 98 3
94 90 99 3
94 90 100 3
94 90 101 3
94 90 102 3
94 90 103 3
94 90 104 3
94 90 105 3
94 90 106 3
94 90 107 3
94 90 109 3
94 91 90 3
94 91 91 3
94 91 92 3
94 91 93 3
94 91 94 3
94 91 95 3
94 91 96 3
94 91 97 3
94 91 98 3
94 91 99 3
94 91 100 3
94 91 101 3
94 91 102 3
94 91 103 3
94 91 104 3
94 91 105 3
94 91 106 3
94 91 107 3
94 91 108 3
94 91 109 3
94 92 90 3
94 92 92 3
94 92 93 3
94 92 94 3
94 92 95 3
94 92 96 3
94 92 97 3
94 92 98 3
94 92 99 3
94 92 100 3
94 92 101 3
94 92 102 3
94 92 104 3
94 92 105 3
94 92 106 3
94 92 107 3
94 92 108 3
94 92 109 3
94 93 90 3
94 93 91 3
94 93 92 3
94 93 93 3
94 93 94 3
94 93 95 3
94 93 96 3
94 93 97 3
94 93 98 3
94 93 99 3
94 93 100 3
94 93 101 3
94 93 102 3
94 93 103 3
94 93 104 3
94 93 105 3
94 93 106 3
94 93 107 3
94 93 108 3
94 93 109 3
94 94 90 3
94 94 91 3
94 94 92 3
94 94 93 3
94 94 94 3
94 94 95 3
94 94 96 3
94 94 97 3
94 94 98 3
94 94 99 3
94 94 100 3
94 94 101 3
94 94 103 3
94 94 104 3
94 94 105 3
94 94 106 3
94 94 107 3
94 94 108 3
94 94 109 3
94 95 90 3
94 95 91 3
94 95 92 3
94 95 93 3
94 95 94 3
94 95 95 3
94 95 96 3
94 95 97 3
94 95 98 3
94 95 99 3
94 95 100 3
94 95 101 3
94 95 102 3
94 95 103 3
94 95 104 3
94 95 105 3
94 95 106 3
94 95 107 3
94 95 108 3
94 95 109 3
94 96 90 3
94 96 91 3
94 96 92 3
94 96 93 3
94 96 94 3
94 96 95 3
94 96 96 3
94 96 97 3
94 96 98 3
94 96 99 3
94 96 100 3
94 96 101 3
94 96 102 3
94 96 103 3
94 96 104 3
94 96 105 3
94 96 106 3
94 96 107 3
94 96 108 3
94 96 109 3
94 97 90 3
94 97 91 3
94 97 92 3
94 97 93 3
94 97 94 3
94 97 96 3
94 97 97 3
94 97 98 3
94 97 99 3
94 97 100 3
94 97 101 3
94 97 102 3
94 97 103 3
94 97 104 3
94 97 105 3
94 97 106 3
94 97 107 3
94 97 108 3
94 97 109 3
94 98 90 3
94 98 91 3
94 98 92 3
94 98 93 3
94 98 94 3
94 98 95 3
94 98 96 3
94 98 97 3
94 98 98 3
94 98 100 3
94 98 101 3
94 98 102 3
94 98 103 3
94 98 104 3
94 98 105 3
94 98 106 3
94 98 107 3
94 98 109 3
94 99 90 3
94 99 91 3
94 99 92 3
94 99 93 3
94 99 94 3
94 99 95 3
94 99 96 3
94 99 97 3
94 99 98 3
94 99 99 3
94 99 100 3
94 99 101 3
94 99 102 3
94 99 103 3
94 99 105 3
94 99 106 3
94 99 107 3
94 99 108 3
94 99 109 3
94 100 90 3
94 100 91 3
94 100 92 3
94 100 93 3
94 100 94 3
94 100 95 3
94 100 96 3
94 100 97 3
94 100 99 3
94 100 100 3
94 100 101 3
94 100 102 3
94 100 103 3
94 100 104 3
94 100 105 3
94 100 106 3
94 100 107 3
94 100 108 3
94 100 109 3
94 101 90 3
94 101 91 3
94 101 93 3
94 101 94 3
94 101 95 3
94 101 96 3
94 101 97 3
94 101 98 3
94 101 100 3
94 101 101 3
94 101 102 3
94 101 103 3
94 101 104 3
94 101 105 3
94 101 106 3
94 101 107 3
94 101 108 3
94 101 109 3
94 102 90 3
94 102 91 3
94 102 92 3
94 102 93 3
94 102 94 3
94 102 95 3
94 102 96 3
94 102 97 3
94 102 98 3
94 102 100 3
94 102 102 3
94 102 103 3
94 102 104 3
94 102 105 3
94 102 106 3
94 102 107 3
94 102 108 3
94 102 109 3
94 103 90 3
94 103 91 3
94 103 92 3
94 103 94 3
94 103 95 3
94 103 96 3
94 103 97 3
94 103 98 3
94 103 99 3
94 103 100 3
94 103 101 3
94 103 102 3
94 103 103 3
94 103 104 3
94 103 105 3
94 103 106 3
94 103 107 3
94 103 109 3
94 104 92 3
94 104 93 3
94 104 95 3
94 104 96 3
94 104 98 3
94 104 99 3
94 104 100 3
94 104 101 3
94 104 102 3
94 104 103 3
94 104 104 3
94 104 105 3
94 104 106 3
94 104 107 3
94 104 108 3
94 104 109 3
94 105 90 3
94 105 91 3
94 105 92 3
94 105 93 3
94 105 94 3
94 105 95 3
94 105 96 3
94 105 97 3
94 105 98 3
94 105 99 3
94 105 100 3
94 105 101 3
94 105 102 3
94 105 104 3
94 105 105 3
94 105 106 3
94 105 107 3
94 105 108 3
94 105 109 3
94 106 90 3
94 106 91 3
94 106 92 3
94 106 93 3
94 106 94 3
94 106 95 3
94 106 96 3
94 106 97 3
94 106 98 3
94 106 99 3
94 106 100 3
94 106 101 3
94 106 102 3
94 106 103 3
94 106 104 3
94 106 105 3
94 106 106 3
94 106 107 3
94 106 108 3
94 106 109 3
94 107 90 3
94 107 91 3
94 107 92 3
94 107 93 3
94 107 94 3
94 107 95 3
94 107 96 3
94 107 97 3
94 107 98 3
94 107 99 3
94 107 100 3
94 107 101 3
94 107 102 3
94 107 103 3
94 107 104 3
94 107 105 3
94 107 106 3
94 107 107 3
94 107 108 3
94 107 109 3
94 108 91 3
94 108 92 3
94 108 93 3
94 108 94 3
94 108 95 3
94 108 96 3
94 108 97 3
94 108 98 3
94 108 99 3
94 108 100 3
94 108 101 3
94 108 102 3
94 108 103 3
94 108 104 3
94 108 105 3
94 108 106 3
94 108 107 3
94 108 108 3
94 108 109 3
94 109 90 3
94 109 91 3
94 109 92 3
94 109 93 3
94 109 94 3
94 109 95 3
94 109 96 3
94 109 97 3
94 109 98 3
94 109 100 3
94 109 101 3
94 109 102 3
94 109 103 3
94 109 104 3
94 109 105 3
94 109 106 3
94 109 107 3
94 109 109 3
95 90 90 3
95 90 91 3
95 90 92 3
95 90 93 3
95 90 94 3
95 90 95 3
95 90 96 3
95 90 97 3
95 90 99 3
95 90 100 3
95 90 101 3
95 90 102 3
95 90 103 3
95 90 104 3
95 90 105 3
95 90 106 3
95 90 107 3
95 90 108 3
95 90 109 3
95 91 90 3
95 91 91 3
95 91 92 3
95 91 93 3
95 91 94 3
95 91 95 3
95 91 96 3
95 91 97 3
95 91 98 3
95 91 99 3
95 91 100 3
95 91 101 3
95 91 102 3
95 91 103 3
95 91 104 3
95 91 105 3
95 91 106 3
95 91 107 3
95 91 108 3
95 91 109 3
95 92 90 3
95 92 91 3
95 92 92 3
95 92 93 3
95 92 94 3
95 92 95 3
95 92 96 3
95 92 97 3
95 92 98 3
95 92 99 3
95 92 100 3
95 92 101 3
95 92 102 3
95 92 103 3
95 92 104 3
95 92 105 3
95 92 106 3
95 92 107 3
95 92 108 3
95 92 109 3
95 93 90 3
95 93 91 3
95 93 92 3
95 93 93 3
95 93 94 3
95 93 96 3
95 93 97 3
95 93 98 3
95 93 99 3
95 93 100 3
95 93 101 3
95 93 102 3
95 93 103 3
95 93 105 3
95 93 106 3
95 93 107 3
95 93 108 3
95 93 109 3
95 94 90 3
95 94 91 3
95 94 92 3
95 94 93 3
95 94 94 3
95 94 96 3
95 94 97 3
95 94 98 3
95 94 99 3
95 94 100 3
95 94 102 3
95 94 103 3
95 94 104 3
95 94 105 3
95 94 106 3
95 94 107 3
95 94 108 3
95 94 109 3
95 95 90 3
95 95 91 3
95 95 93 3
95 95 94 3
95 95 95 3
95 95 96 3
95 95 97 3
95 95 98 3
95 95 99 3
95 95 100 3
95 95 102 3
95 95 103 3
95 95 104 3
95 95 105 3
95 95 106 3
95 95 107 3
95 95 108 3
95 95 109 3
95 96 90 3
95 96 92 3
95 96 93 3
95 96 94 3
95 96 95 3
95 96 96 3
95 96 97 3
95 96 99 3
95 96 100 3
95 96 101 3
95 96 102 3
95 96 104 3
95 96 105 3
95 96 106 3
95 96 107 3
95 96 108 3
95 96 109 3
95 97 90 3
95 97 91 3
95 97 92 3
95 97 93 3
95 97 95 3
95 97 96 3
95 97 97 3
95 97 98 3
95 97 99 3
95 97 100 3
95 97 101 3
95 97 102 3
95 97 103 3
95 97 104 3
95 97 106 3
95 97 107 3
95 97 108 3
95 97 109 3
95 98 90 3
95 98 91 3
95 98 92 3
95 98 93 3
95 98 94 3
95 98 95 3
95 98 96 3
95 98 98 3
95 98 99 3
95 98 100 3
95 98 101 3
95 98 102 3
95 98 103 3
95 98 104 3
95 98 105 3
95 98 106 3
95 98 107 3
95 98 108 3
95 98 109 3
95 99 90 3
95 99 91 3
95 99 92 3
95 99 93 3
95 99 94 3
95 99 95 3
95 99 96 3
95 99 97 3
95 99 98 3
95 99 99 3
95 99 100 3
95 99 101 3
95 99 102 3
95 99 103 3
95 99 104 3
95 99 105 3
95 99 106 3
95 99 107 3
95 99 108 3
95 99 109 3
95 100 90 3
95 100 91 3
95 100 92 3
95 100 93 3
95 100 94 3
95 100 95 3
95 100 97 3
95 100 98 3
95 100 100 3
95 100 101 3
95 100 102 3
95 100 103 3
95 100 104 3
95 100 105 3
95 100 106 3
95 100 107 3
95 100 108 3
95 100 109 3
95 101 90 3
95 101 91 3
95 101 92 3
95 101 93 3
95 101 94 3
95 101 95 3
95 101 96 3
95 101 97 3
95 101 98 3
95 101 99 3
95 101 101 3
95 101 102 3
95 101 103 3
95 101 104 3
95 101 105 3
95 101 106 3
95 101 107 3
95 101 108 3
95 101 109 3
95 102 90 3
95 102 91 3
95 102 92 3
95 102 93 3
95 102 94 3
95 102 95 3
95 102 96 3
95 102 97 3
95 102 98 3
95 102 99 3
95 102 100 3
95 102 101 3
95 102 102 3
95 102 103 3
95 102 104 3
95 102 105 3
95 102 106 3
95 102 107 3
95 102 108 3
95 102 109 3
95 103 90 3
95 103 91 3
95 103 92 3
95 103 93 3
95 103 94 3
95 103 95 3
95 103 96 3
95 103 97 3
95 103 98 3
95 103 99 3
95 103 100 3
95 103 101 3
95 103 102 3
95 103 103 3
95 103 104 3
95 103 105 3
95 103 106 3
95 103 107 3
95 103 108 3
95 103 109 3
95 104 90 3
95 104 91 3
95 104 92 3
95 104 93 3
95 104 94 3
95 104 95 3
95 104 96 3
95 104 97 3
95 104 98 3
95 104 99 3
95 104 100 3
95 104 101 3
95 104 102 3
95 104 104 3
95 104 105 3
95 104 106 3
95 104 107 3
95 104 108 3
95 105 90 3
95 105 91 3
95 105 92 3
95 105 93 3
95 105 94 3
95 105 95 3
95 105 96 3
95 105 97 3
95 105 98 3
95 105 100 3
95 105 101 3
95 105 102 3
95 105 103 3
95 105 104 3
95 105 105 3
95 105 106 3
95 105 107 3
95 105 108 3
95 105 109 3
95 106 90 3
95 106 91 3
95 106 92 3
95 106 93 3
95 106 94 3
95 106 95 3
95 106 96 3
95 106 97 3
95 106 98 3
95 106 99 3
95 106 100 3
95 106 101 3
95 106 102 3
95 106 103 3
95 106 104 3
95 106 105 3
95 106 106 3
95 106 107 3
95 106 108 3
95 106 109 3
95 107 90 3
95 107 91 3
95 107 93 3
95 107 94 3
95 107 95 3
95 107 96 3
95 107 97 3
95 107 98 3
95 107 99 3
95 107 100 3
95 107 101 3
95 107 102 3
95 107 103 3
95 107 104 3
95 107 105 3
95 107 106 3
95 107 107 3
95 107 108 3
95 107 109 3
95 108 90 3
95 108 91 3
95 108 92 3
95 108 93 3
95 108 94 3
95 108 95 3
95 108 96 3
95 108 97 3
95 108 98 3
95 108 99 3
95 108 100 3
95 108 101 3
95 108 102 3
95 108 103 3
95 108 104 3
95 108 105 3
95 108 106 3
95 108 107 3
95 108 108 3
95 108 109 3
95 109 90 3
95 109 91 3
95 109 92 3
95 109 93 3
95 109 94 3
95 109 95 3
95 109 96 3
95 109 97 3
95 109 98 3
95 109 99 3
95 109 100 3
95 109 101 3
95 109 102 3
95 109 103 3
95 109 104 3
95 109 105 3
95 109 106 3
95 109 107 3
95 109 108 3
95 109 109 3
96 90 90 3
96 90 91 3
96 90 92 3
96 90 93 3
96 90 94 3
96 90 95 3
96 90 96 3
96 90 97 3
96 90 98 3
96 90 99 3
96 90 100 3
96 90 101 3
96 90 102 3
96 90 103 3
96 90 104 3
96 90 105 3
96 90 106 3
96 90 107 3
96 90 108 3
96 90 109 3
96 91 90 3
96 91 91 3
96 91 92 3
96 91 93 3
96 91 94 3
96 91 95 3
96 91 96 3
96 91 98 3
96 91 99 3
96 91 100 3
96 91 101 3
96 91 102 3
96 91 103 3
96 91 104 3
96 91 105 3
96 91 106 3
96 91 107 3
96 91 108 3
96 91 109 3
96 92 90 3
96 92 91 3
96 92 92 3
96 92 93 3
96 92 94 3
96 92 95 3
96 92 96 3
96 92 97 3
96 92 98 3
96 92 99 3
96 92 100 3
96 92 101 3
96 92 102 3
96 92 103 3
96 92 104 3
96 92 105 3
96 92 106 3
96 92 107 3
96 92 108 3
96 92 109 3
96 93 90 3
96 93 91 3
96 93 92 3
96 93 93 3
96 93 94 3
96 93 95 3
96 93 96 3
96 93 97 3
96 93 98 3
96 93 100 3
96 93 101 3
96 93 102 3
96 93 103 3
96 93 104 3
96 93 105 3
96 93 106 3
96 93 107 3
96 93 108 3
96 93 109 3
96 94 90 3
96 94 91 3
96 94 92 3
96 94 93 3
96 94 95 3
96 94 96 3
96 94 97 3
96 94 98 3
96 94 99 3
96 94 100 3
96 94 101 3
96 94 102 3
96 94 103 3
96 94 104 3
96 94 105 3
96 94 106 3
96 94 107 3
96 94 108 3
96 94 109 3
96 95 90 3
96 95 91 3
96 95 92 3
96 95 93 3
96 95 94 3
96 95 95 3
96 95 96 3
96 95 97 3
96 95 98 3
96 95 99 3
96 95 100 3
96 95 101 3
96 95 102 3
96 95 103 3
96 95 104 3
96 95 105 3
96 95 106 3
96 95 107 3
96 95 108 3
96 95 109 3
96 96 90 3
96 96 91 3
96 96 92 3
96 96 93 3
96 96 94 3
96 96 95 3
96 96 96 3
96 96 97 3
96 96 98 3
96 96 99 3
96 96 100 3
96 96 101 3
96 96 102 3
96 96 103 3
96 96 104 3
96 96 105 3
96 96 107 3
96 96 108 3
96 96 109 3
96 97 90 3
96 97 91 3
96 97 92 3
96 97 93 3
96 97 94 3
96 97 95 3
96 97 96 3
96 97 97 3
96 97 98 3
96 97 99 3
96 97 100 3
96 97 101 3
96 97 102 3
96 97 103 3
96 97 104 3
96 97 105 3
96 97 106 3
96 97 107 3
96 97 108 3
96 97 109 3
96 98 90 3
96 98 91 3
96 98 92 3
96 98 93 3
96 98 94 3
96 98 95 3
96 98 96 3
96 98 97 3
96 98 98 3
96 98 99 3
96 98 100 3
96 98 101 3
96 98 102 3
96 98 103 3
96 98 104 3
96 98 105 3
96 98 106 3
96 98 107 3
96 98 108 3
96 98 109 3
96 99 90 3
96 99 92 3
96 99 93 3
96 99 94 3
96 99 95 3
96 99 96 3
96 99 97 3
96 99 98 3
96 99 99 3
96 99 100 3
96 99 101 3
96 99 102 3
96 99 103 3
96 99 104 3
96 99 105 3
96 99 106 3
96 99 107 3
96 99 108 3
96 99 109 3
96 100 90 3
96 100 91 3
96 100 92 3
96 100 93 3
96 100 94 3
96 100 95 3
96 100 96 3
96 100 97 3
96 100 98 3
96 100 99 3
96 100 100 3
96 100 101 3
96 100 102 3
96 100 104 3
96 100 105 3
96 100 106 3
96 100 107 3
96 100 108 3
96 100 109 3
96 101 90 3
96 101 91 3
96 101 92 3
96 101 93 3
96 101 94 3
96 101 95 3
96 101 96 3
96 101 97 3
96 101 98 3
96 101 99 3
96 101 100 3
96 101 101 3
96 101 102 3
96 101 103 3
96 101 105 3
96 101 106 3
96 101 107 3
96 101 108 3
96 101 109 3
96 102 90 3
96 102 91 3
96 102 92 3
96 102 93 3
96 102 94 3
96 102 95 3
96 102 96 3
96 102 97 3
96 102 98 3
96 102 99 3
96 102 100 3
96 102 102 3
96 102 103 3
96 102 104 3
96 102 105 3
96 102 106 3
96 102 107 3
96 102 108 3
96 102 109 3
96 103 90 3
96 103 91 3
96 103 92 3
96 103 93 3
96 103 94 3
96 103 95 3
96 103 96 3
96 103 97 3
96 103 98 3
96 103 99 3
96 103 100 3
96 103 101 3
96 103 102 3
96 103 103 3
96 103 105 3
96 103 106 3
96 103 107 3
96 103 108 3
96 103 109 3
96 104 90 3
96 104 91 3
96 104 92 3
96 104 93 3
96 104 94 3
96 104 95 3
96 104 96 3
96 104 97 3
96 104 98 3
96 104 99 3
96 104 100 3
96 104 101 3
96 104 102 3
96 104 103 3
96 104 104 3
96 104 105 3
96 104 106 3
96 104 107 3
96 104 108 3
96 104 109 3
96 105 90 3
96 105 91 3
96 105 92 3
96 105 93 3
96 105 94 3
96 105 95 3
96 105 96 3
96 105 97 3
96 105 98 3
96 105 99 3
96 105 101 3
96 105 102 3
96 105 103 3
96 105 104 3
96 105 105 3
96 105 106 3
96 105 107 3
96 105 108 3
96 105 109 3
96 106 90 3
96 106 91 3
96 106 92 3
96 106 93 3
96 106 94 3
96 106 95 3
96 106 96 3
96 106 97 3
96 106 98 3
96 106 100 3
96 106 101 3
96 106 102 3
96 106 103 3
96 106 104 3
96 106 105 3
96 106 106 3
96 106 107 3
96 106 108 3
96 106 109 3
96 107 90 3
96 107 91 3
96 107 92 3
96 107 93 3
96 107 94 3
96 107 95 3
96 107 96 3
96 107 97 3
96 107 98 3
96 107 99 3
96 107 100 3
96 107 101 3
96 107 102 3
96 107 103 3
96 107 104 3
96 107 105 3
96 107 106 3
96 107 108 3
96 107 109 3
96 108 90 3
96 108 91 3
96 108 92 3
96 108 93 3
96 108 94 3
96 108 95 3
96 108 96 3
96 108 97 3
96 108 98 3
96 108 99 3
96 108 100 3
96 108 101 3
96 108 102 3
96 108 103 3
96 108 104 3
96 108 105 3
96 108 106 3
96 108 107 3
96 108 108 3
96 108 109 3
96 109 90 3
96 109 91 3
96 109 92 3
96 109 93 3
96 109 95 3
96 109 96 3
96 109 98 3
96 109 99 3
96 109 100 3
96 109 101 3
96 109 102 3
96 109 104 3
96 109 105 3
96 109 106 3
96 109 107 3
96 109 108 3
96 109 109 3
97 90 90 3
97 90 91 3
97 90 92 3
97 90 93 3
97 90 94 3
97 90 95 3
97 90 96 3
97 90 97 3
97 90 98 3
97 90 99 3
97 90 100 3
97 90 101 3
97 90 102 3
97 90 103 3
97 90 104 3
97 90 105 3
97 90 106 3
97 90 107 3
97 90 108 3
97 90 109 3
97 91 90 3
97 91 91 3
97 91 92 3
97 91 93 3
97 91 94 3
97 91 95 3
97 91 96 3
97 91 97 3
97 91 98 3
97 91 99 3
97 91 100 3
97 91 101 3
97 91 102 3
97 91 104 3
97 91 105 3
97 91 106 3
97 91 107 3
97 91 108 3
97 91 109 3
97 92 90 3
97 92 91 3
97 92 92 3
97 92 93 3
97 92 94 3
97 92 95 3
97 92 96 3
97 92 97 3
97 92 98 3
97 92 99 3
97 92 100 3
97 92 101 3
97 92 102 3
97 92 103 3
97 92 104 3
97 92 105 3
97 92 107 3
97 92 108 3
97 92 109 3
97 93 90 3
97 93 91 3
97 93 92 3
97 93 93 3
97 93 94 3
97 93 95 3
97 93 96 3
97 93 97 3
97 93 98 3
97 93 99 3
97 93 100 3
97 93 101 3
97 93 102 3
97 93 103 3
97 93 104 3
97 93 105 3
97 93 106 3
97 93 107 3
97 93 108 3
97 93 109 3
97 94 90 3
97 94 91 3
97 94 92 3
97 94 93 3
97 94 94 3
97 94 95 3
97 94 96 3
97 94 97 3
97 94 98 3
97 94 99 3
97 94 100 3
97 94 101 3
97 94 102 3
97 94 103 3
97 94 104 3
97 94 105 3
97 94 106 3
97 94 107 3
97 94 108 3
97 94 109 3
97 95 90 3
97 95 91 3
97 95 92 3
97 95 93 3
97 95 94 3
97 95 95 3
97 95 96 3
97 95 97 3
97 95 98 3
97 95 99 3
97 95 100 3
97 95 101 3
97 95 102 3
97 95 103 3
97 95 104 3
97 95 105 3
97 95 106 3
97 95 107 3
97 95 108 3
97 95 109 3
97 96 90 3
97 96 91 3
97 96 92 3
97 96 93 3
97 96 94 3
97 96 96 3
97 96 97 3
97 96 98 3
97 96 99 3
97 96 100 3
97 96 101 3
97 96 103 3
97 96 104 3
97 96 105 3
97 96 106 3
97 96 107 3
97 96 108 3
97 96 109 3
97 97 90 3
97 97 91 3
97 97 92 3
97 97 93 3
97 97 94 3
97 97 95 3
97 97 96 3
97 97 97 3
97 97 98 3
97 97 99 3
97 97 100 3
97 97 101 3
97 97 102 3
97 97 103 3
97 97 104 3
97 97 105 3
97 97 106 3
97 97 107 3
97 97 108 3
97 97 109 3
97 98 90 3
97 98 91 3
97 98 92 3
97 98 93 3
97 98 96 3
97 98 97 3
97 98 98 3
97 98 99 3
97 98 100 3
97 98 101 3
97 98 102 3
97 98 103 3
97 98 104 3
97 98 105 3
97 98 106 3
97 98 107 3
97 98 108 3
97 98 109 3
97 99 90 3
97 99 91 3
97 99 92 3
97 99 93 3
97 99 94 3
97 99 95 3
97 99 96 3
97 99 97 3
97 99 98 3
97 99 99 3
97 99 100 3
97 99 101 3
97 99 102 3
97 99 103 3
97 99 104 3
97 99 105 3
97 99 106 3
97 99 107 3
97 99 108 3
97 99 109 3
97 100 90 3
97 100 91 3
97 100 92 3
97 100 94 3
97 100 95 3
97 100 96 3
97 100 97 3
97 100 99 3
97 100 100 3
97 100 101 3
97 100 103 3
97 100 104 3
97 100 105 3
97 100 106 3
97 100 107 3
97 100 108 3
97 100 109 3
97 101 90 3
97 101 91 3
97 101 92 3
97 101 93 3
97 101 94 3
97 101 95 3
97 101 97 3
97 101 98 3
97 101 99 3
97 101 100 3
97 101 101 3
97 101 102 3
97 101 103 3
97 101 104 3
97 101 105 3
97 101 106 3
97 101 107 3
97 101 108 3
97 101 109 3
97 102 90 3
97 102 91 3
97 102 92 3
97 102 93 3
97 102 94 3
97 102 95 3
97 102 96 3
97 102 97 3
97 102 98 3
97 102 99 3
97 102 100 3
97 102 101 3
97 102 102 3
97 102 103 3
97 102 104 3
97 102 105 3
97 102 106 3
97 102 107 3
97 102 108 3
97 102 109 3
97 103 90 3
97 103 91 3
97 103 92 3
97 103 93 3
97 103 94 3
97 103 95 3
97 103 96 3
97 103 97 3
97 103 98 3
97 103 99 3
97 103 100 3
97 103 101 3
97 103 102 3
97 103 103 3
97 103 104 3
97 103 106 3
97 103 107 3
97 103 108 3
97 103 109 3
97 104 90 3
97 104 91 3
97 104 92 3
97 104 93 3
97 104 94 3
97 104 95 3
97 104 96 3
97 104 97 3
97 104 98 3
97 104 100 3
97 104 101 3
97 104 102 3
97 104 103 3
97 104 104 3
97 104 105 3
97 104 106 3
97 105 90 3
97 105 91 3
97 105 92 3
97 105 93 3
97 105 94 3
97 105 95 3
97 105 96 3
97 105 97 3
97 105 98 3
97 105 99 3
97 105 101 3
97 105 102 3
97 105 103 3
97 105 104 3
97 105 105 3
97 105 106 3
97 105 107 3
97 105 108 3
97 105 109 3
97 106 90 3
97 106 91 3
97 106 92 3
97 106 93 3
97 106 94 3
97 106 96 3
97 106 97 3
97 106 98 3
97 106 99 3
97 106 100 3
97 106 101 3
97 106 103 3
97 106 104 3
97 106 105 3
97 106 106 3
97 106 107 3
97 106 108 3
97 106 109 3
97 107 90 3
97 107 91 3
97 107 92 3
97 107 93 3
97 107 94 3
97 107 95 3
97 107 96 3
97 107 97 3
97 107 98 3
97 107 99 3
97 107 100 3
97 107 101 3
97 107 102 3
97 107 103 3
97 107 104 3
97 107 105 3
97 107 106 3
97 107 108 3
97 107 109 3
97 108 90 3
97 108 91 3
97 108 92 3
97 108 93 3
97 108 94 3
97 108 95 3
97 108 96 3
97 108 97 3
97 108 98 3
97 108 100 3
97 108 101 3
97 108 102 3
97 108 103 3
97 108 104 3
97 108 105 3
97 108 106 3
97 108 107 3
97 108 108 3
97 108 109 3
97 109 90 3
97 109 91 3
97 109 92 3
97 109 93 3
97 109 94 3
97 109 95 3
97 109 96 3
97 109 97 3
97 109 98 3
97 109 99 3
97 109 100 3
97 109 101 3
97 109 103 3
97 109 105 3
97 109 106 3
97 109 107 3
97 109 108 3
97 109 109 3
98 90 90 3
98 90 91 3
98 90 92 3
98 90 93 3
98 90 94 3
98 90 95 3
98 90 96 3
98 90 97 3
98 90 98 3
98 90 99 3
98 90 100 3
98 90 101 3
98 90 102 3
98 90 103 3
98 90 104 3
98 90 105 3
98 90 106 3
98 90 107 3
98 90 108 3
98 90 109 3
98 91 90 3
98 91 91 3
98 91 92 3
98 91 93 3
98 91 94 3
98 91 95 3
98 91 96 3
98 91 97 3
98 91 98 3
98 91 99 3
98 91 100 3
98 91 101 3
98 91 102 3
98 91 104 3
98 91 105 3
98 91 106 3
98 91 107 3
98 91 108 3
98 91 109 3
98 92 90 3
98 92 91 3
98 92 92 3
98 92 93 3
98 92 94 3
98 92 95 3
98 92 96 3
98 92 97 3
98 92 98 3
98 92 99 3
98 92 100 3
98 92 101 3
98 92 102 3
98 92 104 3
98 92 105 3
98 92 107 3
98 92 108 3
98 92 109 3
98 93 90 3
98 93 91 3
98 93 92 3
98 93 93 3
98 93 94 3
98 93 95 3
98 93 96 3
98 93 97 3
98 93 98 3
98 93 99 3
98 93 100 3
98 93 101 3
98 93 102 3
98 93 103 3
98 93 104 3
98 93 105 3
98 93 106 3
98 93 107 3
98 93 108 3
98 93 109 3
98 94 90 3
98 94 91 3
98 94 92 3
98 94 93 3
98 94 94 3
98 94 95 3
98 94 96 3
98 94 97 3
98 94 98 3
98 94 99 3
98 94 101 3
98 94 102 3
98 94 104 3
98 94 105 3
98 94 106 3
98 94 107 3
98 94 108 3
98 94 109 3
98 95 90 3
98 95 91 3
98 95 92 3
98 95 93 3
98 95 94 3
98 95 95 3
98 95 96 3
98 95 97 3
98 95 98 3
98 95 99 3
98 95 100 3
98 95 101 3
98 95 102 3
98 95 103 3
98 95 104 3
98 95 105 3
98 95 106 3
98 95 107 3
98 95 108 3
98 95 109 3
98 96 90 3
98 96 91 3
98 96 92 3
98 96 93 3
98 96 94 3
98 96 95 3
98 96 97 3
98 96 98 3
98 96 99 3
98 96 100 3
98 96 101 3
98 96 102 3
98 96 103 3
98 96 104 3
98 96 105 3
98 96 106 3
98 96 107 3
98 96 108 3
98 96 109 3
98 97 90 3
98 97 91 3
98 97 92 3
98 97 93 3
98 97 94 3
98 97 95 3
98 97 96 3
98 97 97 3
98 97 98 3
98 97 99 3
98 97 100 3
98 97 101 3
98 97 102 3
98 97 103 3
98 97 104 3
98 97 105 3
98 97 106 3
98 97 107 3
98 97 108 3
98 98 90 3
98 98 91 3
98 98 92 3
98 98 93 3
98 98 94 3
98 98 95 3
98 98 96 3
98 98 97 3
98 98 98 3
98 98 99 3
98 98 100 3
98 98 101 3
98 98 102 3
98 98 103 3
98 98 104 3
98 98 105 3
98 98 106 3
98 98 107 3
98 98 108 3
98 98 109 3
98 99 90 3
98 99 91 3
98 99 92 3
98 99 93 3
98 99 94 3
98 99 95 3
98 99 96 3
98 99 97 3
98 99 98 3
98 99 99 3
98 99 100 3
98 99 101 3
98 99 102 3
98 99 103 3
98 99 104 3
98 99 105 3
98 99 107 3
98 99 109 3
98 100 90 3
98 100 91 3
98 100 92 3
98 100 93 3
98 100 94 3
98 100 95 3
98 100 96 3
98 100 97 3
98 100 98 3
98 100 99 3
98 100 100 3
98 100 101 3
98 100 102 3
98 100 103 3
98 100 104 3
98 100 105 3
98 100 106 3
98 100 107 3
98 100 108 3
98 100 109 3
98 101 91 3
98 101 92 3
98 101 93 3
98 101 94 3
98 101 95 3
98 101 96 3
98 101 97 3
98 101 98 3
98 101 99 3
98 101 100 3
98 101 101 3
98 101 102 3
98 101 103 3
98 101 104 3
98 101 105 3
98 101 106 3
98 101 108 3
98 101 109 3
98 102 90 3
98 102 91 3
98 102 92 3
98 102 93 3
98 102 94 3
98 102 95 3
98 102 96 3
98 102 97 3
98 102 98 3
98 102 99 3
98 102 100 3
98 102 101 3
98 102 102 3
98 102 103 3
98 102 104 3
98 102 105 3
98 102 106 3
98 102 107 3
98 102 108 3
98 102 109 3
98 103 90 3
98 103 91 3
98 103 92 3
98 103 93 3
98 103 94 3
98 103 95 3
98 103 96 3
98 103 97 3
98 103 98 3
98 103 99 3
98 103 100 3
98 103 101 3
98 103 102 3
98 103 103 3
98 103 104 3
98 103 105 3
98 103 106 3
98 103 107 3
98 103 108 3
98 103 109 3
98 104 91 3
98 104 92 3
98 104 93 3
98 104 94 3
98 104 95 3
98 104 96 3
98 104 97 3
98 104 98 3
98 104 99 3
98 104 100 3
98 104 101 3
98 104 102 3
98 104 103 3
98 104 104 3
98 104 105 3
98 104 106 3
98 104 107 3
98 104 108 3
98 104 109 3
98 105 90 3
98 105 91 3
98 105 92 3
98 105 93 3
98 105 94 3
98 105 95 3
98 105 96 3
98 105 97 3
98 105 98 3
98 105 99 3
98 105 100 3
98 105 101 3
98 105 102 3
98 105 103 3
98 105 104 3
98 105 105 3
98 105 106 3
98 105 107 3
98 105 108 3
98 105 109 3
98 106 90 3
98 106 91 3
98 106 92 3
98 106 93 3
98 106 94 3
98 106 95 3
98 106 96 3
98 106 97 3
98 106 98 3
98 106 99 3
98 106 101 3
98 106 102 3
98 106 103 3
98 106 104 3
98 106 105 3
98 106 106 3
98 106 107 3
98 106 108 3
98 106 109 3
98 107 90 3
98 107 91 3
98 107 92 3
98 107 93 3
98 107 94 3
98 107 95 3
98 107 96 3
98 107 97 3
98 107 98 3
98 107 99 3
98 107 100 3
98 107 101 3
98 107 102 3
98 107 103 3
98 107 104 3
98 107 105 3
98 107 106 3
98 107 107 3
98 107 109 3
98 108 90 3
98 108 91 3
98 108 92 3
98 108 93 3
98 108 94 3
98 108 95 3
98 108 96 3
98 108 97 3
98 108 98 3
98 108 99 3
98 108 100 3
98 108 101 3
98 108 102 3
98 108 103 3
98 108 104 3
98 108 105 3
98 108 106 3
98 108 107 3
98 108 108 3
98 108 109 3
98 109 90 3
98 109 91 3
98 109 92 3
98 109 93 3
98 109 94 3
98 109 96 3
98 109 97 3
98 109 98 3
98 109 99 3
98 109 100 3
98 109 101 3
98 109 102 3
98 109 103 3
98 109 104 3
98 109 105 3
98 109 106 3
98 109 107 3
98 109 108 3
98 109 109 3
99 90 93 3
99 90 94 3
99 90 95 3
99 90 96 3
99 90 97 3
99 90 98 3
99 90 99 3
99 90 100 3
99 90 101 3
99 90 102 3
99 90 103 3
99 90 104 3
99 90 105 3
99 90 106 3
99 90 107 3
99 90 108 3
99 90 109 3
99 91 90 3
99 91 91 3
99 91 92 3
99 91 94 3
99 91 95 3
99 91 96 3
99 91 97 3
99 91 98 3
99 91 99 3
99 91 100 3
99 91 101 3
99 91 102 3
99 91 103 3
99 91 104 3
99 91 105 3
99 91 106 3
99 91 107 3
99 91 108 3
99 91 109 3
99 92 90 3
99 92 91 3
99 92 92 3
99 92 93 3
99 92 94 3
99 92 95 3
99 92 96 3
99 92 97 3
99 92 98 3
99 92 99 3
99 92 100 3
99 92 101 3
99 92 102 3
99 92 103 3
99 92 104 3
99 92 105 3
99 92 106 3
99 92 107 3
99 92 108 3
99 92 109 3
99 93 90 3
99 93 91 3
99 93 92 3
99 93 93 3
99 93 94 3
99 93 95 3
99 93 96 3
99 93 97 3
99 93 98 3
99 93 99 3
99 93 100 3
99 93 101 3
99 93 102 3
99 93 103 3
99 93 104 3
99 93 105 3
99 93 106 3
99 93 107 3
99 93 108 3
99 93 109 3
99 94 90 3
99 94 92 3
99 94 93 3
99 94 94 3
99 94 95 3
99 94 96 3
99 94 97 3
99 94 98 3
99 94 100 3
99 94 101 3
99 94 102 3
99 94 103 3
99 94 104 3
99 94 105 3
99 94 106 3
99 94 107 3
99 94 108 3
99 94 109 3
99 95 90 3
99 95 91 3
99 95 92 3
99 95 93 3
99 95 94 3
99 95 95 3
99 95 96 3
99 95 97 3
99 95 99 3
99 95 100 3
99 95 101 3
99 95 102 3
99 95 103 3
99 95 104 3
99 95 105 3
99 95 106 3
99 95 108 3
99 95 109 3
99 96 90 3
99 96 91 3
99 96 92 3
99 96 93 3
99 96 94 3
99 96 95 3
99 96 96 3
99 96 97 3
99 96 98 3
99 96 99 3
99 96 100 3
99 96 101 3
99 96 102 3
99 96 103 3
99 96 104 3
99 96 105 3
99 96 106 3
99 96 107 3
99 96 108 3
99 96 109 3
99 97 90 3
99 97 91 3
99 97 92 3
99 97 93 3
99 97 94 3
99 97 95 3
99 97 96 3
99 97 97 3
99 97 98 3
99 97 99 3
99 97 100 3
99 97 101 3
99 97 102 3
99 97 103 3
99 97 104 3
99 97 105 3
99 97 106 3
99 97 108 3
99 97 109 3
99 98 90 3
99 98 91 3
99 98 92 3
99 98 93 3
99 98 95 3
99 98 96 3
99 98 97 3
99 98 98 3
99 98 99 3
99 98 100 3
99 98 101 3
99 98 102 3
99 98 103 3
99 98 104 3
99 98 106 3
99 98 107 3
99 98 108 3
99 98 109 3
99 99 90 3
99 99 91 3
99 99 92 3
99 99 93 3
99 99 94 3
99 99 95 3
99 99 96 3
99 99 97 3
99 99 98 3
99 99 99 3
99 99 100 3
99 99 101 3
99 99 102 3
99 99 103 3
99 99 104 3
99 99 105 3
99 99 106 3
99 99 107 3
99 99 108 3
99 99 109 3
99 100 90 3
99 100 91 3
99 100 92 3
99 100 93 3
99 100 94 3
99 100 95 3
99 100 96 3
99 100 97 3
99 100 98 3
99 100 99 3
99 100 100 3
99 100 101 3
99 100 102 3
99 100 103 3
99 100 104 3
99 100 105 3
99 100 106 3
99 100 107 3
99 100 108 3
99 100 109 3
99 101 90 3
99 101 91 3
99 101 92 3
99 101 93 3
99 101 94 3
99 101 95 3
99 101 96 3
99 101 97 3
99 101 99 3
99 101 100 3
99 101 101 3
99 101 102 3
99 101 103 3
99 101 104 3
99 101 106 3
99 101 108 3
99 101 109 3
99 102 90 3
99 102 91 3
99 102 92 3
99 102 93 3
99 102 94 3
99 102 95 3
99 102 96 3
99 102 97 3
99 102 98 3
99 102 99 3
99 102 100 3
99 102 101 3
99 102 102 3
99 102 103 3
99 102 104 3
99 102 105 3
99 102 106 3
99 102 107 3
99 102 108 3
99 102 109 3
99 103 90 3
99 103 91 3
99 103 92 3
99 103 93 3
99 103 94 3
99 103 95 3
99 103 96 3
99 103 97 3
99 103 98 3
99 103 99 3
99 103 100 3
99 103 101 3
99 103 102 3
99 103 103 3
99 103 104 3
99 103 105 3
99 103 106 3
99 103 107 3
99 103 108 3
99 103 109 3
99 104 90 3
99 104 91 3
99 104 92 3
99 104 93 3
99 104 94 3
99 104 95 3
99 104 96 3
99 104 97 3
99 104 99 3
99 104 100 3
99 104 101 3
99 104 102 3
99 104 103 3
99 104 104 3
99 104 105 3
99 104 106 3
99 104 107 3
99 104 108 3
99 104 109 3
99 105 90 3
99 105 91 3
99 105 92 3
99 105 93 3
99 105 94 3
99 105 95 3
99 105 96 3
99 105 97 3
99 105 98 3
99 105 99 3
99 105 100 3
99 105 101 3
99 105 102 3
99 105 103 3
99 105 104 3
99 105 105 3
99 105 106 3
99 105 108 3
99 105 109 3
99 106 90 3
99 106 91 3
99 106 92 3
99 106 93 3
99 106 94 3
99 106 95 3
99 106 96 3
99 106 97 3
99 106 98 3
99 106 100 3
99 106 101 3
99 106 102 3
99 106 103 3
99 106 104 3
99 106 105 3
99 106 106 3
99 106 107 3
99 106 108 3
99 106 109 3
99 107 90 3
99 107 91 3
99 107 92 3
99 107 93 3
99 107 94 3
99 107 95 3
99 107 96 3
99 107 97 3
99 107 98 3
99 107 99 3
99 107 100 3
99 107 101 3
99 107 102 3
99 107 103 3
99 107 104 3
99 107 105 3
99 107 106 3
99 107 107 3
99 107 108 3
99 107 109 3
99 108 90 3
99 108 91 3
99 108 92 3
99 108 93 3
99 108 94 3
99 108 95 3
99 108 97 3
99 108 98 3
99 108 99 3
99 108 100 3
99 108 101 3
99 108 102 3
99 108 103 3
99 108 104 3
99 108 105 3
99 108 106 3
99 108 107 3
99 108 108 3
99 108 109 3
99 109 90 3
99 109 91 3
99 109 92 3
99 109 93 3
99 109 94 3
99 109 95 3
99 109 96 3
99 109 97 3
99 109 98 3
99 109 99 3
99 109 100 3
99 109 101 3
99 109 102 3
99 109 103 3
99 109 104 3
99 109 105 3
99 109 106 3
99 109 107 3
99 109 108 3
99 109 109 3
100 90 90 3
100 90 91 3
100 90 92 3
100 90 93 3
100 90 94 3
100 90 95 3
100 90 96 3
100 90 97 3
100 90 98 3
100 90 99 3
100 90 100 3
100 90 101 3
100 90 102 3
100 90 103 3
100 90 104 3
100 90 105 3
100 90 106 3
100 90 108 3
100 90 109 3
100 91 90 3
100 91 91 3
100 91 93 3
100 91 94 3
100 91 95 3
100 91 96 3
100 91 97 3
100 91 98 3
100 91 99 3
100 91 100 3
100 91 101 3
100 91 102 3
100 91 103 3
100 91 104 3
100 91 106 3
100 91 107 3
100 91 108 3
100 91 109 3
100 92 90 3
100 92 91 3
100 92 92 3
100 92 93 3
100 92 94 3
100 92 95 3
100 92 96 3
100 92 97 3
100 92 99 3
100 92 100 3
100 92 101 3
100 92 102 3
100 92 104 3
100 92 105 3
100 92 106 3
100 92 107 3
100 92 108 3
100 92 109 3
100 93 90 3
100 93 91 3
100 93 93 3
100 93 94 3
100 93 95 3
100 93 96 3
100 93 97 3
100 93 98 3
100 93 99 3
100 93 100 3
100 93 101 3
100 93 102 3
100 93 103 3
100 93 104 3
100 93 105 3
100 93 106 3
100 93 107 3
100 93 108 3
100 93 109 3
100 94 90 3
100 94 91 3
100 94 92 3
100 94 93 3
100 94 94 3
100 94 95 3
100 94 96 3
100 94 97 3
100 94 98 3
100 94 99 3
100 94 100 3
100 94 101 3
100 94 102 3
100 94 103 3
100 94 104 3
100 94 105 3
100 94 106 3
100 94 107 3
100 94 108 3
100 94 109 3
100 95 90 3
100 95 91 3
100 95 92 3
100 95 93 3
100 95 94 3
100 95 95 3
100 95 96 3
100 95 97 3
100 95 98 3
100 95 99 3
100 95 100 3
100 95 101 3
100 95 102 3
100 95 103 3
100 95 104 3
100 95 105 3
100 95 106 3
100 95 107 3
100 95 108 3
100 95 109 3
100 96 90 3
100 96 91 3
100 96 92 3
100 96 93 3
100 96 94 3
100 96 95 3
100 96 96 3
100 96 97 3
100 96 98 3
100 96 99 3
100 96 100 3
100 96 101 3
100 96 102 3
100 96 103 3
100 96 104 3
100 96 105 3
100 96 106 3
100 96 107 3
100 96 108 3
100 96 109 3
100 97 90 3
100 97 91 3
100 97 92 3
100 97 93 3
100 97 94 3
100 97 95 3
100 97 97 3
100 97 98 3
100 97 99 3
100 97 100 3
100 97 101 3
100 97 102 3
100 97 103 3
100 97 104 3
100 97 105 3
100 97 106 3
100 97 107 3
100 97 108 3
100 97 109 3
100 98 90 3
100 98 91 3
100 98 92 3
100 98 93 3
100 98 94 3
100 98 95 3
100 98 96 3
100 98 97 3
100 98 98 3
100 98 99 3
100 98 100 3
100 98 101 3
100 98 102 3
100 98 103 3
100 98 104 3
100 98 105 3
100 98 106 3
100 98 107 3
100 98 108 3
100 98 109 3
100 99 90 3
100 99 91 3
100 99 92 3
100 99 93 3
100 99 94 3
100 99 95 3
100 99 96 3
100 99 97 3
100 99 98 3
100 99 99 3
100 99 100 3
100 99 102 3
100 99 103 3
100 99 104 3
100 99 105 3
100 99 106 3
100 99 107 3
100 99 108 3
100 99 109 3
100 100 90 3
100 100 91 3
100 100 92 3
100 100 93 3
100 100 94 3
100 100 95 3
100 100 96 3
100 100 97 3
100 100 98 3
100 100 99 3
100 100 100 3
100 100 101 3
100 100 102 3
100 100 103 3
100 100 104 3
100 100 105 3
100 100 106 3
100 100 107 3
100 100 108 3
100 100 109 3
100 101 90 3
100 101 91 3
100 101 92 3
100 101 93 3
100 101 94 3
100 101 95 3
100 101 96 3
100 101 97 3
100 101 98 3
100 101 99 3
100 101 100 3
100 101 101 3
100 101 102 3
100 101 103 3
100 101 104 3
100 101 105 3
100 101 106 3
100 101 107 3
100 101 108 3
100 101 109 3
100 102 90 3
100 102 91 3
100 102 92 3
100 102 93 3
100 102 94 3
100 102 95 3
100 102 96 3
100 102 97 3
100 102 98 3
100 102 99 3
100 102 101 3
100 102 102 3
100 102 103 3
100 102 104 3
100 102 105 3
100 102 106 3
100 102 107 3
100 102 108 3
100 102 109 3
100 103 90 3
100 103 91 3
100 103 93 3
100 103 94 3
100 103 95 3
100 103 96 3
100 103 97 3
100 103 98 3
100 103 99 3
100 103 100 3
100 103 101 3
100 103 102 3
100 103 103 3
100 103 104 3
100 103 105 3
100 103 106 3
100 103 107 3
100 103 108 3
100 103 109 3
100 104 90 3
100 104 91 3
100 104 92 3
100 104 93 3
100 104 94 3
100 104 95 3
100 104 96 3
100 104 97 3
100 104 98 3
100 104 99 3
100 104 100 3
100 104 101 3
100 104 102 3
100 104 103 3
100 104 104 3
100 104 105 3
100 104 106 3
100 104 107 3
100 104 108 3
100 104 109 3
100 105 90 3
100 105 91 3
100 105 92 3
100 105 93 3
100 105 94 3
100 105 95 3
100 105 96 3
100 105 97 3
100 105 98 3
100 105 99 3
100 105 100 3
100 105 101 3
100 105 102 3
100 105 103 3
100 105 105 3
100 105 106 3
100 105 107 3
100 105 108 3
100 105 109 3
100 106 90 3
100 106 91 3
100 106 92 3
100 106 93 3
100 106 94 3
100 106 95 3
100 106 96 3
100 106 97 3
100 106 98 3
100 106 99 3
100 106 100 3
100 106 101 3
100 106 102 3
100 106 103 3
100 106 104 3
100 106 105 3
100 106 106 3
100 106 107 3
100 106 108 3
100 106 109 3
100 107 90 3
100 107 91 3
100 107 92 3
100 107 93 3
100 107 94 3
100 107 95 3
100 107 96 3
100 107 97 3
100 107 98 3
100 107 99 3
100 107 100 3
100 107 101 3
100 107 102 3
100 107 103 3
100 107 104 3
100 107 105 3
100 107 106 3
100 107 107 3
100 107 108 3
100 107 109 3
100 108 90 3
100 108 91 3
100 108 92 3
100 108 93 3
100 108 94 3
100 108 95 3
100 108 96 3
100 108 97 3
100 108 98 3
100 108 99 3
100 108 100 3
100 108 101 3
100 108 102 3
100 108 103 3
100 108 104 3
100 108 105 3
100 108 106 3
100 108 107 3
100 108 108 3
100 108 109 3
100 109 90 3
100 109 91 3
100 109 92 3
100 109 93 3
100 109 94 3
100 109 97 3
100 109 98 3
100 109 99 3
100 109 100 3
100 109 101 3
100 109 102 3
100 109 103 3
100 109 104 3
100 109 105 3
100 109 106 3
100 109 107 3
100 109 108 3
100 109 109 3
101 90 90 3
101 90 91 3
101 90 92 3
101 90 93 3
101 90 94 3
101 90 95 3
101 90 97 3
101 90 98 3
101 90 100 3
101 90 101 3
101 90 102 3
101 90 103 3
101 90 104 3
101 90 105 3
101 90 106 3
101 90 107 3
101 90 108 3
101 90 109 3
101 91 90 3
101 91 91 3
101 91 92 3
101 91 93 3
101 91 95 3
101 91 96 3
101 91 97 3
101 91 98 3
101 91 99 3
101 91 100 3
101 91 101 3
101 91 102 3
101 91 103 3
101 91 104 3
101 91 105 3
101 91 106 3
101 91 107 3
101 91 108 3
101 91 109 3
101 92 90 3
101 92 91 3
101 92 92 3
101 92 93 3
101 92 94 3
101 92 95 3
101 92 96 3
101 92 97 3
101 92 98 3
101 92 99 3
101 92 100 3
101 92 101 3
101 92 102 3
101 92 103 3
101 92 104 3
101 92 105 3
101 92 106 3
101 92 107 3
101 92 108 3
101 92 109 3
101 93 90 3
101 93 91 3
101 93 92 3
101 93 93 3
101 93 94 3
101 93 95 3
101 93 96 3
101 93 97 3
101 93 98 3
101 93 99 3
101 93 100 3
101 93 101 3
101 93 102 3
101 93 103 3
101 93 104 3
101 93 105 3
101 93 106 3
101 93 107 3
101 93 108 3
101 93 109 3
101 94 90 3
101 94 91 3
101 94 92 3
101 94 93 3
101 94 94 3
101 94 95 3
101 94 96 3
101 94 97 3
101 94 98 3
101 94 99 3
101 94 100 3
101 94 101 3
101 94 102 3
101 94 103 3
101 94 104 3
101 94 105 3
101 94 106 3
101 94 107 3
101 94 108 3
101 94 109 3
101 95 90 3
101 95 91 3
101 95 92 3
101 95 93 3
101 95 94 3
101 95 95 3
101 95 96 3
101 95 97 3
101 95 98 3
101 95 99 3
101 95 100 3
101 95 101 3
101 95 102 3
101 95 103 3
101 95 104 3
101 95 105 3
101 95 106 3
101 95 107 3
101 95 108 3
101 95 109 3
101 96 90 3
101 96 91 3
101 96 92 3
101 96 93 3
101 96 94 3
101 96 95 3
101 96 96 3
101 96 98 3
101 96 99 3
101 96 100 3
101 96 101 3
101 96 102 3
101 96 103 3
101 96 104 3
101 96 105 3
101 96 106 3
101 96 107 3
101 96 108 3
101 96 109 3
101 97 90 3
101 97 91 3
101 97 92 3
101 97 93 3
101 97 94 3
101 97 95 3
101 97 96 3
101 97 97 3
101 97 99 3
101 97 100 3
101 97 101 3
101 97 102 3
101 97 103 3
101 97 104 3
101 97 105 3
101 97 106 3
101 97 107 3
101 97 108 3
101 97 109 3
101 98 90 3
101 98 91 3
101 98 92 3
101 98 93 3
101 98 94 3
101 98 95 3
101 98 96 3
101 98 97 3
101 98 98 3
101 98 100 3
101 98 101 3
101 98 102 3
101 98 103 3
101 98 104 3
101 98 105 3
101 98 106 3
101 98 107 3
101 98 108 3
101 98 109 3
101 99 90 3
101 99 91 3
101 99 92 3
101 99 93 3
101 99 94 3
101 99 95 3
101 99 96 3
101 99 97 3
101 99 98 3
101 99 99 3
101 99 100 3
101 99 101 3
101 99 102 3
101 99 103 3
101 99 104 3
101 99 105 3
101 99 106 3
101 99 107 3
101 99 108 3
101 99 109 3
101 100 90 3
101 100 91 3
101 100 92 3
101 100 93 3
101 100 94 3
101 100 95 3
101 100 96 3
101 100 97 3
101 100 98 3
101 100 99 3
101 100 100 3
101 100 101 3
101 100 102 3
101 100 103 3
101 100 104 3
101 100 105 3
101 100 106 3
101 100 107 3
101 100 108 3
101 100 109 3
101 101 90 3
101 101 91 3
101 101 92 3
101 101 93 3
101 101 94 3
101 101 95 3
101 101 96 3
101 101 97 3
101 101 98 3
101 101 100 3
101 101 101 3
101 101 102 3
101 101 103 3
101 101 104 3
101 101 105 3
101 101 106 3
101 101 107 3
101 101 108 3
101 101 109 3
101 102 90 3
101 102 91 3
101 102 92 3
101 102 93 3
101 102 94 3
101 102 95 3
101 102 96 3
101 102 97 3
101 102 99 3
101 102 100 3
101 102 101 3
101 102 102 3
101 102 103 3
101 102 104 3
101 102 105 3
101 102 106 3
101 102 107 3
101 102 108 3
101 102 109 3
101 103 90 3
101 103 91 3
101 103 92 3
101 103 93 3
101 103 94 3
101 103 95 3
101 103 96 3
101 103 97 3
101 103 98 3
101 103 100 3
101 103 101 3
101 103 102 3
101 103 103 3
101 103 104 3
101 103 105 3
101 103 106 3
101 103 107 3
101 103 108 3
101 103 109 3
101 104 90 3
101 104 91 3
101 104 92 3
101 104 93 3
101 104 94 3
101 104 95 3
101 104 96 3
101 104 97 3
101 104 98 3
101 104 99 3
101 104 100 3
101 104 101 3
101 104 102 3
101 104 103 3
101 104 104 3
101 104 105 3
101 104 106 3
101 104 107 3
101 104 108 3
101 104 109 3
101 105 90 3
101 105 91 3
101 105 92 3
101 105 93 3
101 105 94 3
101 105 96 3
101 105 97 3
101 105 98 3
101 105 99 3
101 105 100 3
101 105 101 3
101 105 102 3
101 105 103 3
101 105 104 3
101 105 105 3
101 105 106 3
101 105 107 3
101 105 108 3
101 105 109 3
101 106 90 3
101 106 91 3
101 106 92 3
101 106 93 3
101 106 94 3
101 106 95 3
101 106 96 3
101 106 97 3
101 106 98 3
101 106 99 3
101 106 100 3
101 106 101 3
101 106 102 3
101 106 103 3
101 106 104 3
101 106 105 3
101 106 106 3
101 106 107 3
101 106 108 3
101 106 109 3
101 107 90 3
101 107 91 3
101 107 92 3
101 107 93 3
101 107 94 3
101 107 95 3
101 107 96 3
101 107 97 3
101 107 98 3
101 107 99 3
101 107 100 3
101 107 101 3
101 107 102 3
101 107 103 3
101 107 104 3
101 107 105 3
101 107 106 3
101 107 107 3
101 107 108 3
101 107 109 3
101 108 90 3
101 108 91 3
101 108 92 3
101 108 93 3
101 108 94 3
101 108 95 3
101 108 96 3
101 108 97 3
101 108 98 3
101 108 99 3
101 108 100 3
101 108 101 3
101 108 102 3
101 108 103 3
101 108 104 3
101 108 105 3
101 108 106 3
101 108 107 3
101 108 108 3
101 108 109 3
101 109 90 3
101 109 91 3
101 109 92 3
101 109 93 3
101 109 94 3
101 109 95 3
101 109 96 3
101 109 97 3
101 109 98 3
101 109 99 3
101 109 100 3
101 109 101 3
101 109 102 3
101 109 103 3
101 109 104 3
101 109 105 3
101 109 106 3
101 109 107 3
101 109 108 3
101 109 109 3
102 90 90 3
102 90 91 3
102 90 92 3
102 90 93 3
102 90 94 3
102 90 95 3
102 90 96 3
102 90 97 3
102 90 98 3
102 90 99 3
102 90 100 3
102 90 101 3
102 90 102 3
102 90 103 3
102 90 104 3
102 90 105 3
102 90 106 3
102 90 107 3
102 90 108 3
102 90 109 3
102 91 90 3
102 91 91 3
102 91 92 3
102 91 93 3
102 91 94 3
102 91 95 3
102 91 96 3
102 91 97 3
102 91 98 3
102 91 99 3
102 91 100 3
102 91 101 3
102 91 102 3
102 91 103 3
102 91 104 3
102 91 105 3
102 91 106 3
102 91 107 3
102 91 108 3
102 91 109 3
102 92 90 3
102 92 91 3
102 92 92 3
102 92 93 3
102 92 94 3
102 92 95 3
102 92 96 3
102 92 97 3
102 92 98 3
102 92 99 3
102 92 100 3
102 92 101 3
102 92 102 3
102 92 103 3
102 92 104 3
102 92 106 3
102 92 107 3
102 92 108 3
102 92 109 3
102 93 90 3
102 93 91 3
102 93 92 3
102 93 94 3
102 93 95 3
102 93 96 3
102 93 97 3
102 93 98 3
102 93 99 3
102 93 100 3
102 93 101 3
102 93 102 3
102 93 103 3
102 93 104 3
102 93 105 3
102 93 106 3
102 93 107 3
102 93 108 3
102 93 109 3
102 94 90 3
102 94 91 3
102 94 92 3
102 94 93 3
102 94 94 3
102 94 95 3
102 94 96 3
102 94 97 3
102 94 98 3
102 94 99 3
102 94 100 3
102 94 102 3
102 94 103 3
102 94 104 3
102 94 105 3
102 94 106 3
102 94 107 3
102 94 108 3
102 95 90 3
102 95 91 3
102 95 92 3
102 95 93 3
102 95 94 3
102 95 95 3
102 95 97 3
102 95 98 3
102 95 99 3
102 95 100 3
102 95 101 3
102 95 102 3
102 95 103 3
102 95 104 3
102 95 105 3
102 95 106 3
102 95 107 3
102 95 108 3
102 95 109 3
102 96 90 3
102 96 91 3
102 96 92 3
102 96 93 3
102 96 94 3
102 96 95 3
102 96 96 3
102 96 97 3
102 96 98 3
102 96 99 3
102 96 100 3
102 96 102 3
102 96 103 3
102 96 104 3
102 96 105 3
102 96 106 3
102 96 107 3
102 96 108 3
102 96 109 3
102 97 90 3
102 97 91 3
102 97 92 3
102 97 93 3
102 97 94 3
102 97 95 3
102 97 96 3
102 97 97 3
102 97 98 3
102 97 99 3
102 97 100 3
102 97 101 3
102 97 102 3
102 97 103 3
102 97 104 3
102 97 105 3
102 97 106 3
102 97 107 3
102 97 108 3
102 97 109 3
102 98 90 3
102 98 91 3
102 98 92 3
102 98 93 3
102 98 94 3
102 98 95 3
102 98 96 3
102 98 97 3
102 98 99 3
102 98 100 3
102 98 101 3
102 98 102 3
102 98 103 3
102 98 105 3
102 98 106 3
102 98 107 3
102 98 108 3
102 98 109 3
102 99 90 3
102 99 91 3
102 99 92 3
102 99 93 3
102 99 94 3
102 99 95 3
102 99 96 3
102 99 98 3
102 99 100 3
102 99 101 3
102 99 102 3
102 99 103 3
102 99 104 3
102 99 105 3
102 99 107 3
102 99 108 3
102 99 109 3
102 100 91 3
102 100 92 3
102 100 93 3
102 100 94 3
102 100 95 3
102 100 96 3
102 100 97 3
102 100 98 3
102 100 99 3
102 100 100 3
102 100 101 3
102 100 102 3
102 100 103 3
102 100 104 3
102 100 105 3
102 100 106 3
102 100 107 3
102 100 108 3
102 100 109 3
102 101 90 3
102 101 91 3
102 101 92 3
102 101 93 3
102 101 94 3
102 101 95 3
102 101 96 3
102 101 97 3
102 101 98 3
102 101 99 3
102 101 100 3
102 101 101 3
102 101 102 3
102 101 103 3
102 101 104 3
102 101 105 3
102 101 106 3
102 101 107 3
102 101 108 3
102 101 109 3
102 102 90 3
102 102 91 3
102 102 92 3
102 102 93 3
102 102 94 3
102 102 95 3
102 102 96 3
102 102 97 3
102 102 98 3
102 102 99 3
102 102 100 3
102 102 101 3
102 102 102 3
102 102 103 3
102 102 104 3
102 102 105 3
102 102 106 3
102 102 107 3
102 102 109 3
102 103 90 3
102 103 92 3
102 103 93 3
102 103 94 3
102 103 95 3
102 103 96 3
102 103 97 3
102 103 98 3
102 103 99 3
102 103 100 3
102 103 101 3
102 103 102 3
102 103 103 3
102 103 105 3
102 103 106 3
102 103 107 3
102 103 108 3
102 103 109 3
102 104 90 3
102 104 91 3
102 104 92 3
102 104 93 3
102 104 94 3
102 104 95 3
102 104 96 3
102 104 97 3
102 104 98 3
102 104 99 3
102 104 100 3
102 104 101 3
102 104 102 3
102 104 103 3
102 104 105 3
102 104 106 3
102 104 107 3
102 104 108 3
102 104 109 3
102 105 90 3
102 105 91 3
102 105 92 3
102 105 93 3
102 105 94 3
102 105 95 3
102 105 96 3
102 105 97 3
102 105 98 3
102 105 99 3
102 105 100 3
102 105 101 3
102 105 102 3
102 105 103 3
102 105 104 3
102 105 105 3
102 105 106 3
102 105 107 3
102 105 108 3
102 105 109 3
102 106 90 3
102 106 91 3
102 106 92 3
102 106 93 3
102 106 94 3
102 106 95 3
102 106 96 3
102 106 97 3
102 106 98 3
102 106 99 3
102 106 100 3
102 106 101 3
102 106 102 3
102 106 103 3
102 106 104 3
102 106 105 3
102 106 106 3
102 106 107 3
102 106 108 3
102 106 109 3
102 107 90 3
102 107 92 3
102 107 93 3
102 107 94 3
102 107 95 3
102 107 96 3
102 107 97 3
102 107 99 3
102 107 100 3
102 107 101 3
102 107 102 3
102 107 103 3
102 107 104 3
102 107 105 3
102 107 106 3
102 107 107 3
102 107 108 3
102 107 109 3
102 108 90 3
102 108 91 3
102 108 92 3
102 108 93 3
102 108 94 3
102 108 95 3
102 108 96 3
102 108 97 3
102 108 98 3
102 108 99 3
102 108 100 3
102 108 101 3
102 108 102 3
102 108 104 3
102 108 105 3
102 108 106 3
102 108 107 3
102 108 108 3
102 108 109 3
102 109 90 3
102 109 91 3
102 109 92 3
102 109 93 3
102 109 95 3
102 109 96 3
102 109 97 3
102 109 98 3
102 109 99 3
102 109 100 3
102 109 102 3
102 109 103 3
102 109 104 3
102 109 105 3
102 109 106 3
102 109 107 3
102 109 108 3
102 109 109 3
103 90 90 3
103 90 91 3
103 90 92 3
103 90 93 3
103 90 94 3
103 90 95 3
103 90 96 3
103 90 97 3
103 90 98 3
103 90 100 3
103 90 101 3
103 90 102 3
103 90 103 3
103 90 104 3
103 90 105 3
103 90 107 3
103 90 108 3
103 90 109 3
103 91 90 3
103 91 91 3
103 91 92 3
103 91 93 3
103 91 94 3
103 91 95 3
103 91 97 3
103 91 98 3
103 91 99 3
103 91 100 3
103 91 101 3
103 91 102 3
103 91 103 3
103 91 104 3
103 91 105 3
103 91 106 3
103 91 107 3
103 91 108 3
103 91 109 3
103 92 90 3
103 92 91 3
103 92 92 3
103 92 93 3
103 92 94 3
103 92 95 3
103 92 96 3
103 92 97 3
103 92 98 3
103 92 99 3
103 92 100 3
103 92 101 3
103 92 102 3
103 92 103 3
103 92 104 3
103 92 105 3
103 92 106 3
103 92 107 3
103 92 108 3
103 92 109 3
103 93 90 3
103 93 91 3
103 93 93 3
103 93 94 3
103 93 95 3
103 93 96 3
103 93 97 3
103 93 98 3
103 93 100 3
103 93 101 3
103 93 102 3
103 93 103 3
103 93 104 3
103 93 105 3
103 93 106 3
103 93 107 3
103 93 108 3
103 93 109 3
103 94 90 3
103 94 91 3
103 94 92 3
103 94 93 3
103 94 94 3
103 94 95 3
103 94 96 3
103 94 97 3
103 94 98 3
103 94 99 3
103 94 100 3
103 94 101 3
103 94 102 3
103 94 103 3
103 94 104 3
103 94 105 3
103 94 106 3
103 94 107 3
103 94 108 3
103 94 109 3
103 95 90 3
103 95 91 3
103 95 93 3
103 95 94 3
103 95 95 3
103 95 96 3
103 95 97 3
103 95 98 3
103 95 99 3
103 95 101 3
103 95 102 3
103 95 103 3
103 95 104 3
103 95 105 3
103 95 106 3
103 95 107 3
103 95 108 3
103 96 90 3
103 96 91 3
103 96 92 3
103 96 93 3
103 96 94 3
103 96 95 3
103 96 96 3
103 96 98 3
103 96 99 3
103 96 101 3
103 96 102 3
103 96 103 3
103 96 104 3
103 96 105 3
103 96 106 3
103 96 107 3
103 96 108 3
103 96 109 3
103 97 90 3
103 97 91 3
103 97 92 3
103 97 93 3
103 97 94 3
103 97 95 3
103 97 96 3
103 97 97 3
103 97 98 3
103 97 99 3
103 97 100 3
103 97 101 3
103 97 102 3
103 97 103 3
103 97 104 3
103 97 105 3
103 97 106 3
103 97 107 3
103 97 108 3
103 98 90 3
103 98 91 3
103 98 92 3
103 98 93 3
103 98 94 3
103 98 95 3
103 98 96 3
103 98 97 3
103 98 98 3
103 98 99 3
103 98 100 3
103 98 101 3
103 98 102 3
103 98 104 3
103 98 105 3
103 98 106 3
103 98 107 3
103 98 108 3
103 98 109 3
103 99 90 3
103 99 91 3
103 99 92 3
103 99 93 3
103 99 94 3
103 99 95 3
103 99 96 3
103 99 97 3
103 99 98 3
103 99 99 3
103 99 100 3
103 99 101 3
103 99 102 3
103 99 103 3
103 99 104 3
103 99 105 3
103 99 106 3
103 99 107 3
103 99 108 3
103 99 109 3
103 100 90 3
103 100 91 3
103 100 92 3
103 100 95 3
103 100 96 3
103 100 97 3
103 100 98 3
103 100 99 3
103 100 100 3
103 100 101 3
103 100 102 3
103 100 103 3
103 100 104 3
103 100 105 3
103 100 106 3
103 100 107 3
103 100 108 3
103 100 109 3
103 101 90 3
103 101 91 3
103 101 92 3
103 101 93 3
103 101 94 3
103 101 95 3
103 101 96 3
103 101 97 3
103 101 98 3
103 101 99 3
103 101 100 3
103 101 101 3
103 101 102 3
103 101 103 3
103 101 104 3
103 101 105 3
103 101 106 3
103 101 107 3
103 101 108 3
103 101 109 3
103 102 90 3
103 102 91 3
103 102 92 3
103 102 93 3
103 102 94 3
103 102 95 3
103 102 96 3
103 102 97 3
103 102 98 3
103 102 99 3
103 102 100 3
103 102 101 3
103 102 102 3
103 102 103 3
103 102 104 3
103 102 106 3
103 102 107 3
103 102 108 3
103 102 109 3
103 103 90 3
103 103 91 3
103 103 92 3
103 103 93 3
103 103 94 3
103 103 95 3
103 103 96 3
103 103 97 3
103 103 99 3
103 103 101 3
103 103 102 3
103 103 103 3
103 103 104 3
103 103 105 3
103 103 106 3
103 103 107 3
103 103 108 3
103 103 109 3
103 104 90 3
103 104 91 3
103 104 92 3
103 104 93 3
103 104 94 3
103 104 96 3
103 104 97 3
103 104 98 3
103 104 99 3
103 104 100 3
103 104 101 3
103 104 102 3
103 104 103 3
103 104 104 3
103 104 105 3
103 104 106 3
103 104 107 3
103 104 108 3
103 104 109 3
103 105 90 3
103 105 91 3
103 105 92 3
103 105 93 3
103 105 94 3
103 105 95 3
103 105 96 3
103 105 97 3
103 105 98 3
103 105 99 3
103 105 100 3
103 105 101 3
103 105 102 3
103 105 103 3
103 105 104 3
103 105 105 3
103 105 106 3
103 105 107 3
103 105 108 3
103 105 109 3
103 106 90 3
103 106 91 3
103 106 92 3
103 106 93 3
103 106 94 3
103 106 95 3
103 106 96 3
103 106 97 3
103 106 98 3
103 106 99 3
103 106 100 3
103 106 101 3
103 106 102 3
103 106 103 3
103 106 104 3
103 106 105 3
103 106 106 3
103 106 107 3
103 106 109 3
103 107 90 3
103 107 91 3
103 107 92 3
103 107 93 3
103 107 94 3
103 107 95 3
103 107 96 3
103 107 98 3
103 107 99 3
103 107 100 3
103 107 101 3
103 107 102 3
103 107 103 3
103 107 104 3
103 107 105 3
103 107 106 3
103 107 107 3
103 107 108 3
103 107 109 3
103 108 90 3
103 108 91 3
103 108 92 3
103 108 93 3
103 108 94 3
103 108 95 3
103 108 96 3
103 108 97 3
103 108 98 3
103 108 100 3
103 108 101 3
103 108 102 3
103 108 103 3
103 108 104 3
103 108 105 3
103 108 106 3
103 108 107 3
103 108 109 3
103 109 90 3
103 109 91 3
103 109 92 3
103 109 94 3
103 109 95 3
103 109 97 3
103 109 98 3
103 109 99 3
103 109 100 3
103 109 101 3
103 109 102 3
103 109 103 3
103 109 104 3
103 109 105 3
103 109 106 3
103 109 107 3
103 109 108 3
103 109 109 3
104 90 90 3
104 90 91 3
104 90 92 3
104 90 93 3
104 90 94 3
104 90 95 3
104 90 96 3
104 90 97 3
104 90 98 3
104 90 99 3
104 90 100 3
104 90 101 3
104 90 102 3
104 90 103 3
104 90 104 3
104 90 105 3
104 90 106 3
104 90 107 3
104 90 108 3
104 90 109 3
104 91 90 3
104 91 91 3
104 91 92 3
104 91 93 3
104 91 94 3
104 91 95 3
104 91 96 3
104 91 97 3
104 91 98 3
104 91 99 3
104 91 100 3
104 91 101 3
104 91 102 3
104 91 103 3
104 91 104 3
104 91 105 3
104 91 106 3
104 91 107 3
104 91 108 3
104 91 109 3
104 92 90 3
104 92 92 3
104 92 94 3
104 92 95 3
104 92 96 3
104 92 97 3
104 92 98 3
104 92 99 3
104 92 100 3
104 92 101 3
104 92 102 3
104 92 103 3
104 92 104 3
104 92 105 3
104 92 106 3
104 92 107 3
104 92 108 3
104 92 109 3
104 93 90 3
104 93 91 3
104 93 92 3
104 93 93 3
104 93 94 3
104 93 95 3
104 93 96 3
104 93 97 3
104 93 98 3
104 93 99 3
104 93 100 3
104 93 101 3
104 93 102 3
104 93 103 3
104 93 104 3
104 93 105 3
104 93 106 3
104 93 107 3
104 93 108 3
104 93 109 3
104 94 90 3
104 94 91 3
104 94 92 3
104 94 93 3
104 94 94 3
104 94 95 3
104 94 96 3
104 94 97 3
104 94 98 3
104 94 99 3
104 94 100 3
104 94 101 3
104 94 102 3
104 94 103 3
104 94 104 3
104 94 105 3
104 94 106 3
104 94 107 3
104 94 108 3
104 94 109 3
104 95 90 3
104 95 91 3
104 95 92 3
104 95 94 3
104 95 96 3
104 95 97 3
104 95 98 3
104 95 99 3
104 95 100 3
104 95 101 3
104 95 102 3
104 95 103 3
104 95 104 3
104 95 105 3
104 95 106 3
104 95 107 3
104 95 108 3
104 95 109 3
104 96 90 3
104 96 91 3
104 96 92 3
104 96 93 3
104 96 94 3
104 96 96 3
104 96 97 3
104 96 98 3
104 96 99 3
104 96 101 3
104 96 102 3
104 96 103 3
104 96 104 3
104 96 105 3
104 96 106 3
104 96 107 3
104 96 108 3
104 96 109 3
104 97 90 3
104 97 91 3
104 97 92 3
104 97 93 3
104 97 94 3
104 97 95 3
104 97 96 3
104 97 97 3
104 97 98 3
104 97 99 3
104 97 100 3
104 97 101 3
104 97 103 3
104 97 104 3
104 97 105 3
104 97 106 3
104 97 107 3
104 97 108 3
104 97 109 3
104 98 90 3
104 98 91 3
104 98 92 3
104 98 93 3
104 98 94 3
104 98 95 3
104 98 96 3
104 98 97 3
104 98 99 3
104 98 100 3
104 98 101 3
104 98 103 3
104 98 104 3
104 98 105 3
104 98 106 3
104 98 107 3
104 98 108 3
104 98 109 3
104 99 90 3
104 99 91 3
104 99 92 3
104 99 93 3
104 99 94 3
104 99 95 3
104 99 96 3
104 99 97 3
104 99 98 3
104 99 99 3
104 99 100 3
104 99 101 3
104 99 102 3
104 99 103 3
104 99 104 3
104 99 105 3
104 99 106 3
104 99 107 3
104 99 108 3
104 99 109 3
104 100 90 3
104 100 91 3
104 100 92 3
104 100 93 3
104 100 94 3
104 100 95 3
104 100 96 3
104 100 97 3
104 100 98 3
104 100 99 3
104 100 100 3
104 100 101 3
104 100 102 3
104 100 103 3
104 100 104 3
104 100 105 3
104 100 106 3
104 100 107 3
104 100 108 3
104 100 109 3
104 101 91 3
104 101 92 3
104 101 93 3
104 101 94 3
104 101 95 3
104 101 96 3
104 101 97 3
104 101 98 3
104 101 99 3
104 101 100 3
104 101 101 3
104 101 102 3
104 101 103 3
104 101 104 3
104 101 106 3
104 101 107 3
104 101 108 3
104 101 109 3
104 102 90 3
104 102 91 3
104 102 92 3
104 102 93 3
104 102 94 3
104 102 95 3
104 102 96 3
104 102 98 3
104 102 99 3
104 102 100 3
104 102 101 3
104 102 102 3
104 102 103 3
104 102 104 3
104 102 105 3
104 102 106 3
104 102 107 3
104 102 108 3
104 102 109 3
104 103 90 3
104 103 91 3
104 103 92 3
104 103 93 3
104 103 94 3
104 103 95 3
104 103 96 3
104 103 97 3
104 103 98 3
104 103 99 3
104 103 100 3
104 103 101 3
104 103 102 3
104 103 103 3
104 103 104 3
104 103 105 3
104 103 107 3
104 103 108 3
104 103 109 3
104 104 90 3
104 104 91 3
104 104 92 3
104 104 93 3
104 104 94 3
104 104 95 3
104 104 96 3
104 104 97 3
104 104 98 3
104 104 99 3
104 104 100 3
104 104 101 3
104 104 102 3
104 104 103 3
104 104 104 3
104 104 106 3
104 104 107 3
104 104 108 3
104 104 109 3
104 105 91 3
104 105 92 3
104 105 93 3
104 105 94 3
104 105 95 3
104 105 96 3
104 105 97 3
104 105 98 3
104 105 99 3
104 105 100 3
104 105 101 3
104 105 102 3
104 105 103 3
104 105 104 3
104 105 105 3
104 105 106 3
104 105 107 3
104 105 108 3
104 105 109 3
104 106 90 3
104 106 91 3
104 106 92 3
104 106 94 3
104 106 95 3
104 106 96 3
104 106 97 3
104 106 98 3
104 106 99 3
104 106 100 3
104 106 101 3
104 106 102 3
104 106 103 3
104 106 104 3
104 106 105 3
104 106 106 3
104 106 107 3
104 106 108 3
104 106 109 3
104 107 90 3
104 107 91 3
104 107 92 3
104 107 93 3
104 107 94 3
104 107 95 3
104 107 96 3
104 107 97 3
104 107 98 3
104 107 99 3
104 107 100 3
104 107 101 3
104 107 102 3
104 107 104 3
104 107 105 3
104 107 106 3
104 107 107 3
104 107 108 3
104 107 109 3
104 108 90 3
104 108 91 3
104 108 93 3
104 108 94 3
104 108 95 3
104 108 96 3
104 108 97 3
104 108 98 3
104 108 99 3
104 108 100 3
104 108 101 3
104 108 103 3
104 108 104 3
104 108 105 3
104 108 106 3
104 108 107 3
104 108 108 3
104 108 109 3
104 109 90 3
104 109 91 3
104 109 92 3
104 109 93 3
104 109 94 3
104 109 95 3
104 109 96 3
104 109 97 3
104 109 98 3
104 109 99 3
104 109 100 3
104 109 101 3
104 109 102 3
104 109 103 3
104 109 104 3
104 109 105 3
104 109 106 3
104 109 107 3
104 109 108 3
104 109 109 3
105 90 90 3
105 90 91 3
105 90 92 3
105 90 93 3
105 90 94 3
105 90 95 3
105 90 96 3
105 90 97 3
105 90 98 3
105 90 99 3
105 90 100 3
105 90 101 3
105 90 102 3
105 90 103 3
105 90 104 3
105 90 106 3
105 90 107 3
105 90 108 3
105 90 109 3
105 91 90 3
105 91 91 3
105 91 92 3
105 91 93 3
105 91 94 3
105 91 95 3
105 91 96 3
105 91 97 3
105 91 98 3
105 91 99 3
105 91 100 3
105 91 101 3
105 91 103 3
105 91 104 3
105 91 105 3
105 91 106 3
105 91 107 3
105 91 108 3
105 91 109 3
105 92 90 3
105 92 91 3
105 92 92 3
105 92 93 3
105 92 94 3
105 92 95 3
105 92 98 3
105 92 99 3
105 92 100 3
105 92 101 3
105 92 102 3
105 92 103 3
105 92 104 3
105 92 105 3
105 92 106 3
105 92 107 3
105 92 108 3
105 92 109 3
105 93 90 3
105 93 91 3
105 93 92 3
105 93 93 3
105 93 94 3
105 93 95 3
105 93 96 3
105 93 97 3
105 93 98 3
105 93 100 3
105 93 101 3
105 93 102 3
105 93 103 3
105 93 104 3
105 93 105 3
105 93 106 3
105 93 107 3
105 93 108 3
105 93 109 3
105 94 90 3
105 94 91 3
105 94 92 3
105 94 93 3
105 94 94 3
105 94 95 3
105 94 96 3
105 94 97 3
105 94 98 3
105 94 99 3
105 94 100 3
105 94 101 3
105 94 102 3
105 94 103 3
105 94 104 3
105 94 105 3
105 94 106 3
105 94 107 3
105 94 108 3
105 94 109 3
105 95 90 3
105 95 91 3
105 95 92 3
105 95 93 3
105 95 94 3
105 95 95 3
105 95 96 3
105 95 97 3
105 95 98 3
105 95 99 3
105 95 101 3
105 95 102 3
105 95 103 3
105 95 104 3
105 95 105 3
105 95 106 3
105 95 107 3
105 95 108 3
105 95 109 3
105 96 90 3
105 96 91 3
105 96 92 3
105 96 93 3
105 96 94 3
105 96 95 3
105 96 96 3
105 96 97 3
105 96 98 3
105 96 99 3
105 96 101 3
105 96 102 3
105 96 103 3
105 96 104 3
105 96 105 3
105 96 106 3
105 96 107 3
105 96 108 3
105 96 109 3
105 97 91 3
105 97 92 3
105 97 93 3
105 97 94 3
105 97 95 3
105 97 96 3
105 97 98 3
105 97 99 3
105 97 100 3
105 97 101 3
105 97 102 3
105 97 103 3
105 97 104 3
105 97 105 3
105 97 106 3
105 97 107 3
105 97 108 3
105 97 109 3
105 98 90 3
105 98 91 3
105 98 92 3
105 98 94 3
105 98 95 3
105 98 96 3
105 98 97 3
105 98 98 3
105 98 99 3
105 98 100 3
105 98 101 3
105 98 102 3
105 98 103 3
105 98 104 3
105 98 105 3
105 98 106 3
105 98 107 3
105 98 108 3
105 98 109 3
105 99 90 3
105 99 91 3
105 99 92 3
105 99 93 3
105 99 94 3
105 99 95 3
105 99 96 3
105 99 97 3
105 99 98 3
105 99 99 3
105 99 100 3
105 99 101 3
105 99 102 3
105 99 103 3
105 99 104 3
105 99 105 3
105 99 106 3
105 99 107 3
105 99 108 3
105 99 109 3
105 100 90 3
105 100 91 3
105 100 92 3
105 100 93 3
105 100 94 3
105 100 95 3
105 100 96 3
105 100 97 3
105 100 98 3
105 100 99 3
105 100 100 3
105 100 101 3
105 100 102 3
105 100 103 3
105 100 104 3
105 100 105 3
105 100 106 3
105 100 107 3
105 100 108 3
105 101 90 3
105 101 91 3
105 101 93 3
105 101 96 3
105 101 97 3
105 101 98 3
105 101 99 3
105 101 100 3
105 101 101 3
105 101 102 3
105 101 103 3
105 101 104 3
105 101 105 3
105 101 106 3
105 101 107 3
105 101 108 3
105 101 109 3
105 102 90 3
105 102 91 3
105 102 92 3
105 102 93 3
105 102 94 3
105 102 95 3
105 102 96 3
105 102 97 3
105 102 98 3
105 102 99 3
105 102 100 3
105 102 101 3
105 102 102 3
105 102 103 3
105 102 104 3
105 102 105 3
105 102 106 3
105 102 107 3
105 102 108 3
105 102 109 3
105 103 90 3
105 103 91 3
105 103 92 3
105 103 93 3
105 103 94 3
105 103 95 3
105 103 96 3
105 103 97 3
105 103 98 3
105 103 100 3
105 103 101 3
105 103 102 3
105 103 103 3
105 103 104 3
105 103 105 3
105 103 106 3
105 103 107 3
105 103 108 3
105 103 109 3
105 104 90 3
105 104 91 3
105 104 92 3
105 104 93 3
105 104 95 3
105 104 96 3
105 104 97 3
105 104 98 3
105 104 99 3
105 104 100 3
105 104 101 3
105 104 102 3
105 104 103 3
105 104 104 3
105 104 105 3
105 104 106 3
105 104 107 3
105 104 108 3
105 104 109 3
105 105 90 3
105 105 91 3
105 105 92 3
105 105 93 3
105 105 94 3
105 105 95 3
105 105 96 3
105 105 97 3
105 105 98 3
105 105 99 3
105 105 100 3
105 105 101 3
105 105 102 3
105 105 103 3
105 105 104 3
105 105 105 3
105 105 106 3
105 105 107 3
105 105 108 3
105 105 109 3
105 106 90 3
105 106 91 3
105 106 92 3
105 106 93 3
105 106 94 3
105 106 95 3
105 106 96 3
105 106 97 3
105 106 98 3
105 106 99 3
105 106 100 3
105 106 101 3
105 106 102 3
105 106 103 3
105 106 104 3
105 106 105 3
105 106 106 3
105 106 107 3
105 106 108 3
105 106 109 3
105 107 90 3
105 107 92 3
105 107 93 3
105 107 94 3
105 107 95 3
105 107 96 3
105 107 97 3
105 107 98 3
105 107 99 3
105 107 100 3
105 107 101 3
105 107 102 3
105 107 103 3
105 107 104 3
105 107 105 3
105 107 106 3
105 107 107 3
105 107 108 3
105 107 109 3
105 108 90 3
105 108 91 3
105 108 92 3
105 108 93 3
105 108 94 3
105 108 95 3
105 108 96 3
105 108 97 3
105 108 98 3
105 108 99 3
105 108 100 3
105 108 101 3
105 108 102 3
105 108 103 3
105 108 104 3
105 108 105 3
105 108 106 3
105 108 107 3
105 108 108 3
105 108 109 3
105 109 90 3
105 109 91 3
105 109 92 3
105 109 94 3
105 109 95 3
105 109 96 3
105 109 97 3
105 109 98 3
105 109 99 3
105 109 100 3
105 109 101 3
105 109 102 3
105 109 103 3
105 109 104 3
105 109 105 3
105 109 106 3
105 109 107 3
105 109 108 3
105 109 109 3
106 90 90 3
106 90 91 3
106 90 92 3
106 90 94 3
106 90 95 3
106 90 96 3
106 90 97 3
106 90 99 3
106 90 100 3
106 90 102 3
106 90 103 3
106 90 104 3
106 90 105 3
106 90 106 3
106 90 107 3
106 90 108 3
106 90 109 3
106 91 90 3
106 91 91 3
106 91 92 3
106 91 93 3
106 91 94 3
106 91 95 3
106 91 96 3
106 91 97 3
106 91 98 3
106 91 99 3
106 91 100 3
106 91 101 3
106 91 102 3
106 91 103 3
106 91 104 3
106 91 105 3
106 91 106 3
106 91 107 3
106 91 108 3
106 91 109 3
106 92 90 3
106 92 91 3
106 92 92 3
106 92 93 3
106 92 94 3
106 92 95 3
106 92 96 3
106 92 97 3
106 92 98 3
106 92 100 3
106 92 101 3
106 92 102 3
106 92 103 3
106 92 104 3
106 92 105 3
106 92 106 3
106 92 107 3
106 92 109 3
106 93 90 3
106 93 91 3
106 93 92 3
106 93 93 3
106 93 94 3
106 93 95 3
106 93 96 3
106 93 97 3
106 93 98 3
106 93 99 3
106 93 101 3
106 93 102 3
106 93 103 3
106 93 104 3
106 93 105 3
106 93 106 3
106 93 107 3
106 93 108 3
106 94 90 3
106 94 91 3
106 94 92 3
106 94 93 3
106 94 94 3
106 94 95 3
106 94 96 3
106 94 97 3
106 94 98 3
106 94 99 3
106 94 100 3
106 94 101 3
106 94 102 3
106 94 103 3
106 94 104 3
106 94 105 3
106 94 106 3
106 94 107 3
106 94 108 3
106 94 109 3
106 95 90 3
106 95 91 3
106 95 92 3
106 95 93 3
106 95 94 3
106 95 95 3
106 95 97 3
106 95 98 3
106 95 99 3
106 95 100 3
106 95 101 3
106 95 102 3
106 95 103 3
106 95 104 3
106 95 105 3
106 95 106 3
106 95 107 3
106 95 108 3
106 95 109 3
106 96 90 3
106 96 91 3
106 96 92 3
106 96 93 3
106 96 94 3
106 96 95 3
106 96 96 3
106 96 97 3
106 96 98 3
106 96 99 3
106 96 100 3
106 96 102 3
106 96 103 3
106 96 104 3
106 96 105 3
106 96 106 3
106 96 107 3
106 96 108 3
106 96 109 3
106 97 90 3
106 97 91 3
106 97 92 3
106 97 93 3
106 97 94 3
106 97 95 3
106 97 96 3
106 97 97 3
106 97 98 3
106 97 99 3
106 97 100 3
106 97 101 3
106 97 102 3
106 97 103 3
106 97 104 3
106 97 105 3
106 97 106 3
106 97 107 3
106 97 108 3
106 97 109 3
106 98 90 3
106 98 91 3
106 98 92 3
106 98 93 3
106 98 95 3
106 98 96 3
106 98 97 3
106 98 98 3
106 98 99 3
106 98 100 3
106 98 101 3
106 98 102 3
106 98 103 3
106 98 104 3
106 98 105 3
106 98 106 3
106 98 107 3
106 98 108 3
106 98 109 3
106 99 90 3
106 99 91 3
106 99 92 3
106 99 93 3
106 99 94 3
106 99 95 3
106 99 96 3
106 99 97 3
106 99 98 3
106 99 99 3
106 99 100 3
106 99 101 3
106 99 102 3
106 99 103 3
106 99 104 3
106 99 105 3
106 99 106 3
106 99 107 3
106 99 108 3
106 99 109 3
106 100 91 3
106 100 92 3
106 100 93 3
106 100 94 3
106 100 95 3
106 100 96 3
106 100 97 3
106 100 98 3
106 100 99 3
106 100 100 3
106 100 101 3
106 100 102 3
106 100 103 3
106 100 104 3
106 100 105 3
106 100 106 3
106 100 107 3
106 100 108 3
106 100 109 3
106 101 90 3
106 101 91 3
106 101 92 3
106 101 93 3
106 101 94 3
106 101 95 3
106 101 96 3
106 101 97 3
106 101 98 3
106 101 99 3
106 101 100 3
106 101 101 3
106 101 102 3
106 101 103 3
106 101 104 3
106 101 105 3
106 101 106 3
106 101 107 3
106 101 108 3
106 101 109 3
106 102 90 3
106 102 91 3
106 102 92 3
106 102 93 3
106 102 94 3
106 102 95 3
106 102 96 3
106 102 97 3
106 102 98 3
106 102 99 3
106 102 100 3
106 102 101 3
106 102 102 3
106 102 103 3
106 102 104 3
106 102 105 3
106 102 106 3
106 102 107 3
106 102 109 3
106 103 90 3
106 103 91 3
106 103 92 3
106 103 93 3
106 103 94 3
106 103 95 3
106 103 96 3
106 103 97 3
106 103 98 3
106 103 99 3
106 103 100 3
106 103 101 3
106 103 102 3
106 103 103 3
106 103 104 3
106 103 105 3
106 103 107 3
106 103 108 3
106 103 109 3
106 104 90 3
106 104 91 3
106 104 92 3
106 104 93 3
106 104 94 3
106 104 95 3
106 104 96 3
106 104 97 3
106 104 98 3
106 104 99 3
106 104 100 3
106 104 101 3
106 104 102 3
106 104 103 3
106 104 104 3
106 104 105 3
106 104 106 3
106 104 107 3
106 104 108 3
106 104 109 3
106 105 90 3
106 105 91 3
106 105 92 3
106 105 93 3
106 105 94 3
106 105 95 3
106 105 96 3
106 105 97 3
106 105 98 3
106 105 99 3
106 105 100 3
106 105 101 3
106 105 102 3
106 105 103 3
106 105 104 3
106 105 105 3
106 105 106 3
106 105 107 3
106 105 109 3
106 106 90 3
106 106 91 3
106 106 92 3
106 106 93 3
106 106 94 3
106 106 95 3
106 106 96 3
106 106 97 3
106 106 98 3
106 106 99 3
106 106 100 3
106 106 101 3
106 106 102 3
106 106 103 3
106 106 104 3
106 106 105 3
106 106 106 3
106 106 107 3
106 106 108 3
106 106 109 3
106 107 90 3
106 107 91 3
106 107 92 3
106 107 93 3
106 107 94 3
106 107 95 3
106 107 96 3
106 107 97 3
106 107 98 3
106 107 99 3
106 107 100 3
106 107 101 3
106 107 102 3
106 107 104 3
106 107 105 3
106 107 106 3
106 107 108 3
106 107 109 3
106 108 90 3
106 108 91 3
106 108 92 3
106 108 93 3
106 108 94 3
106 108 95 3
106 108 96 3
106 108 97 3
106 108 98 3
106 108 99 3
106 108 100 3
106 108 101 3
106 108 102 3
106 108 103 3
106 108 104 3
106 108 105 3
106 108 106 3
106 108 107 3
106 108 108 3
106 108 109 3
106 109 90 3
106 109 91 3
106 109 92 3
106 109 93 3
106 109 94 3
106 109 95 3
106 109 96 3
106 109 97 3
106 109 98 3
106 109 101 3
106 109 102 3
106 109 103 3
106 109 104 3
106 109 105 3
106 109 106 3
106 109 107 3
106 109 108 3
106 109 109 3
107 90 90 3
107 90 91 3
107 90 92 3
107 90 93 3
107 90 94 3
107 90 95 3
107 90 96 3
107 90 97 3
107 90 98 3
107 90 99 3
107 90 100 3
107 90 101 3
107 90 102 3
107 90 103 3
107 90 104 3
107 90 105 3
107 90 106 3
107 90 107 3
107 90 108 3
107 90 109 3
107 91 90 3
107 91 91 3
107 91 92 3
107 91 93 3
107 91 94 3
107 91 95 3
107 91 96 3
107 91 97 3
107 91 98 3
107 91 99 3
107 91 100 3
107 91 101 3
107 91 102 3
107 91 103 3
107 91 104 3
107 91 105 3
107 91 106 3
107 91 107 3
107 91 108 3
107 91 109 3
107 92 90 3
107 92 91 3
107 92 92 3
107 92 93 3
107 92 94 3
107 92 95 3
107 92 96 3
107 92 97 3
107 92 98 3
107 92 99 3
107 92 100 3
107 92 101 3
107 92 102 3
107 92 103 3
107 92 104 3
107 92 105 3
107 92 106 3
107 92 107 3
107 92 108 3
107 92 109 3
107 93 90 3
107 93 91 3
107 93 92 3
107 93 94 3
107 93 95 3
107 93 96 3
107 93 97 3
107 93 98 3
107 93 99 3
107 93 100 3
107 93 101 3
107 93 102 3
107 93 103 3
107 93 104 3
107 93 105 3
107 93 106 3
107 93 107 3
107 93 108 3
107 93 109 3
107 94 90 3
107 94 91 3
107 94 92 3
107 94 93 3
107 94 94 3
107 94 95 3
107 94 96 3
107 94 97 3
107 94 98 3
107 94 99 3
107 94 100 3
107 94 101 3
107 94 102 3
107 94 103 3
107 94 104 3
107 94 105 3
107 94 106 3
107 94 107 3
107 94 108 3
107 94 109 3
107 95 90 3
107 95 91 3
107 95 92 3
107 95 93 3
107 95 94 3
107 95 95 3
107 95 96 3
107 95 97 3
107 95 98 3
107 95 99 3
107 95 100 3
107 95 101 3
107 95 102 3
107 95 103 3
107 95 104 3
107 95 105 3
107 95 106 3
107 95 107 3
107 95 108 3
107 95 109 3
107 96 90 3
107 96 91 3
107 96 92 3
107 96 93 3
107 96 94 3
107 96 95 3
107 96 96 3
107 96 97 3
107 96 98 3
107 96 99 3
107 96 100 3
107 96 101 3
107 96 102 3
107 96 104 3
107 96 105 3
107 96 106 3
107 96 107 3
107 96 108 3
107 96 109 3
107 97 90 3
107 97 91 3
107 97 92 3
107 97 93 3
107 97 95 3
107 97 96 3
107 97 97 3
107 97 98 3
107 97 99 3
107 97 100 3
107 97 101 3
107 97 102 3
107 97 103 3
107 97 104 3
107 97 105 3
107 97 106 3
107 97 107 3
107 97 108 3
107 97 109 3
107 98 90 3
107 98 92 3
107 98 93 3
107 98 94 3
107 98 95 3
107 98 96 3
107 98 97 3
107 98 98 3
107 98 99 3
107 98 100 3
107 98 101 3
107 98 102 3
107 98 103 3
107 98 104 3
107 98 105 3
107 98 106 3
107 98 107 3
107 98 108 3
107 98 109 3
107 99 90 3
107 99 91 3
107 99 93 3
107 99 94 3
107 99 95 3
107 99 96 3
107 99 97 3
107 99 98 3
107 99 100 3
107 99 101 3
107 99 102 3
107 99 103 3
107 99 104 3
107 99 106 3
107 99 107 3
107 99 108 3
107 99 109 3
107 100 90 3
107 100 91 3
107 100 92 3
107 100 93 3
107 100 94 3
107 100 95 3
107 100 96 3
107 100 97 3
107 100 98 3
107 100 99 3
107 100 100 3
107 100 101 3
107 100 102 3
107 100 103 3
107 100 104 3
107 100 105 3
107 100 106 3
107 100 108 3
107 100 109 3
107 101 90 3
107 101 91 3
107 101 92 3
107 101 93 3
107 101 94 3
107 101 95 3
107 101 96 3
107 101 97 3
107 101 98 3
107 101 99 3
107 101 100 3
107 101 101 3
107 101 102 3
107 101 103 3
107 101 104 3
107 101 105 3
107 101 106 3
107 101 107 3
107 101 108 3
107 102 90 3
107 102 91 3
107 102 92 3
107 102 93 3
107 102 94 3
107 102 95 3
107 102 96 3
107 102 97 3
107 102 98 3
107 102 99 3
107 102 100 3
107 102 101 3
107 102 102 3
107 102 103 3
107 102 104 3
107 102 105 3
107 102 106 3
107 102 107 3
107 102 108 3
107 102 109 3
107 103 90 3
107 103 91 3
107 103 93 3
107 103 94 3
107 103 95 3
107 103 96 3
107 103 97 3
107 103 98 3
107 103 99 3
107 103 100 3
107 103 101 3
107 103 102 3
107 103 103 3
107 103 104 3
107 103 105 3
107 103 106 3
107 103 107 3
107 103 108 3
107 103 109 3
107 104 90 3
107 104 91 3
107 104 92 3
107 104 93 3
107 104 94 3
107 104 95 3
107 104 96 3
107 104 98 3
107 104 99 3
107 104 102 3
107 104 103 3
107 104 104 3
107 104 106 3
107 104 107 3
107 104 108 3
107 104 109 3
107 105 90 3
107 105 91 3
107 105 92 3
107 105 93 3
107 105 94 3
107 105 95 3
107 105 96 3
107 105 97 3
107 105 98 3
107 105 99 3
107 105 100 3
107 105 101 3
107 105 102 3
107 105 103 3
107 105 104 3
107 105 105 3
107 105 106 3
107 105 107 3
107 105 108 3
107 106 90 3
107 106 91 3
107 106 93 3
107 106 94 3
107 106 95 3
107 106 96 3
107 106 97 3
107 106 98 3
107 106 99 3
107 106 100 3
107 106 101 3
107 106 102 3
107 106 103 3
107 106 104 3
107 106 105 3
107 106 106 3
107 106 107 3
107 106 108 3
107 106 109 3
107 107 90 3
107 107 91 3
107 107 92 3
107 107 93 3
107 107 94 3
107 107 95 3
107 107 96 3
107 107 97 3
107 107 98 3
107 107 99 3
107 107 100 3
107 107 101 3
107 107 102 3
107 107 103 3
107 107 104 3
107 107 105 3
107 107 106 3
107 107 107 3
107 107 109 3
107 108 90 3
107 108 91 3
107 108 92 3
107 108 94 3
107 108 95 3
107 108 96 3
107 108 97 3
107 108 98 3
107 108 99 3
107 108 101 3
107 108 102 3
107 108 104 3
107 108 105 3
107 108 106 3
107 108 107 3
107 108 108 3
107 108 109 3
107 109 90 3
107 109 91 3
107 109 92 3
107 109 93 3
107 109 94 3
107 109 95 3
107 109 96 3
107 109 97 3
107 109 98 3
107 109 99 3
107 109 100 3
107 109 102 3
107 109 103 3
107 109 104 3
107 109 105 3
107 109 106 3
107 109 107 3
107 109 108 3
107 109 109 3
108 90 90 3
108 90 91 3
108 90 93 3
108 90 94 3
108 90 95 3
108 90 96 3
108 90 97 3
108 90 98 3
108 90 99 3
108 90 100 3
108 90 101 3
108 90 102 3
108 90 103 3
108 90 104 3
108 90 106 3
108 90 107 3
108 90 108 3
108 90 109 3
108 91 90 3
108 91 91 3
108 91 92 3
108 91 93 3
108 91 94 3
108 91 95 3
108 91 96 3
108 91 97 3
108 91 98 3
108 91 100 3
108 91 101 3
108 91 102 3
108 91 103 3
108 91 104 3
108 91 105 3
108 91 106 3
108 91 107 3
108 91 109 3
108 92 90 3
108 92 91 3
108 92 92 3
108 92 93 3
108 92 94 3
108 92 95 3
108 92 96 3
108 92 97 3
108 92 98 3
108 92 99 3
108 92 100 3
108 92 101 3
108 92 102 3
108 92 103 3
108 92 104 3
108 92 105 3
108 92 106 3
108 92 107 3
108 92 108 3
108 92 109 3
108 93 90 3
108 93 91 3
108 93 92 3
108 93 93 3
108 93 94 3
108 93 95 3
108 93 96 3
108 93 97 3
108 93 98 3
108 93 99 3
108 93 100 3
108 93 101 3
108 93 102 3
108 93 104 3
108 93 105 3
108 93 106 3
108 93 107 3
108 93 108 3
108 93 109 3
108 94 90 3
108 94 91 3
108 94 92 3
108 94 93 3
108 94 94 3
108 94 95 3
108 94 96 3
108 94 98 3
108 94 99 3
108 94 100 3
108 94 101 3
108 94 102 3
108 94 103 3
108 94 104 3
108 94 106 3
108 94 107 3
108 94 108 3
108 94 109 3
108 95 90 3
108 95 91 3
108 95 92 3
108 95 93 3
108 95 94 3
108 95 95 3
108 95 96 3
108 95 97 3
108 95 98 3
108 95 99 3
108 95 100 3
108 95 101 3
108 95 102 3
108 95 103 3
108 95 104 3
108 95 105 3
108 95 106 3
108 95 107 3
108 95 108 3
108 95 109 3
108 96 90 3
108 96 91 3
108 96 92 3
108 96 93 3
108 96 94 3
108 96 95 3
108 96 96 3
108 96 97 3
108 96 98 3
108 96 99 3
108 96 100 3
108 96 101 3
108 96 102 3
108 96 103 3
108 96 105 3
108 96 106 3
108 96 107 3
108 96 108 3
108 96 109 3
108 97 90 3
108 97 91 3
108 97 92 3
108 97 93 3
108 97 94 3
108 97 96 3
108 97 98 3
108 97 100 3
108 97 101 3
108 97 102 3
108 97 103 3
108 97 104 3
108 97 105 3
108 97 106 3
108 97 107 3
108 97 108 3
108 97 109 3
108 98 90 3
108 98 91 3
108 98 92 3
108 98 93 3
108 98 94 3
108 98 95 3
108 98 96 3
108 98 97 3
108 98 98 3
108 98 99 3
108 98 100 3
108 98 101 3
108 98 102 3
108 98 103 3
108 98 104 3
108 98 105 3
108 98 106 3
108 98 107 3
108 98 108 3
108 98 109 3
108 99 90 3
108 99 91 3
108 99 92 3
108 99 93 3
108 99 94 3
108 99 95 3
108 99 96 3
108 99 97 3
108 99 98 3
108 99 99 3
108 99 100 3
108 99 101 3
108 99 102 3
108 99 103 3
108 99 104 3
108 99 105 3
108 99 106 3
108 99 107 3
108 99 109 3
108 100 90 3
108 100 91 3
108 100 92 3
108 100 94 3
108 100 95 3
108 100 96 3
108 100 97 3
108 100 98 3
108 100 99 3
108 100 100 3
108 100 102 3
108 100 103 3
108 100 104 3
108 100 105 3
108 100 106 3
108 100 107 3
108 100 108 3
108 100 109 3
108 101 90 3
108 101 91 3
108 101 92 3
108 101 93 3
108 101 94 3
108 101 95 3
108 101 96 3
108 101 97 3
108 101 98 3
108 101 99 3
108 101 100 3
108 101 101 3
108 101 102 3
108 101 103 3
108 101 104 3
108 101 105 3
108 101 106 3
108 101 107 3
108 101 108 3
108 101 109 3
108 102 90 3
108 102 91 3
108 102 92 3
108 102 93 3
108 102 94 3
108 102 95 3
108 102 96 3
108 102 98 3
108 102 99 3
108 102 100 3
108 102 101 3
108 102 102 3
108 102 103 3
108 102 104 3
108 102 105 3
108 102 106 3
108 102 107 3
108 102 109 3
108 103 90 3
108 103 91 3
108 103 92 3
108 103 93 3
108 103 94 3
108 103 95 3
108 103 96 3
108 103 98 3
108 103 99 3
108 103 101 3
108 103 102 3
108 103 103 3
108 103 104 3
108 103 105 3
108 103 106 3
108 103 107 3
108 103 108 3
108 103 109 3
108 104 90 3
108 104 91 3
108 104 92 3
108 104 93 3
108 104 94 3
108 104 95 3
108 104 96 3
108 104 97 3
108 104 98 3
108 104 99 3
108 104 100 3
108 104 101 3
108 104 102 3
108 104 103 3
108 104 104 3
108 104 105 3
108 104 106 3
108 104 107 3
108 104 108 3
108 104 109 3
108 105 90 3
108 105 91 3
108 105 92 3
108 105 93 3
108 105 94 3
108 105 95 3
108 105 96 3
108 105 97 3
108 105 98 3
108 105 99 3
108 105 100 3
108 105 101 3
108 105 102 3
108 105 103 3
108 105 105 3
108 105 106 3
108 105 107 3
108 105 108 3
108 105 109 3
108 106 90 3
108 106 91 3
108 106 92 3
108 106 93 3
108 106 94 3
108 106 95 3
108 106 96 3
108 106 98 3
108 106 99 3
108 106 100 3
108 106 101 3
108 106 102 3
108 106 103 3
108 106 104 3
108 106 105 3
108 106 106 3
108 106 108 3
108 107 91 3
108 107 92 3
108 107 93 3
108 107 94 3
108 107 95 3
108 107 96 3
108 107 97 3
108 107 98 3
108 107 99 3
108 107 100 3
108 107 101 3
108 107 102 3
108 107 103 3
108 107 104 3
108 107 105 3
108 107 106 3
108 107 107 3
108 107 108 3
108 108 90 3
108 108 91 3
108 108 92 3
108 108 93 3
108 108 94 3
108 108 95 3
108 108 96 3
108 108 97 3
108 108 98 3
108 108 99 3
108 108 100 3
108 108 101 3
108 108 102 3
108 108 103 3
108 108 104 3
108 108 105 3
108 108 106 3
108 108 107 3
108 108 108 3
108 108 109 3
108 109 90 3
108 109 91 3
108 109 92 3
108 109 93 3
108 109 94 3
108 109 95 3
108 109 96 3
108 109 97 3
108 109 98 3
108 109 99 3
108 109 101 3
108 109 102 3
108 109 103 3
108 109 104 3
108 109 105 3
108 109 106 3
108 109 108 3
108 109 109 3
109 90 90 3
109 90 91 3
109 90 92 3
109 90 93 3
109 90 94 3
109 90 95 3
109 90 96 3
109 90 97 3
109 90 98 3
109 90 99 3
109 90 100 3
109 90 102 3
109 90 103 3
109 90 104 3
109 90 105 3
109 90 106 3
109 90 107 3
109 90 108 3
109 90 109 3
109 91 90 3
109 91 91 3
109 91 92 3
109 91 93 3
109 91 94 3
109 91 95 3
109 91 96 3
109 91 97 3
109 91 98 3
109 91 99 3
109 91 100 3
109 91 101 3
109 91 102 3
109 91 103 3
109 91 104 3
109 91 105 3
109 91 106 3
109 91 107 3
109 91 108 3
109 91 109 3
109 92 90 3
109 92 91 3
109 92 92 3
109 92 93 3
109 92 94 3
109 92 95 3
109 92 96 3
109 92 97 3
109 92 98 3
109 92 99 3
109 92 100 3
109 92 101 3
109 92 102 3
109 92 103 3
109 92 104 3
109 92 105 3
109 92 106 3
109 92 107 3
109 92 108 3
109 92 109 3
109 93 90 3
109 93 91 3
109 93 92 3
109 93 93 3
109 93 95 3
109 93 96 3
109 93 97 3
109 93 98 3
109 93 99 3
109 93 100 3
109 93 101 3
109 93 102 3
109 93 103 3
109 93 104 3
109 93 105 3
109 93 106 3
109 93 107 3
109 93 108 3
109 94 90 3
109 94 92 3
109 94 93 3
109 94 94 3
109 94 95 3
109 94 96 3
109 94 97 3
109 94 98 3
109 94 99 3
109 94 101 3
109 94 102 3
109 94 103 3
109 94 104 3
109 94 105 3
109 94 106 3
109 94 107 3
109 94 108 3
109 94 109 3
109 95 90 3
109 95 91 3
109 95 92 3
109 95 93 3
109 95 95 3
109 95 96 3
109 95 97 3
109 95 98 3
109 95 99 3
109 95 100 3
109 95 101 3
109 95 102 3
109 95 104 3
109 95 105 3
109 95 106 3
109 95 107 3
109 95 108 3
109 95 109 3
109 96 90 3
109 96 91 3
109 96 92 3
109 96 93 3
109 96 94 3
109 96 95 3
109 96 96 3
109 96 97 3
109 96 98 3
109 96 99 3
109 96 100 3
109 96 101 3
109 96 102 3
109 96 103 3
109 96 104 3
109 96 105 3
109 96 106 3
109 96 107 3
109 96 108 3
109 96 109 3
109 97 90 3
109 97 91 3
109 97 92 3
109 97 93 3
109 97 94 3
109 97 95 3
109 97 96 3
109 97 97 3
109 97 98 3
109 97 99 3
109 97 100 3
109 97 101 3
109 97 102 3
109 97 103 3
109 97 104 3
109 97 105 3
109 97 106 3
109 97 107 3
109 97 108 3
109 97 109 3
109 98 90 3
109 98 92 3
109 98 93 3
109 98 94 3
109 98 95 3
109 98 96 3
109 98 97 3
109 98 99 3
109 98 100 3
109 98 101 3
109 98 102 3
109 98 103 3
109 98 104 3
109 98 105 3
109 98 106 3
109 98 107 3
109 98 108 3
109 98 109 3
109 99 90 3
109 99 91 3
109 99 92 3
109 99 93 3
109 99 94 3
109 99 95 3
109 99 96 3
109 99 97 3
109 99 98 3
109 99 99 3
109 99 100 3
109 99 101 3
109 99 102 3
109 99 103 3
109 99 104 3
109 99 105 3
109 99 107 3
109 99 108 3
109 99 109 3
109 100 90 3
109 100 91 3
109 100 92 3
109 100 93 3
109 100 94 3
109 100 95 3
109 100 96 3
109 100 97 3
109 100 98 3
109 100 99 3
109 100 101 3
109 100 102 3
109 100 103 3
109 100 104 3
109 100 105 3
109 100 106 3
109 100 107 3
109 100 108 3
109 100 109 3
109 101 90 3
109 101 91 3
109 101 92 3
109 101 93 3
109 101 94 3
109 101 95 3
109 101 96 3
109 101 97 3
109 101 98 3
109 101 99 3
109 101 100 3
109 101 102 3
109 101 103 3
109 101 104 3
109 101 105 3
109 101 106 3
109 101 107 3
109 101 108 3
109 101 109 3
109 102 90 3
109 102 91 3
109 102 92 3
109 102 94 3
109 102 95 3
109 102 96 3
109 102 97 3
109 102 98 3
109 102 99 3
109 102 100 3
109 102 101 3
109 102 102 3
109 102 103 3
109 102 104 3
109 102 105 3
109 102 106 3
109 102 107 3
109 102 109 3
109 103 90 3
109 103 91 3
109 103 92 3
109 103 93 3
109 103 94 3
109 103 95 3
109 103 96 3
109 103 97 3
109 103 98 3
109 103 99 3
109 103 100 3
109 103 101 3
109 103 102 3
109 103 103 3
109 103 104 3
109 103 105 3
109 103 106 3
109 103 107 3
109 103 108 3
109 103 109 3
109 104 90 3
109 104 91 3
109 104 92 3
109 104 93 3
109 104 94 3
109 104 95 3
109 104 96 3
109 104 97 3
109 104 98 3
109 104 99 3
109 104 100 3
109 104 101 3
109 104 102 3
109 104 103 3
109 104 104 3
109 104 105 3
109 104 106 3
109 104 107 3
109 104 108 3
109 104 109 3
109 105 90 3
109 105 91 3
109 105 92 3
109 105 93 3
109 105 94 3
109 105 95 3
109 105 96 3
109 105 97 3
109 105 98 3
109 105 99 3
109 105 100 3
109 105 101 3
109 105 102 3
109 105 103 3
109 105 104 3
109 105 105 3
109 105 106 3
109 105 107 3
109 105 108 3
109 105 109 3
109 106 90 3
109 106 91 3
109 106 92 3
109 106 93 3
109 106 94 3
109 106 95 3
109 106 96 3
109 106 97 3
109 106 98 3
109 106 99 3
109 106 101 3
109 106 102 3
109 106 103 3
109 106 104 3
109 106 105 3
109 106 106 3
109 106 107 3
109 106 108 3
109 106 109 3
109 107 91 3
109 107 92 3
109 107 94 3
109 107 95 3
109 107 96 3
109 107 98 3
109 107 99 3
109 107 100 3
109 107 101 3
109 107 102 3
109 107 103 3
109 107 104 3
109 107 105 3
109 107 106 3
109 107 107 3
109 107 108 3
109 107 109 3
109 108 90 3
109 108 91 3
109 108 92 3
109 108 93 3
109 108 94 3
109 108 95 3
109 108 96 3
109 108 97 3
109 108 98 3
109 108 99 3
109 108 101 3
109 108 102 3
109 108 103 3
109 108 104 3
109 108 105 3
109 108 106 3
109 108 107 3
109 108 108 3
109 108 109 3
109 109 90 3
109 109 91 3
109 109 92 3
109 109 93 3
109 109 94 3
109 109 95 3
109 109 96 3
109 109 97 3
109 109 98 3
109 109 100 3
109 109 101 3
109 109 102 3
109 109 103 3
109 109 104 3
109 109 105 3
109 109 106 3
109 109 107 3
109 109 108 3
109 109 109 3
