0-3,7-9,11-13,18,21-22,24,26/4,13,17,20-24,26/4/M
140 140 140 3
140 140 142 3
140 140 143 3
140 140 144 3
140 140 146 3
140 140 147 3
140 140 148 3
140 140 149 3
140 140 151 3
140 140 153 3
140 140 154 3
140 140 156 3
140 140 157 3
140 140 158 3
140 140 159 3
140 141 142 3
140 141 143 3
140 141 145 3
140 141 147 3
140 141 150 3
140 141 152 3
140 141 155 3
140 141 157 3
140 141 158 3
140 141 159 3
140 142 141 3
140 142 146 3
140 142 148 3
140 142 150 3
140 142 151 3
140 142 152 3
140 142 153 3
140 142 155 3
140 142 156 3
140 142 159 3
140 143 140 3
140 143 141 3
140 143 142 3
140 143 144 3
140 143 146 3
140 143 147 3
140 143 148 3
140 143 149 3
140 143 151 3
140 143 152 3
140 143 154 3
140 143 155 3
140 143 156 3
140 143 157 3
140 143 158 3
140 143 159 3
140 144 141 3
140 144 142 3
140 144 144 3
140 144 145 3
140 144 146 3
140 144 147 3
140 144 149 3
140 144 150 3
140 144 151 3
140 144 152 3
140 144 153 3
140 144 154 3
140 144 155 3
140 144 157 3
140 144 158 3
140 145 140 3
140 145 141 3
140 145 142 3
140 145 143 3
140 145 144 3
140 145 145 3
140 145 146 3
140 145 147 3
140 145 148 3
140 145 149 3
140 145 151 3
140 145 152 3
140 145 153 3
140 145 155 3
140 145 158 3
140 145 159 3
140 146 141 3
140 146 142 3
140 146 143 3
140 146 144 3
140 146 146 3
140 146 147 3
140 146 148 3
140 146 149 3
140 146 150 3
140 146 151 3
140 146 153 3
140 146 154 3
140 146 156 3
140 146 157 3
140 146 159 3
140 147 140 3
140 147 141 3
140 147 142 3
140 147 143 3
140 147 144 3
140 147 145 3
140 147 146 3
140 147 148 3
140 147 149 3
140 147 150 3
140 147 152 3
140 147 154 3
140 147 155 3
140 147 157 3
140 147 158 3
140 147 159 3
140 148 142 3
140 148 144 3
140 148 145 3
140 148 146 3
140 148 147 3
140 148 148 3
140 148 149 3
140 148 150 3
140 148 152 3
140 148 153 3
140 148 154 3
140 148 155 3
140 148 156 3
140 148 157 3
140 148 159 3
140 149 144 3
140 149 146 3
140 149 147 3
140 149 148 3
140 149 149 3
140 149 150 3
140 149 151 3
140 149 154 3
140 149 155 3
140 149 156 3
140 149 158 3
140 149 159 3
140 150 140 3
140 150 144 3
140 150 145 3
140 150 147 3
140 150 148 3
140 150 149 3
140 150 150 3
140 150 151 3
140 150 152 3
140 150 157 3
140 150 158 3
140 151 143 3
140 151 145 3
140 151 146 3
140 151 147 3
140 151 149 3
140 151 150 3
140 151 151 3
140 151 152 3
140 151 154 3
140 151 155 3
140 151 156 3
140 151 157 3
140 151 159 3
140 152 140 3
140 152 141 3
140 152 142 3
140 152 144 3
140 152 145 3
140 152 147 3
140 152 148 3
140 152 152 3
140 152 153 3
140 152 155 3
140 152 156 3
140 152 157 3
140 152 158 3
140 153 140 3
140 153 141 3
140 153 143 3
140 153 144 3
140 153 145 3
140 153 146 3
140 153 148 3
140 153 149 3
140 153 151 3
140 153 152 3
140 153 153 3
140 153 156 3
140 153 157 3
140 153 158 3
140 154 140 3
140 154 141 3
140 154 142 3
140 154 143 3
140 154 145 3
140 154 146 3
140 154 147 3
140 154 148 3
140 154 151 3
140 154 152 3
140 154 153 3
140 154 154 3
140 154 155 3
140 154 156 3
140 154 158 3
140 154 159 3
140 155 142 3
140 155 143 3
140 155 144 3
140 155 145 3
140 155 148 3
140 155 149 3
140 155 150 3
140 155 151 3
140 155 152 3
140 155 153 3
140 155 154 3
140 155 155 3
140 155 157 3
140 155 158 3
140 155 159 3
140 156 142 3
140 156 143 3
140 156 144 3
140 156 145 3
140 156 146 3
140 156 148 3
140 156 149 3
140 156 150 3
140 156 151 3
140 156 154 3
140 156 156 3
140 156 157 3
140 156 159 3
140 157 141 3
140 157 142 3
140 157 143 3
140 157 145 3
140 157 146 3
140 157 147 3
140 157 148 3
140 157 149 3
140 157 150 3
140 157 152 3
140 157 153 3
140 157 155 3
140 157 156 3
140 157 158 3
140 158 141 3
140 158 143 3
140 158 145 3
140 158 146 3
140 158 147 3
140 158 148 3
140 158 150 3
140 158 151 3
140 158 153 3
140 158 156 3
140 158 157 3
140 158 159 3
140 159 140 3
140 159 144 3
140 159 145 3
140 159 146 3
140 159 149 3
140 159 150 3
140 159 151 3
140 159 152 3
140 159 155 3
140 159 156 3
140 159 157 3
140 159 158 3
141 140 140 3
141 140 141 3
141 140 142 3
141 140 143 3
141 140 144 3
141 140 145 3
141 140 147 3
141 140 148 3
141 140 149 3
141 140 150 3
141 140 151 3
141 140 152 3
141 140 153 3
141 140 155 3
141 140 156 3
141 140 158 3
141 140 159 3
141 141 140 3
141 141 143 3
141 141 144 3
141 141 145 3
141 141 146 3
141 141 148 3
141 141 149 3
141 141 150 3
141 141 152 3
141 141 153 3
141 141 155 3
141 141 156 3
141 141 157 3
141 141 158 3
141 141 159 3
141 142 140 3
141 142 142 3
141 142 143 3
141 142 144 3
141 142 145 3
141 142 146 3
141 142 147 3
141 142 149 3
141 142 150 3
141 142 151 3
141 142 152 3
141 142 153 3
141 142 155 3
141 142 158 3
141 142 159 3
141 143 140 3
141 143 141 3
141 143 142 3
141 143 143 3
141 143 145 3
141 143 146 3
141 143 147 3
141 143 149 3
141 143 150 3
141 143 151 3
141 143 152 3
141 143 153 3
141 143 154 3
141 143 155 3
141 143 156 3
141 143 158 3
141 143 159 3
141 144 141 3
141 144 143 3
141 144 145 3
141 144 146 3
141 144 148 3
141 144 150 3
141 144 153 3
141 144 155 3
141 144 158 3
141 144 159 3
141 145 140 3
141 145 142 3
141 145 147 3
141 145 149 3
141 145 151 3
141 145 152 3
141 145 153 3
141 145 154 3
141 145 155 3
141 145 156 3
141 145 157 3
141 145 158 3
141 145 159 3
141 146 140 3
141 146 141 3
141 146 142 3
141 146 143 3
141 146 144 3
141 146 145 3
141 146 147 3
141 146 148 3
141 146 149 3
141 146 150 3
141 146 152 3
141 146 153 3
141 146 156 3
141 146 157 3
141 146 159 3
141 147 140 3
141 147 141 3
141 147 142 3
141 147 144 3
141 147 145 3
141 147 146 3
141 147 148 3
141 147 149 3
141 147 150 3
141 147 151 3
141 147 152 3
141 147 155 3
141 147 156 3
141 147 157 3
141 147 158 3
141 147 159 3
141 148 140 3
141 148 141 3
141 148 145 3
141 148 146 3
141 148 147 3
141 148 149 3
141 148 150 3
141 148 151 3
141 148 152 3
141 148 155 3
141 148 156 3
141 148 158 3
141 148 159 3
141 149 140 3
141 149 141 3
141 149 142 3
141 149 143 3
141 149 144 3
141 149 147 3
141 149 149 3
141 149 150 3
141 149 151 3
141 149 153 3
141 149 154 3
141 149 156 3
141 149 157 3
141 150 141 3
141 150 142 3
141 150 143 3
141 150 144 3
141 150 145 3
141 150 146 3
141 150 147 3
141 150 148 3
141 150 149 3
141 150 151 3
141 150 152 3
141 150 153 3
141 150 154 3
141 150 156 3
141 150 157 3
141 150 158 3
141 150 159 3
141 151 140 3
141 151 141 3
141 151 143 3
141 151 146 3
141 151 148 3
141 151 149 3
141 151 150 3
141 151 151 3
141 151 153 3
141 151 155 3
141 151 156 3
141 151 158 3
141 151 159 3
141 152 140 3
141 152 141 3
141 152 142 3
141 152 146 3
141 152 147 3
141 152 148 3
141 152 149 3
141 152 150 3
141 152 151 3
141 152 153 3
141 152 155 3
141 152 156 3
141 152 157 3
141 152 158 3
141 152 159 3
141 153 140 3
141 153 142 3
141 153 143 3
141 153 144 3
141 153 145 3
141 153 146 3
141 153 147 3
141 153 148 3
141 153 149 3
141 153 152 3
141 153 153 3
141 153 154 3
141 153 155 3
141 153 156 3
141 153 157 3
141 153 159 3
141 154 140 3
141 154 141 3
141 154 142 3
141 154 147 3
141 154 151 3
141 154 156 3
141 154 157 3
141 154 158 3
141 154 159 3
141 155 141 3
141 155 142 3
141 155 143 3
141 155 144 3
141 155 145 3
141 155 146 3
141 155 148 3
141 155 149 3
141 155 151 3
141 155 153 3
141 155 154 3
141 155 155 3
141 155 156 3
141 155 157 3
141 155 159 3
141 156 141 3
141 156 143 3
141 156 145 3
141 156 146 3
141 156 147 3
141 156 148 3
141 156 151 3
141 156 153 3
141 156 154 3
141 156 155 3
141 156 157 3
141 156 158 3
141 157 141 3
141 157 142 3
141 157 144 3
141 157 146 3
141 157 148 3
141 157 149 3
141 157 150 3
141 157 151 3
141 157 152 3
141 157 153 3
141 157 155 3
141 157 156 3
141 157 157 3
141 157 158 3
141 157 159 3
141 158 140 3
141 158 143 3
141 158 144 3
141 158 145 3
141 158 146 3
141 158 147 3
141 158 148 3
141 158 151 3
141 158 152 3
141 158 153 3
141 158 155 3
141 158 156 3
141 158 158 3
141 158 159 3
141 159 140 3
141 159 141 3
141 159 142 3
141 159 143 3
141 159 144 3
141 159 146 3
141 159 148 3
141 159 150 3
141 159 151 3
141 159 152 3
141 159 153 3
141 159 155 3
141 159 156 3
141 159 157 3
141 159 159 3
142 140 141 3
142 140 143 3
142 140 146 3
142 140 147 3
142 140 148 3
142 140 149 3
142 140 150 3
142 140 151 3
142 140 152 3
142 140 153 3
142 140 154 3
142 140 157 3
142 141 140 3
142 141 141 3
142 141 143 3
142 141 144 3
142 141 148 3
142 141 149 3
142 141 150 3
142 141 151 3
142 141 152 3
142 141 155 3
142 141 157 3
142 141 159 3
142 142 140 3
142 142 141 3
142 142 144 3
142 142 145 3
142 142 146 3
142 142 147 3
142 142 149 3
142 142 150 3
142 142 151 3
142 142 152 3
142 142 153 3
142 142 155 3
142 142 156 3
142 142 157 3
142 142 158 3
142 142 159 3
142 143 140 3
142 143 141 3
142 143 143 3
142 143 146 3
142 143 148 3
142 143 151 3
142 143 152 3
142 143 153 3
142 143 154 3
142 143 155 3
142 143 156 3
142 143 157 3
142 143 158 3
142 143 159 3
142 144 140 3
142 144 143 3
142 144 145 3
142 144 146 3
142 144 147 3
142 144 148 3
142 144 149 3
142 144 150 3
142 144 151 3
142 144 152 3
142 144 153 3
142 144 154 3
142 144 156 3
142 144 158 3
142 144 159 3
142 145 140 3
142 145 141 3
142 145 142 3
142 145 143 3
142 145 144 3
142 145 145 3
142 145 146 3
142 145 147 3
142 145 148 3
142 145 149 3
142 145 150 3
142 145 151 3
142 145 152 3
142 145 154 3
142 145 155 3
142 145 156 3
142 145 157 3
142 145 158 3
142 145 159 3
142 146 141 3
142 146 143 3
142 146 144 3
142 146 145 3
142 146 148 3
142 146 149 3
142 146 153 3
142 146 154 3
142 146 155 3
142 146 156 3
142 146 157 3
142 146 158 3
142 146 159 3
142 147 140 3
142 147 141 3
142 147 142 3
142 147 143 3
142 147 145 3
142 147 146 3
142 147 147 3
142 147 148 3
142 147 150 3
142 147 151 3
142 147 152 3
142 147 155 3
142 147 156 3
142 147 157 3
142 147 158 3
142 147 159 3
142 148 140 3
142 148 141 3
142 148 142 3
142 148 144 3
142 148 148 3
142 148 150 3
142 148 151 3
142 148 152 3
142 148 153 3
142 148 154 3
142 148 156 3
142 148 157 3
142 148 158 3
142 148 159 3
142 149 140 3
142 149 142 3
142 149 144 3
142 149 145 3
142 149 146 3
142 149 149 3
142 149 150 3
142 149 151 3
142 149 152 3
142 149 153 3
142 149 154 3
142 149 156 3
142 149 157 3
142 149 158 3
142 150 140 3
142 150 141 3
142 150 143 3
142 150 144 3
142 150 145 3
142 150 146 3
142 150 147 3
142 150 148 3
142 150 150 3
142 150 153 3
142 150 155 3
142 150 156 3
142 150 159 3
142 151 140 3
142 151 141 3
142 151 142 3
142 151 143 3
142 151 144 3
142 151 145 3
142 151 146 3
142 151 147 3
142 151 148 3
142 151 149 3
142 151 150 3
142 151 155 3
142 151 156 3
142 151 157 3
142 151 159 3
142 152 140 3
142 152 141 3
142 152 142 3
142 152 144 3
142 152 145 3
142 152 146 3
142 152 147 3
142 152 148 3
142 152 149 3
142 152 151 3
142 152 153 3
142 152 155 3
142 152 158 3
142 152 159 3
142 153 140 3
142 153 141 3
142 153 142 3
142 153 144 3
142 153 145 3
142 153 146 3
142 153 149 3
142 153 150 3
142 153 151 3
142 153 152 3
142 153 153 3
142 153 156 3
142 153 157 3
142 153 158 3
142 153 159 3
142 154 140 3
142 154 141 3
142 154 142 3
142 154 143 3
142 154 144 3
142 154 145 3
142 154 147 3
142 154 148 3
142 154 150 3
142 154 151 3
142 154 152 3
142 154 153 3
142 154 155 3
142 154 156 3
142 154 157 3
142 154 158 3
142 155 140 3
142 155 141 3
142 155 142 3
142 155 143 3
142 155 144 3
142 155 145 3
142 155 147 3
142 155 150 3
142 155 151 3
142 155 152 3
142 155 153 3
142 155 154 3
142 155 156 3
142 156 141 3
142 156 142 3
142 156 144 3
142 156 146 3
142 156 147 3
142 156 148 3
142 156 152 3
142 156 153 3
142 156 155 3
142 156 156 3
142 156 157 3
142 156 158 3
142 156 159 3
142 157 140 3
142 157 141 3
142 157 142 3
142 157 143 3
142 157 145 3
142 157 148 3
142 157 150 3
142 157 151 3
142 157 152 3
142 157 153 3
142 157 155 3
142 157 156 3
142 157 158 3
142 157 159 3
142 158 141 3
142 158 142 3
142 158 144 3
142 158 146 3
142 158 147 3
142 158 148 3
142 158 149 3
142 158 153 3
142 158 155 3
142 158 157 3
142 158 158 3
142 158 159 3
142 159 141 3
142 159 142 3
142 159 143 3
142 159 146 3
142 159 147 3
142 159 150 3
142 159 155 3
142 159 159 3
143 140 140 3
143 140 141 3
143 140 142 3
143 140 143 3
143 140 144 3
143 140 145 3
143 140 146 3
143 140 147 3
143 140 150 3
143 140 151 3
143 140 152 3
143 140 153 3
143 140 154 3
143 140 156 3
143 140 157 3
143 141 141 3
143 141 142 3
143 141 144 3
143 141 145 3
143 141 146 3
143 141 147 3
143 141 148 3
143 141 149 3
143 141 150 3
143 141 151 3
143 141 152 3
143 141 153 3
143 141 154 3
143 141 155 3
143 141 156 3
143 141 158 3
143 142 140 3
143 142 141 3
143 142 142 3
143 142 143 3
143 142 145 3
143 142 146 3
143 142 147 3
143 142 148 3
143 142 149 3
143 142 151 3
143 142 152 3
143 142 153 3
143 142 154 3
143 142 156 3
143 142 157 3
143 142 158 3
143 142 159 3
143 143 140 3
143 143 141 3
143 143 142 3
143 143 143 3
143 143 144 3
143 143 146 3
143 143 147 3
143 143 148 3
143 143 149 3
143 143 150 3
143 143 151 3
143 143 153 3
143 143 156 3
143 143 157 3
143 143 158 3
143 143 159 3
143 144 140 3
143 144 141 3
143 144 142 3
143 144 143 3
143 144 144 3
143 144 147 3
143 144 149 3
143 144 150 3
143 144 151 3
143 144 152 3
143 144 153 3
143 144 154 3
143 144 155 3
143 144 156 3
143 144 158 3
143 144 159 3
143 145 140 3
143 145 141 3
143 145 143 3
143 145 145 3
143 145 147 3
143 145 148 3
143 145 149 3
143 145 150 3
143 145 152 3
143 145 154 3
143 145 155 3
143 145 156 3
143 145 157 3
143 145 158 3
143 145 159 3
143 146 140 3
143 146 141 3
143 146 142 3
143 146 143 3
143 146 145 3
143 146 146 3
143 146 148 3
143 146 149 3
143 146 151 3
143 146 153 3
143 146 154 3
143 146 157 3
143 146 158 3
143 146 159 3
143 147 141 3
143 147 142 3
143 147 143 3
143 147 144 3
143 147 145 3
143 147 146 3
143 147 147 3
143 147 148 3
143 147 149 3
143 147 151 3
143 147 155 3
143 147 157 3
143 147 158 3
143 147 159 3
143 148 140 3
143 148 142 3
143 148 144 3
143 148 146 3
143 148 148 3
143 148 150 3
143 148 152 3
143 148 153 3
143 148 154 3
143 148 155 3
143 148 156 3
143 148 158 3
143 148 159 3
143 149 141 3
143 149 143 3
143 149 144 3
143 149 145 3
143 149 146 3
143 149 147 3
143 149 148 3
143 149 150 3
143 149 151 3
143 149 152 3
143 149 153 3
143 149 154 3
143 149 155 3
143 149 156 3
143 149 157 3
143 149 158 3
143 149 159 3
143 150 140 3
143 150 142 3
143 150 143 3
143 150 144 3
143 150 147 3
143 150 148 3
143 150 149 3
143 150 154 3
143 150 155 3
143 150 156 3
143 150 157 3
143 150 158 3
143 151 140 3
143 151 141 3
143 151 144 3
143 151 145 3
143 151 147 3
143 151 148 3
143 151 150 3
143 151 151 3
143 151 152 3
143 151 154 3
143 151 156 3
143 151 157 3
143 151 158 3
143 152 142 3
143 152 143 3
143 152 144 3
143 152 145 3
143 152 146 3
143 152 147 3
143 152 149 3
143 152 150 3
143 152 151 3
143 152 152 3
143 152 153 3
143 152 156 3
143 152 157 3
143 152 158 3
143 153 141 3
143 153 143 3
143 153 145 3
143 153 146 3
143 153 148 3
143 153 151 3
143 153 152 3
143 153 153 3
143 153 154 3
143 153 155 3
143 153 156 3
143 153 157 3
143 153 159 3
143 154 140 3
143 154 141 3
143 154 142 3
143 154 143 3
143 154 144 3
143 154 145 3
143 154 146 3
143 154 147 3
143 154 148 3
143 154 149 3
143 154 150 3
143 154 151 3
143 154 152 3
143 154 153 3
143 154 154 3
143 154 155 3
143 154 157 3
143 154 158 3
143 155 140 3
143 155 143 3
143 155 144 3
143 155 145 3
143 155 146 3
143 155 147 3
143 155 150 3
143 155 151 3
143 155 152 3
143 155 154 3
143 155 155 3
143 155 156 3
143 155 157 3
143 155 158 3
143 155 159 3
143 156 140 3
143 156 141 3
143 156 142 3
143 156 144 3
143 156 145 3
143 156 146 3
143 156 147 3
143 156 149 3
143 156 150 3
143 156 151 3
143 156 152 3
143 156 153 3
143 156 154 3
143 156 155 3
143 156 157 3
143 156 158 3
143 157 140 3
143 157 141 3
143 157 143 3
143 157 144 3
143 157 146 3
143 157 147 3
143 157 148 3
143 157 149 3
143 157 150 3
143 157 151 3
143 157 153 3
143 157 154 3
143 157 155 3
143 157 156 3
143 157 158 3
143 158 140 3
143 158 141 3
143 158 142 3
143 158 143 3
143 158 144 3
143 158 146 3
143 158 147 3
143 158 152 3
143 158 153 3
143 159 142 3
143 159 143 3
143 159 146 3
143 159 149 3
143 159 150 3
143 159 151 3
143 159 153 3
143 159 155 3
143 159 157 3
143 159 158 3
144 140 143 3
144 140 144 3
144 140 145 3
144 140 146 3
144 140 147 3
144 140 148 3
144 140 150 3
144 140 153 3
144 140 154 3
144 140 155 3
144 140 156 3
144 140 158 3
144 141 140 3
144 141 141 3
144 141 142 3
144 141 143 3
144 141 144 3
144 141 147 3
144 141 148 3
144 141 150 3
144 141 151 3
144 141 153 3
144 141 154 3
144 141 155 3
144 141 156 3
144 141 157 3
144 141 158 3
144 142 140 3
144 142 141 3
144 142 142 3
144 142 143 3
144 142 145 3
144 142 148 3
144 142 149 3
144 142 152 3
144 142 155 3
144 142 156 3
144 142 157 3
144 142 158 3
144 142 159 3
144 143 140 3
144 143 141 3
144 143 142 3
144 143 143 3
144 143 144 3
144 143 146 3
144 143 147 3
144 143 148 3
144 143 149 3
144 143 150 3
144 143 151 3
144 143 152 3
144 143 154 3
144 143 156 3
144 143 157 3
144 143 158 3
144 143 159 3
144 144 140 3
144 144 141 3
144 144 144 3
144 144 145 3
144 144 147 3
144 144 151 3
144 144 153 3
144 144 154 3
144 144 156 3
144 144 157 3
144 144 159 3
144 145 140 3
144 145 141 3
144 145 142 3
144 145 143 3
144 145 144 3
144 145 145 3
144 145 148 3
144 145 149 3
144 145 151 3
144 145 152 3
144 145 153 3
144 145 155 3
144 145 156 3
144 145 157 3
144 145 159 3
144 146 141 3
144 146 142 3
144 146 143 3
144 146 145 3
144 146 147 3
144 146 148 3
144 146 149 3
144 146 151 3
144 146 152 3
144 146 153 3
144 146 154 3
144 146 158 3
144 147 141 3
144 147 142 3
144 147 144 3
144 147 145 3
144 147 146 3
144 147 148 3
144 147 150 3
144 147 151 3
144 147 154 3
144 147 155 3
144 147 156 3
144 147 157 3
144 147 158 3
144 147 159 3
144 148 141 3
144 148 142 3
144 148 143 3
144 148 144 3
144 148 149 3
144 148 150 3
144 148 151 3
144 148 152 3
144 148 153 3
144 148 154 3
144 148 155 3
144 148 156 3
144 148 158 3
144 148 159 3
144 149 140 3
144 149 141 3
144 149 142 3
144 149 143 3
144 149 145 3
144 149 146 3
144 149 149 3
144 149 150 3
144 149 151 3
144 149 154 3
144 149 155 3
144 149 157 3
144 149 159 3
144 150 140 3
144 150 141 3
144 150 142 3
144 150 145 3
144 150 146 3
144 150 147 3
144 150 148 3
144 150 150 3
144 150 151 3
144 150 152 3
144 150 153 3
144 150 154 3
144 150 155 3
144 150 156 3
144 150 159 3
144 151 140 3
144 151 141 3
144 151 143 3
144 151 144 3
144 151 145 3
144 151 146 3
144 151 147 3
144 151 148 3
144 151 150 3
144 151 152 3
144 151 153 3
144 151 155 3
144 151 156 3
144 151 157 3
144 151 159 3
144 152 140 3
144 152 141 3
144 152 145 3
144 152 147 3
144 152 148 3
144 152 151 3
144 152 153 3
144 152 154 3
144 152 155 3
144 152 156 3
144 152 157 3
144 152 159 3
144 153 140 3
144 153 141 3
144 153 143 3
144 153 144 3
144 153 145 3
144 153 147 3
144 153 148 3
144 153 149 3
144 153 150 3
144 153 153 3
144 153 154 3
144 153 155 3
144 153 156 3
144 153 157 3
144 153 158 3
144 153 159 3
144 154 141 3
144 154 142 3
144 154 143 3
144 154 144 3
144 154 147 3
144 154 148 3
144 154 149 3
144 154 150 3
144 154 151 3
144 154 152 3
144 154 154 3
144 154 157 3
144 154 158 3
144 155 140 3
144 155 141 3
144 155 142 3
144 155 146 3
144 155 147 3
144 155 148 3
144 155 149 3
144 155 150 3
144 155 151 3
144 155 152 3
144 155 153 3
144 155 154 3
144 155 155 3
144 155 156 3
144 155 157 3
144 155 158 3
144 156 140 3
144 156 142 3
144 156 143 3
144 156 145 3
144 156 146 3
144 156 147 3
144 156 149 3
144 156 151 3
144 156 153 3
144 156 154 3
144 156 156 3
144 157 142 3
144 157 144 3
144 157 145 3
144 157 147 3
144 157 148 3
144 157 149 3
144 157 151 3
144 157 152 3
144 157 154 3
144 157 155 3
144 157 156 3
144 157 157 3
144 157 158 3
144 157 159 3
144 158 141 3
144 158 142 3
144 158 143 3
144 158 144 3
144 158 145 3
144 158 146 3
144 158 147 3
144 158 149 3
144 158 150 3
144 158 151 3
144 158 154 3
144 158 155 3
144 158 159 3
144 159 142 3
144 159 143 3
144 159 144 3
144 159 146 3
144 159 149 3
144 159 150 3
144 159 151 3
144 159 152 3
144 159 153 3
144 159 157 3
144 159 158 3
144 159 159 3
145 140 141 3
145 140 145 3
145 140 146 3
145 140 149 3
145 140 151 3
145 140 153 3
145 140 154 3
145 140 155 3
145 140 156 3
145 140 157 3
145 140 158 3
145 140 159 3
145 141 140 3
145 141 142 3
145 141 143 3
145 141 144 3
145 141 145 3
145 141 146 3
145 141 147 3
145 141 149 3
145 141 151 3
145 141 152 3
145 141 153 3
145 141 154 3
145 141 155 3
145 141 156 3
145 141 157 3
145 141 158 3
145 142 140 3
145 142 144 3
145 142 145 3
145 142 146 3
145 142 147 3
145 142 148 3
145 142 150 3
145 142 151 3
145 142 152 3
145 142 154 3
145 142 155 3
145 142 156 3
145 142 158 3
145 142 159 3
145 143 140 3
145 143 141 3
145 143 142 3
145 143 145 3
145 143 146 3
145 143 147 3
145 143 149 3
145 143 150 3
145 143 151 3
145 143 152 3
145 143 153 3
145 143 154 3
145 143 155 3
145 143 156 3
145 143 158 3
145 143 159 3
145 144 140 3
145 144 141 3
145 144 142 3
145 144 143 3
145 144 144 3
145 144 145 3
145 144 146 3
145 144 147 3
145 144 148 3
145 144 149 3
145 144 150 3
145 144 151 3
145 144 152 3
145 144 154 3
145 144 155 3
145 144 156 3
145 144 157 3
145 144 158 3
145 144 159 3
145 145 140 3
145 145 142 3
145 145 143 3
145 145 144 3
145 145 146 3
145 145 147 3
145 145 148 3
145 145 149 3
145 145 150 3
145 145 153 3
145 145 154 3
145 145 155 3
145 145 156 3
145 145 158 3
145 146 140 3
145 146 142 3
145 146 143 3
145 146 144 3
145 146 145 3
145 146 148 3
145 146 152 3
145 146 154 3
145 146 155 3
145 146 159 3
145 147 140 3
145 147 142 3
145 147 143 3
145 147 144 3
145 147 145 3
145 147 147 3
145 147 148 3
145 147 150 3
145 147 151 3
145 147 153 3
145 147 154 3
145 147 155 3
145 147 156 3
145 147 157 3
145 147 158 3
145 147 159 3
145 148 140 3
145 148 141 3
145 148 143 3
145 148 144 3
145 148 146 3
145 148 148 3
145 148 150 3
145 148 152 3
145 148 153 3
145 148 156 3
145 149 140 3
145 149 141 3
145 149 143 3
145 149 144 3
145 149 145 3
145 149 146 3
145 149 149 3
145 149 150 3
145 149 151 3
145 149 153 3
145 149 154 3
145 149 156 3
145 149 157 3
145 150 140 3
145 150 141 3
145 150 144 3
145 150 146 3
145 150 147 3
145 150 148 3
145 150 152 3
145 150 153 3
145 150 154 3
145 150 156 3
145 151 140 3
145 151 141 3
145 151 142 3
145 151 143 3
145 151 144 3
145 151 145 3
145 151 146 3
145 151 149 3
145 151 150 3
145 151 153 3
145 151 154 3
145 151 155 3
145 151 156 3
145 151 159 3
145 152 141 3
145 152 142 3
145 152 143 3
145 152 144 3
145 152 145 3
145 152 146 3
145 152 147 3
145 152 148 3
145 152 149 3
145 152 150 3
145 152 151 3
145 152 153 3
145 152 154 3
145 152 155 3
145 152 156 3
145 152 158 3
145 152 159 3
145 153 140 3
145 153 142 3
145 153 143 3
145 153 144 3
145 153 146 3
145 153 147 3
145 153 148 3
145 153 150 3
145 153 151 3
145 153 152 3
145 153 153 3
145 153 154 3
145 153 155 3
145 153 156 3
145 153 157 3
145 154 141 3
145 154 142 3
145 154 143 3
145 154 144 3
145 154 145 3
145 154 146 3
145 154 147 3
145 154 148 3
145 154 149 3
145 154 150 3
145 154 152 3
145 154 153 3
145 154 154 3
145 154 156 3
145 154 157 3
145 154 158 3
145 155 140 3
145 155 141 3
145 155 143 3
145 155 145 3
145 155 146 3
145 155 149 3
145 155 152 3
145 155 153 3
145 155 154 3
145 155 155 3
145 155 156 3
145 155 157 3
145 155 158 3
145 155 159 3
145 156 140 3
145 156 141 3
145 156 142 3
145 156 143 3
145 156 144 3
145 156 145 3
145 156 146 3
145 156 147 3
145 156 148 3
145 156 149 3
145 156 150 3
145 156 151 3
145 156 152 3
145 156 153 3
145 156 155 3
145 156 156 3
145 156 157 3
145 156 158 3
145 156 159 3
145 157 140 3
145 157 142 3
145 157 145 3
145 157 146 3
145 157 147 3
145 157 150 3
145 157 151 3
145 157 154 3
145 157 155 3
145 157 157 3
145 157 159 3
145 158 142 3
145 158 143 3
145 158 145 3
145 158 146 3
145 158 148 3
145 158 151 3
145 158 152 3
145 158 153 3
145 158 155 3
145 158 156 3
145 158 159 3
145 159 140 3
145 159 141 3
145 159 142 3
145 159 143 3
145 159 145 3
145 159 146 3
145 159 147 3
145 159 148 3
145 159 149 3
145 159 151 3
145 159 152 3
145 159 153 3
145 159 154 3
145 159 156 3
145 159 157 3
145 159 159 3
146 140 144 3
146 140 145 3
146 140 146 3
146 140 147 3
146 140 148 3
146 140 149 3
146 140 150 3
146 140 151 3
146 140 153 3
146 140 154 3
146 140 156 3
146 140 157 3
146 140 158 3
146 140 159 3
146 141 140 3
146 141 141 3
146 141 142 3
146 141 143 3
146 141 144 3
146 141 145 3
146 141 147 3
146 141 149 3
146 141 150 3
146 141 151 3
146 141 152 3
146 141 153 3
146 141 154 3
146 141 155 3
146 141 156 3
146 141 158 3
146 142 141 3
146 142 145 3
146 142 147 3
146 142 151 3
146 142 152 3
146 142 153 3
146 142 154 3
146 142 155 3
146 142 158 3
146 143 140 3
146 143 141 3
146 143 144 3
146 143 145 3
146 143 146 3
146 143 148 3
146 143 149 3
146 143 150 3
146 143 151 3
146 143 152 3
146 143 154 3
146 143 155 3
146 143 156 3
146 143 157 3
146 143 158 3
146 144 140 3
146 144 141 3
146 144 143 3
146 144 144 3
146 144 147 3
146 144 148 3
146 144 149 3
146 144 152 3
146 144 153 3
146 144 154 3
146 144 156 3
146 144 157 3
146 145 140 3
146 145 141 3
146 145 142 3
146 145 143 3
146 145 145 3
146 145 147 3
146 145 148 3
146 145 149 3
146 145 150 3
146 145 151 3
146 145 152 3
146 145 153 3
146 145 154 3
146 145 155 3
146 145 156 3
146 146 140 3
146 146 141 3
146 146 142 3
146 146 143 3
146 146 145 3
146 146 146 3
146 146 150 3
146 146 152 3
146 146 153 3
146 146 154 3
146 146 156 3
146 146 159 3
146 147 140 3
146 147 141 3
146 147 143 3
146 147 144 3
146 147 145 3
146 147 146 3
146 147 147 3
146 147 149 3
146 147 151 3
146 147 152 3
146 147 153 3
146 147 154 3
146 147 155 3
146 147 156 3
146 148 140 3
146 148 141 3
146 148 143 3
146 148 144 3
146 148 145 3
146 148 146 3
146 148 147 3
146 148 148 3
146 148 149 3
146 148 150 3
146 148 151 3
146 148 152 3
146 148 153 3
146 148 155 3
146 148 156 3
146 148 157 3
146 148 158 3
146 148 159 3
146 149 140 3
146 149 141 3
146 149 142 3
146 149 143 3
146 149 144 3
146 149 145 3
146 149 146 3
146 149 150 3
146 149 152 3
146 149 153 3
146 149 154 3
146 150 140 3
146 150 143 3
146 150 144 3
146 150 148 3
146 150 149 3
146 150 150 3
146 150 151 3
146 150 152 3
146 150 154 3
146 150 155 3
146 150 156 3
146 150 157 3
146 150 158 3
146 151 140 3
146 151 141 3
146 151 142 3
146 151 143 3
146 151 144 3
146 151 145 3
146 151 146 3
146 151 147 3
146 151 149 3
146 151 152 3
146 151 153 3
146 151 158 3
146 152 141 3
146 152 142 3
146 152 144 3
146 152 145 3
146 152 146 3
146 152 148 3
146 152 149 3
146 152 150 3
146 152 151 3
146 152 152 3
146 152 154 3
146 152 155 3
146 152 157 3
146 152 158 3
146 153 140 3
146 153 142 3
146 153 143 3
146 153 144 3
146 153 145 3
146 153 147 3
146 153 148 3
146 153 153 3
146 153 154 3
146 153 155 3
146 153 158 3
146 153 159 3
146 154 141 3
146 154 142 3
146 154 143 3
146 154 146 3
146 154 147 3
146 154 149 3
146 154 150 3
146 154 151 3
146 154 152 3
146 155 142 3
146 155 143 3
146 155 144 3
146 155 145 3
146 155 146 3
146 155 147 3
146 155 148 3
146 155 151 3
146 155 153 3
146 155 154 3
146 155 155 3
146 155 156 3
146 155 157 3
146 155 158 3
146 155 159 3
146 156 140 3
146 156 142 3
146 156 143 3
146 156 144 3
146 156 145 3
146 156 146 3
146 156 147 3
146 156 148 3
146 156 149 3
146 156 150 3
146 156 151 3
146 156 153 3
146 156 154 3
146 156 156 3
146 156 157 3
146 156 158 3
146 156 159 3
146 157 140 3
146 157 141 3
146 157 142 3
146 157 143 3
146 157 144 3
146 157 145 3
146 157 146 3
146 157 147 3
146 157 148 3
146 157 150 3
146 157 152 3
146 157 153 3
146 157 158 3
146 157 159 3
146 158 140 3
146 158 141 3
146 158 143 3
146 158 144 3
146 158 145 3
146 158 146 3
146 158 147 3
146 158 148 3
146 158 150 3
146 158 151 3
146 158 152 3
146 158 153 3
146 158 155 3
146 158 156 3
146 158 159 3
146 159 140 3
146 159 142 3
146 159 144 3
146 159 145 3
146 159 146 3
146 159 147 3
146 159 148 3
146 159 149 3
146 159 152 3
146 159 156 3
146 159 157 3
146 159 158 3
146 159 159 3
147 140 140 3
147 140 141 3
147 140 142 3
147 140 144 3
147 140 145 3
147 140 146 3
147 140 147 3
147 140 148 3
147 140 149 3
147 140 150 3
147 140 151 3
147 140 152 3
147 140 153 3
147 140 154 3
147 140 155 3
147 140 156 3
147 140 158 3
147 140 159 3
147 141 140 3
147 141 142 3
147 141 143 3
147 141 144 3
147 141 146 3
147 141 147 3
147 141 148 3
147 141 149 3
147 141 150 3
147 141 153 3
147 141 154 3
147 141 155 3
147 141 157 3
147 142 140 3
147 142 141 3
147 142 142 3
147 142 143 3
147 142 144 3
147 142 148 3
147 142 149 3
147 142 150 3
147 142 151 3
147 142 152 3
147 142 156 3
147 142 157 3
147 142 159 3
147 143 140 3
147 143 141 3
147 143 145 3
147 143 146 3
147 143 148 3
147 143 149 3
147 143 150 3
147 143 151 3
147 143 152 3
147 143 154 3
147 143 155 3
147 143 156 3
147 143 157 3
147 143 158 3
147 144 140 3
147 144 141 3
147 144 142 3
147 144 143 3
147 144 144 3
147 144 145 3
147 144 147 3
147 144 149 3
147 144 150 3
147 144 152 3
147 144 153 3
147 144 155 3
147 144 156 3
147 144 157 3
147 144 159 3
147 145 140 3
147 145 141 3
147 145 142 3
147 145 143 3
147 145 144 3
147 145 147 3
147 145 151 3
147 145 152 3
147 145 153 3
147 145 154 3
147 145 155 3
147 145 157 3
147 145 158 3
147 146 140 3
147 146 141 3
147 146 142 3
147 146 143 3
147 146 146 3
147 146 147 3
147 146 151 3
147 146 152 3
147 146 154 3
147 146 155 3
147 146 157 3
147 146 159 3
147 147 140 3
147 147 142 3
147 147 143 3
147 147 145 3
147 147 146 3
147 147 147 3
147 147 149 3
147 147 150 3
147 147 151 3
147 147 153 3
147 147 155 3
147 147 156 3
147 147 157 3
147 147 159 3
147 148 141 3
147 148 143 3
147 148 144 3
147 148 146 3
147 148 147 3
147 148 149 3
147 148 150 3
147 148 151 3
147 148 153 3
147 148 155 3
147 148 158 3
147 149 142 3
147 149 145 3
147 149 146 3
147 149 147 3
147 149 148 3
147 149 150 3
147 149 151 3
147 149 152 3
147 149 153 3
147 149 155 3
147 149 156 3
147 149 157 3
147 149 159 3
147 150 140 3
147 150 141 3
147 150 142 3
147 150 143 3
147 150 144 3
147 150 145 3
147 150 146 3
147 150 148 3
147 150 149 3
147 150 152 3
147 150 153 3
147 150 154 3
147 150 156 3
147 150 158 3
147 150 159 3
147 151 148 3
147 151 149 3
147 151 153 3
147 151 155 3
147 151 156 3
147 151 157 3
147 151 158 3
147 151 159 3
147 152 140 3
147 152 141 3
147 152 143 3
147 152 144 3
147 152 149 3
147 152 151 3
147 152 152 3
147 152 153 3
147 152 154 3
147 152 155 3
147 152 157 3
147 152 158 3
147 152 159 3
147 153 140 3
147 153 141 3
147 153 142 3
147 153 143 3
147 153 144 3
147 153 145 3
147 153 147 3
147 153 149 3
147 153 151 3
147 153 152 3
147 153 154 3
147 153 155 3
147 153 159 3
147 154 140 3
147 154 141 3
147 154 142 3
147 154 144 3
147 154 145 3
147 154 147 3
147 154 148 3
147 154 149 3
147 154 151 3
147 154 152 3
147 154 153 3
147 154 154 3
147 154 157 3
147 154 158 3
147 154 159 3
147 155 142 3
147 155 143 3
147 155 144 3
147 155 146 3
147 155 147 3
147 155 148 3
147 155 150 3
147 155 151 3
147 155 152 3
147 155 153 3
147 155 154 3
147 155 155 3
147 155 156 3
147 155 158 3
147 156 140 3
147 156 141 3
147 156 142 3
147 156 144 3
147 156 145 3
147 156 146 3
147 156 147 3
147 156 148 3
147 156 149 3
147 156 150 3
147 156 151 3
147 156 152 3
147 156 153 3
147 156 154 3
147 156 155 3
147 156 156 3
147 156 157 3
147 156 158 3
147 156 159 3
147 157 140 3
147 157 141 3
147 157 143 3
147 157 144 3
147 157 145 3
147 157 146 3
147 157 147 3
147 157 148 3
147 157 149 3
147 157 150 3
147 157 153 3
147 157 154 3
147 157 155 3
147 157 156 3
147 157 157 3
147 157 159 3
147 158 140 3
147 158 141 3
147 158 142 3
147 158 146 3
147 158 148 3
147 158 149 3
147 158 150 3
147 158 151 3
147 158 153 3
147 158 155 3
147 158 156 3
147 158 158 3
147 158 159 3
147 159 140 3
147 159 141 3
147 159 143 3
147 159 144 3
147 159 145 3
147 159 146 3
147 159 148 3
147 159 149 3
147 159 150 3
147 159 151 3
147 159 153 3
147 159 155 3
147 159 156 3
147 159 157 3
147 159 159 3
148 140 140 3
148 140 141 3
148 140 142 3
148 140 143 3
148 140 145 3
148 140 146 3
148 140 147 3
148 140 148 3
148 140 152 3
148 140 154 3
148 140 156 3
148 140 157 3
148 140 158 3
148 141 140 3
148 141 141 3
148 141 142 3
148 141 143 3
148 141 145 3
148 141 151 3
148 141 152 3
148 141 157 3
148 142 142 3
148 142 143 3
148 142 145 3
148 142 148 3
148 142 150 3
148 142 151 3
148 142 152 3
148 142 153 3
148 142 154 3
148 142 156 3
148 142 157 3
148 142 158 3
148 143 141 3
148 143 142 3
148 143 143 3
148 143 146 3
148 143 147 3
148 143 148 3
148 143 149 3
148 143 150 3
148 143 153 3
148 143 154 3
148 143 155 3
148 143 156 3
148 143 157 3
148 143 158 3
148 143 159 3
148 144 140 3
148 144 141 3
148 144 142 3
148 144 143 3
148 144 145 3
148 144 146 3
148 144 147 3
148 144 149 3
148 144 150 3
148 144 151 3
148 144 154 3
148 144 155 3
148 144 156 3
148 144 157 3
148 144 158 3
148 144 159 3
148 145 140 3
148 145 141 3
148 145 143 3
148 145 145 3
148 145 146 3
148 145 147 3
148 145 148 3
148 145 149 3
148 145 151 3
148 145 152 3
148 145 153 3
148 145 154 3
148 145 156 3
148 145 157 3
148 145 158 3
148 146 140 3
148 146 141 3
148 146 142 3
148 146 144 3
148 146 145 3
148 146 147 3
148 146 150 3
148 146 151 3
148 146 153 3
148 146 155 3
148 146 157 3
148 146 158 3
148 146 159 3
148 147 140 3
148 147 141 3
148 147 142 3
148 147 143 3
148 147 144 3
148 147 145 3
148 147 146 3
148 147 152 3
148 147 153 3
148 147 154 3
148 147 155 3
148 147 156 3
148 147 157 3
148 147 158 3
148 147 159 3
148 148 140 3
148 148 142 3
148 148 143 3
148 148 144 3
148 148 146 3
148 148 147 3
148 148 148 3
148 148 150 3
148 148 151 3
148 148 152 3
148 148 153 3
148 148 154 3
148 148 155 3
148 148 157 3
148 148 158 3
148 149 140 3
148 149 141 3
148 149 144 3
148 149 145 3
148 149 146 3
148 149 147 3
148 149 149 3
148 149 150 3
148 149 152 3
148 149 153 3
148 149 155 3
148 149 157 3
148 149 158 3
148 149 159 3
148 150 143 3
148 150 144 3
148 150 145 3
148 150 146 3
148 150 148 3
148 150 149 3
148 150 150 3
148 150 151 3
148 150 153 3
148 150 154 3
148 150 155 3
148 150 156 3
148 150 157 3
148 151 140 3
148 151 141 3
148 151 142 3
148 151 145 3
148 151 146 3
148 151 147 3
148 151 148 3
148 151 149 3
148 151 150 3
148 151 151 3
148 151 152 3
148 151 153 3
148 151 154 3
148 151 155 3
148 151 156 3
148 151 157 3
148 152 140 3
148 152 141 3
148 152 143 3
148 152 144 3
148 152 145 3
148 152 146 3
148 152 147 3
148 152 149 3
148 152 151 3
148 152 153 3
148 152 154 3
148 152 155 3
148 152 156 3
148 152 157 3
148 153 140 3
148 153 141 3
148 153 142 3
148 153 147 3
148 153 148 3
148 153 150 3
148 153 151 3
148 153 153 3
148 153 154 3
148 153 155 3
148 153 159 3
148 154 140 3
148 154 142 3
148 154 143 3
148 154 144 3
148 154 145 3
148 154 147 3
148 154 148 3
148 154 149 3
148 154 150 3
148 154 152 3
148 154 154 3
148 154 155 3
148 154 156 3
148 154 158 3
148 154 159 3
148 155 140 3
148 155 141 3
148 155 142 3
148 155 143 3
148 155 144 3
148 155 146 3
148 155 147 3
148 155 148 3
148 155 150 3
148 155 151 3
148 155 153 3
148 155 158 3
148 155 159 3
148 156 140 3
148 156 141 3
148 156 142 3
148 156 144 3
148 156 146 3
148 156 148 3
148 156 149 3
148 156 150 3
148 156 151 3
148 156 152 3
148 156 153 3
148 156 155 3
148 156 157 3
148 156 159 3
148 157 140 3
148 157 141 3
148 157 142 3
148 157 144 3
148 157 145 3
148 157 147 3
148 157 148 3
148 157 150 3
148 157 152 3
148 157 153 3
148 157 156 3
148 157 157 3
148 157 159 3
148 158 140 3
148 158 141 3
148 158 142 3
148 158 145 3
148 158 146 3
148 158 148 3
148 158 149 3
148 158 150 3
148 158 151 3
148 158 152 3
148 158 153 3
148 158 156 3
148 158 158 3
148 158 159 3
148 159 140 3
148 159 141 3
148 159 142 3
148 159 143 3
148 159 144 3
148 159 146 3
148 159 148 3
148 159 149 3
148 159 150 3
148 159 154 3
148 159 155 3
148 159 156 3
148 159 157 3
149 140 142 3
149 140 145 3
149 140 146 3
149 140 147 3
149 140 148 3
149 140 149 3
149 140 150 3
149 140 152 3
149 140 155 3
149 140 156 3
149 141 141 3
149 141 142 3
149 141 143 3
149 141 144 3
149 141 145 3
149 141 146 3
149 141 147 3
149 141 148 3
149 141 150 3
149 141 151 3
149 141 152 3
149 141 153 3
149 141 154 3
149 141 155 3
149 141 156 3
149 141 157 3
149 141 158 3
149 142 140 3
149 142 142 3
149 142 143 3
149 142 144 3
149 142 145 3
149 142 146 3
149 142 148 3
149 142 149 3
149 142 150 3
149 142 151 3
149 142 154 3
149 142 155 3
149 142 157 3
149 143 140 3
149 143 143 3
149 143 146 3
149 143 147 3
149 143 148 3
149 143 149 3
149 143 150 3
149 143 153 3
149 143 154 3
149 143 155 3
149 143 156 3
149 143 157 3
149 144 141 3
149 144 142 3
149 144 144 3
149 144 146 3
149 144 148 3
149 144 150 3
149 144 151 3
149 144 154 3
149 144 155 3
149 144 156 3
149 144 157 3
149 144 159 3
149 145 140 3
149 145 142 3
149 145 143 3
149 145 144 3
149 145 145 3
149 145 146 3
149 145 148 3
149 145 149 3
149 145 151 3
149 145 152 3
149 145 153 3
149 145 156 3
149 145 157 3
149 146 140 3
149 146 141 3
149 146 142 3
149 146 143 3
149 146 145 3
149 146 146 3
149 146 149 3
149 146 152 3
149 146 153 3
149 146 154 3
149 146 156 3
149 146 157 3
149 146 158 3
149 146 159 3
149 147 140 3
149 147 141 3
149 147 144 3
149 147 146 3
149 147 148 3
149 147 149 3
149 147 151 3
149 147 152 3
149 147 154 3
149 147 155 3
149 147 156 3
149 147 157 3
149 147 158 3
149 148 140 3
149 148 141 3
149 148 142 3
149 148 145 3
149 148 146 3
149 148 147 3
149 148 149 3
149 148 151 3
149 148 152 3
149 148 153 3
149 148 155 3
149 148 157 3
149 148 158 3
149 149 142 3
149 149 143 3
149 149 144 3
149 149 146 3
149 149 147 3
149 149 149 3
149 149 150 3
149 149 151 3
149 149 153 3
149 149 156 3
149 149 157 3
149 149 158 3
149 149 159 3
149 150 140 3
149 150 141 3
149 150 142 3
149 150 143 3
149 150 144 3
149 150 145 3
149 150 146 3
149 150 147 3
149 150 149 3
149 150 150 3
149 150 152 3
149 150 153 3
149 150 154 3
149 150 155 3
149 150 156 3
149 150 157 3
149 150 158 3
149 151 140 3
149 151 141 3
149 151 142 3
149 151 143 3
149 151 144 3
149 151 145 3
149 151 146 3
149 151 147 3
149 151 148 3
149 151 150 3
149 151 152 3
149 151 153 3
149 151 154 3
149 151 156 3
149 151 157 3
149 152 141 3
149 152 142 3
149 152 143 3
149 152 144 3
149 152 145 3
149 152 146 3
149 152 149 3
149 152 150 3
149 152 152 3
149 152 154 3
149 152 155 3
149 152 157 3
149 152 158 3
149 153 140 3
149 153 141 3
149 153 145 3
149 153 146 3
149 153 149 3
149 153 150 3
149 153 151 3
149 153 152 3
149 153 154 3
149 153 155 3
149 153 156 3
149 153 158 3
149 153 159 3
149 154 140 3
149 154 144 3
149 154 147 3
149 154 148 3
149 154 150 3
149 154 152 3
149 154 153 3
149 154 156 3
149 154 157 3
149 155 140 3
149 155 143 3
149 155 144 3
149 155 145 3
149 155 147 3
149 155 148 3
149 155 149 3
149 155 150 3
149 155 154 3
149 155 156 3
149 155 159 3
149 156 140 3
149 156 141 3
149 156 142 3
149 156 143 3
149 156 144 3
149 156 146 3
149 156 149 3
149 156 150 3
149 156 151 3
149 156 152 3
149 156 153 3
149 156 157 3
149 156 158 3
149 156 159 3
149 157 140 3
149 157 141 3
149 157 142 3
149 157 143 3
149 157 144 3
149 157 145 3
149 157 146 3
149 157 147 3
149 157 151 3
149 157 152 3
149 157 153 3
149 157 154 3
149 157 157 3
149 157 158 3
149 158 142 3
149 158 143 3
149 158 144 3
149 158 145 3
149 158 146 3
149 158 147 3
149 158 148 3
149 158 149 3
149 158 150 3
149 158 151 3
149 158 153 3
149 158 154 3
149 158 155 3
149 158 156 3
149 158 158 3
149 159 140 3
149 159 141 3
149 159 143 3
149 159 145 3
149 159 146 3
149 159 147 3
149 159 148 3
149 159 150 3
149 159 153 3
149 159 154 3
149 159 156 3
149 159 157 3
149 159 158 3
149 159 159 3
150 140 140 3
150 140 143 3
150 140 144 3
150 140 146 3
150 140 147 3
150 140 149 3
150 140 151 3
150 140 153 3
150 140 154 3
150 140 155 3
150 140 156 3
150 140 157 3
150 140 158 3
150 140 159 3
150 141 140 3
150 141 141 3
150 141 143 3
150 141 145 3
150 141 146 3
150 141 147 3
150 141 148 3
150 141 149 3
150 141 150 3
150 141 152 3
150 141 153 3
150 141 154 3
150 141 155 3
150 141 156 3
150 141 157 3
150 141 158 3
150 141 159 3
150 142 140 3
150 142 144 3
150 142 145 3
150 142 147 3
150 142 148 3
150 142 150 3
150 142 152 3
150 142 153 3
150 142 154 3
150 142 157 3
150 142 158 3
150 142 159 3
150 143 140 3
150 143 141 3
150 143 142 3
150 143 144 3
150 143 145 3
150 143 147 3
150 143 148 3
150 143 149 3
150 143 150 3
150 143 152 3
150 143 155 3
150 143 156 3
150 143 158 3
150 143 159 3
150 144 140 3
150 144 142 3
150 144 143 3
150 144 145 3
150 144 146 3
150 144 148 3
150 144 149 3
150 144 150 3
150 144 151 3
150 144 152 3
150 144 153 3
150 144 154 3
150 144 157 3
150 144 158 3
150 145 144 3
150 145 147 3
150 145 148 3
150 145 150 3
150 145 151 3
150 145 153 3
150 145 154 3
150 145 156 3
150 145 157 3
150 145 158 3
150 146 141 3
150 146 142 3
150 146 143 3
150 146 144 3
150 146 145 3
150 146 147 3
150 146 148 3
150 146 149 3
150 146 150 3
150 146 151 3
150 146 153 3
150 146 154 3
150 146 156 3
150 146 157 3
150 146 158 3
150 146 159 3
150 147 140 3
150 147 141 3
150 147 142 3
150 147 143 3
150 147 144 3
150 147 145 3
150 147 147 3
150 147 148 3
150 147 149 3
150 147 150 3
150 147 151 3
150 147 153 3
150 147 154 3
150 147 155 3
150 147 159 3
150 148 141 3
150 148 142 3
150 148 143 3
150 148 144 3
150 148 147 3
150 148 149 3
150 148 150 3
150 148 152 3
150 148 153 3
150 148 154 3
150 148 156 3
150 148 157 3
150 148 158 3
150 149 140 3
150 149 141 3
150 149 143 3
150 149 145 3
150 149 146 3
150 149 147 3
150 149 149 3
150 149 150 3
150 149 151 3
150 149 152 3
150 149 155 3
150 149 156 3
150 149 157 3
150 149 159 3
150 150 140 3
150 150 142 3
150 150 143 3
150 150 144 3
150 150 145 3
150 150 148 3
150 150 150 3
150 150 151 3
150 150 153 3
150 150 154 3
150 150 155 3
150 150 157 3
150 150 158 3
150 150 159 3
150 151 140 3
150 151 142 3
150 151 143 3
150 151 145 3
150 151 146 3
150 151 147 3
150 151 148 3
150 151 149 3
150 151 151 3
150 151 152 3
150 151 154 3
150 151 158 3
150 152 140 3
150 152 141 3
150 152 143 3
150 152 145 3
150 152 146 3
150 152 147 3
150 152 149 3
150 152 150 3
150 152 152 3
150 152 155 3
150 152 156 3
150 152 157 3
150 152 158 3
150 152 159 3
150 153 141 3
150 153 142 3
150 153 145 3
150 153 147 3
150 153 148 3
150 153 149 3
150 153 150 3
150 153 151 3
150 153 152 3
150 153 153 3
150 153 154 3
150 153 155 3
150 153 156 3
150 153 157 3
150 153 158 3
150 154 140 3
150 154 142 3
150 154 144 3
150 154 146 3
150 154 147 3
150 154 148 3
150 154 150 3
150 154 153 3
150 154 155 3
150 154 157 3
150 154 158 3
150 154 159 3
150 155 140 3
150 155 142 3
150 155 143 3
150 155 144 3
150 155 146 3
150 155 148 3
150 155 150 3
150 155 152 3
150 155 153 3
150 155 154 3
150 155 156 3
150 155 157 3
150 155 158 3
150 155 159 3
150 156 142 3
150 156 143 3
150 156 145 3
150 156 152 3
150 156 155 3
150 156 156 3
150 156 157 3
150 156 158 3
150 157 140 3
150 157 141 3
150 157 145 3
150 157 148 3
150 157 149 3
150 157 150 3
150 157 151 3
150 157 152 3
150 157 153 3
150 157 154 3
150 157 155 3
150 157 156 3
150 157 157 3
150 158 142 3
150 158 145 3
150 158 146 3
150 158 147 3
150 158 148 3
150 158 149 3
150 158 150 3
150 158 153 3
150 158 155 3
150 158 157 3
150 158 158 3
150 159 140 3
150 159 141 3
150 159 142 3
150 159 143 3
150 159 146 3
150 159 147 3
150 159 149 3
150 159 150 3
150 159 153 3
150 159 154 3
150 159 155 3
150 159 156 3
150 159 157 3
150 159 158 3
151 140 141 3
151 140 142 3
151 140 143 3
151 140 147 3
151 140 148 3
151 140 149 3
151 140 150 3
151 140 151 3
151 140 152 3
151 140 153 3
151 140 156 3
151 140 157 3
151 140 158 3
151 140 159 3
151 141 140 3
151 141 141 3
151 141 142 3
151 141 143 3
151 141 145 3
151 141 146 3
151 141 149 3
151 141 151 3
151 141 153 3
151 141 156 3
151 141 158 3
151 141 159 3
151 142 140 3
151 142 141 3
151 142 143 3
151 142 144 3
151 142 146 3
151 142 147 3
151 142 148 3
151 142 150 3
151 142 152 3
151 142 153 3
151 142 154 3
151 142 156 3
151 142 157 3
151 143 141 3
151 143 142 3
151 143 143 3
151 143 144 3
151 143 147 3
151 143 148 3
151 143 149 3
151 143 151 3
151 143 152 3
151 143 154 3
151 143 155 3
151 143 156 3
151 143 157 3
151 144 141 3
151 144 142 3
151 144 143 3
151 144 144 3
151 144 145 3
151 144 146 3
151 144 147 3
151 144 148 3
151 144 150 3
151 144 154 3
151 144 156 3
151 144 157 3
151 144 158 3
151 144 159 3
151 145 141 3
151 145 142 3
151 145 143 3
151 145 144 3
151 145 145 3
151 145 147 3
151 145 148 3
151 145 149 3
151 145 150 3
151 145 151 3
151 145 152 3
151 145 153 3
151 145 154 3
151 145 155 3
151 145 156 3
151 145 157 3
151 145 158 3
151 145 159 3
151 146 143 3
151 146 144 3
151 146 145 3
151 146 146 3
151 146 148 3
151 146 151 3
151 146 152 3
151 146 153 3
151 146 154 3
151 146 155 3
151 146 156 3
151 146 157 3
151 146 158 3
151 146 159 3
151 147 141 3
151 147 142 3
151 147 143 3
151 147 144 3
151 147 147 3
151 147 148 3
151 147 149 3
151 147 152 3
151 147 154 3
151 147 155 3
151 147 156 3
151 147 157 3
151 147 158 3
151 148 140 3
151 148 141 3
151 148 142 3
151 148 144 3
151 148 145 3
151 148 147 3
151 148 148 3
151 148 149 3
151 148 151 3
151 148 153 3
151 148 154 3
151 148 155 3
151 148 156 3
151 148 157 3
151 148 158 3
151 148 159 3
151 149 140 3
151 149 141 3
151 149 142 3
151 149 143 3
151 149 144 3
151 149 145 3
151 149 146 3
151 149 147 3
151 149 148 3
151 149 149 3
151 149 150 3
151 149 151 3
151 149 152 3
151 149 153 3
151 149 154 3
151 149 155 3
151 149 156 3
151 149 157 3
151 149 159 3
151 150 140 3
151 150 141 3
151 150 142 3
151 150 144 3
151 150 145 3
151 150 146 3
151 150 149 3
151 150 150 3
151 150 151 3
151 150 152 3
151 150 155 3
151 150 158 3
151 151 140 3
151 151 141 3
151 151 143 3
151 151 148 3
151 151 150 3
151 151 152 3
151 151 153 3
151 151 155 3
151 151 156 3
151 151 157 3
151 151 158 3
151 151 159 3
151 152 140 3
151 152 141 3
151 152 142 3
151 152 144 3
151 152 146 3
151 152 147 3
151 152 149 3
151 152 151 3
151 152 152 3
151 152 154 3
151 152 155 3
151 152 156 3
151 152 157 3
151 152 158 3
151 153 141 3
151 153 143 3
151 153 144 3
151 153 145 3
151 153 146 3
151 153 149 3
151 153 152 3
151 153 153 3
151 153 156 3
151 153 157 3
151 153 159 3
151 154 142 3
151 154 143 3
151 154 144 3
151 154 145 3
151 154 146 3
151 154 147 3
151 154 148 3
151 154 149 3
151 154 150 3
151 154 153 3
151 154 154 3
151 154 155 3
151 154 156 3
151 154 158 3
151 155 140 3
151 155 141 3
151 155 144 3
151 155 145 3
151 155 146 3
151 155 148 3
151 155 152 3
151 155 153 3
151 155 156 3
151 155 157 3
151 155 159 3
151 156 140 3
151 156 142 3
151 156 143 3
151 156 144 3
151 156 146 3
151 156 147 3
151 156 149 3
151 156 150 3
151 156 151 3
151 156 152 3
151 156 153 3
151 156 154 3
151 156 156 3
151 156 157 3
151 156 159 3
151 157 141 3
151 157 142 3
151 157 144 3
151 157 146 3
151 157 147 3
151 157 148 3
151 157 150 3
151 157 151 3
151 157 152 3
151 157 153 3
151 157 155 3
151 157 156 3
151 157 157 3
151 157 158 3
151 157 159 3
151 158 140 3
151 158 141 3
151 158 143 3
151 158 144 3
151 158 145 3
151 158 147 3
151 158 148 3
151 158 151 3
151 158 154 3
151 158 155 3
151 158 158 3
151 159 140 3
151 159 142 3
151 159 145 3
151 159 147 3
151 159 149 3
151 159 151 3
151 159 153 3
151 159 155 3
151 159 156 3
151 159 157 3
151 159 158 3
151 159 159 3
152 140 140 3
152 140 141 3
152 140 143 3
152 140 144 3
152 140 145 3
152 140 147 3
152 140 148 3
152 140 149 3
152 140 150 3
152 140 151 3
152 140 152 3
152 140 153 3
152 140 154 3
152 140 155 3
152 140 156 3
152 140 158 3
152 141 140 3
152 141 141 3
152 141 143 3
152 141 148 3
152 141 150 3
152 141 151 3
152 141 152 3
152 141 153 3
152 141 157 3
152 141 158 3
152 142 140 3
152 142 144 3
152 142 146 3
152 142 147 3
152 142 148 3
152 142 149 3
152 142 150 3
152 142 151 3
152 142 152 3
152 142 154 3
152 142 155 3
152 142 156 3
152 142 157 3
152 142 158 3
152 142 159 3
152 143 140 3
152 143 141 3
152 143 142 3
152 143 143 3
152 143 144 3
152 143 145 3
152 143 146 3
152 143 150 3
152 143 151 3
152 143 153 3
152 143 154 3
152 143 156 3
152 143 157 3
152 143 158 3
152 143 159 3
152 144 141 3
152 144 143 3
152 144 144 3
152 144 145 3
152 144 146 3
152 144 147 3
152 144 148 3
152 144 149 3
152 144 152 3
152 144 153 3
152 144 154 3
152 144 155 3
152 145 141 3
152 145 142 3
152 145 143 3
152 145 144 3
152 145 145 3
152 145 146 3
152 145 147 3
152 145 149 3
152 145 150 3
152 145 152 3
152 145 155 3
152 145 156 3
152 145 157 3
152 145 158 3
152 146 140 3
152 146 141 3
152 146 143 3
152 146 145 3
152 146 147 3
152 146 152 3
152 146 153 3
152 146 154 3
152 146 155 3
152 146 156 3
152 146 157 3
152 146 158 3
152 146 159 3
152 147 140 3
152 147 142 3
152 147 144 3
152 147 145 3
152 147 146 3
152 147 147 3
152 147 149 3
152 147 150 3
152 147 153 3
152 147 154 3
152 147 155 3
152 147 157 3
152 147 158 3
152 147 159 3
152 148 140 3
152 148 141 3
152 148 142 3
152 148 144 3
152 148 147 3
152 148 148 3
152 148 149 3
152 148 150 3
152 148 151 3
152 148 152 3
152 148 153 3
152 148 154 3
152 148 155 3
152 148 156 3
152 148 157 3
152 148 158 3
152 148 159 3
152 149 143 3
152 149 146 3
152 149 147 3
152 149 150 3
152 149 153 3
152 149 154 3
152 149 155 3
152 149 157 3
152 149 158 3
152 150 142 3
152 150 143 3
152 150 144 3
152 150 145 3
152 150 146 3
152 150 147 3
152 150 148 3
152 150 149 3
152 150 150 3
152 150 151 3
152 150 152 3
152 150 154 3
152 150 155 3
152 150 157 3
152 150 158 3
152 150 159 3
152 151 143 3
152 151 144 3
152 151 145 3
152 151 146 3
152 151 147 3
152 151 148 3
152 151 150 3
152 151 151 3
152 151 152 3
152 151 153 3
152 151 154 3
152 151 156 3
152 151 157 3
152 151 159 3
152 152 141 3
152 152 142 3
152 152 143 3
152 152 144 3
152 152 146 3
152 152 147 3
152 152 149 3
152 152 150 3
152 152 152 3
152 152 153 3
152 152 154 3
152 152 155 3
152 152 156 3
152 152 157 3
152 152 159 3
152 153 140 3
152 153 142 3
152 153 143 3
152 153 144 3
152 153 145 3
152 153 146 3
152 153 147 3
152 153 150 3
152 153 152 3
152 153 153 3
152 153 154 3
152 153 155 3
152 153 158 3
152 153 159 3
152 154 140 3
152 154 141 3
152 154 142 3
152 154 144 3
152 154 146 3
152 154 147 3
152 154 148 3
152 154 150 3
152 154 151 3
152 154 152 3
152 154 154 3
152 154 155 3
152 154 156 3
152 154 157 3
152 154 158 3
152 154 159 3
152 155 141 3
152 155 145 3
152 155 146 3
152 155 150 3
152 155 151 3
152 155 152 3
152 155 153 3
152 155 154 3
152 155 155 3
152 155 156 3
152 155 157 3
152 155 158 3
152 155 159 3
152 156 140 3
152 156 141 3
152 156 144 3
152 156 145 3
152 156 146 3
152 156 147 3
152 156 148 3
152 156 149 3
152 156 150 3
152 156 151 3
152 156 152 3
152 156 153 3
152 156 156 3
152 156 159 3
152 157 140 3
152 157 141 3
152 157 143 3
152 157 145 3
152 157 147 3
152 157 148 3
152 157 149 3
152 157 150 3
152 157 151 3
152 157 152 3
152 157 153 3
152 157 154 3
152 157 155 3
152 157 156 3
152 157 158 3
152 157 159 3
152 158 141 3
152 158 142 3
152 158 143 3
152 158 145 3
152 158 146 3
152 158 147 3
152 158 149 3
152 158 151 3
152 158 152 3
152 158 153 3
152 158 156 3
152 158 158 3
152 158 159 3
152 159 140 3
152 159 142 3
152 159 143 3
152 159 144 3
152 159 145 3
152 159 147 3
152 159 148 3
152 159 150 3
152 159 153 3
152 159 154 3
152 159 155 3
152 159 157 3
152 159 158 3
152 159 159 3
153 140 140 3
153 140 141 3
153 140 142 3
153 140 143 3
153 140 144 3
153 140 145 3
153 140 146 3
153 140 147 3
153 140 149 3
153 140 151 3
153 140 152 3
153 140 153 3
153 140 154 3
153 140 157 3
153 140 158 3
153 141 140 3
153 141 141 3
153 141 142 3
153 141 143 3
153 141 144 3
153 141 147 3
153 141 148 3
153 141 149 3
153 141 151 3
153 141 152 3
153 141 153 3
153 141 156 3
153 141 157 3
153 141 159 3
153 142 140 3
153 142 142 3
153 142 145 3
153 142 148 3
153 142 153 3
153 142 154 3
153 142 155 3
153 142 156 3
153 142 157 3
153 142 158 3
153 143 140 3
153 143 141 3
153 143 143 3
153 143 144 3
153 143 147 3
153 143 150 3
153 143 151 3
153 143 152 3
153 143 153 3
153 143 154 3
153 143 155 3
153 143 156 3
153 143 157 3
153 143 158 3
153 144 140 3
153 144 141 3
153 144 143 3
153 144 146 3
153 144 147 3
153 144 150 3
153 144 151 3
153 144 152 3
153 144 155 3
153 144 156 3
153 144 157 3
153 144 158 3
153 144 159 3
153 145 140 3
153 145 141 3
153 145 144 3
153 145 145 3
153 145 146 3
153 145 147 3
153 145 148 3
153 145 150 3
153 145 151 3
153 145 157 3
153 145 158 3
153 145 159 3
153 146 141 3
153 146 142 3
153 146 143 3
153 146 144 3
153 146 145 3
153 146 146 3
153 146 147 3
153 146 148 3
153 146 149 3
153 146 150 3
153 146 151 3
153 146 152 3
153 146 155 3
153 146 156 3
153 146 159 3
153 147 140 3
153 147 142 3
153 147 143 3
153 147 145 3
153 147 146 3
153 147 147 3
153 147 148 3
153 147 149 3
153 147 150 3
153 147 151 3
153 147 152 3
153 147 153 3
153 147 154 3
153 147 155 3
153 147 157 3
153 147 158 3
153 147 159 3
153 148 141 3
153 148 142 3
153 148 144 3
153 148 146 3
153 148 151 3
153 148 152 3
153 148 153 3
153 148 154 3
153 148 155 3
153 148 156 3
153 148 157 3
153 148 158 3
153 148 159 3
153 149 141 3
153 149 142 3
153 149 144 3
153 149 145 3
153 149 149 3
153 149 151 3
153 149 152 3
153 149 153 3
153 149 154 3
153 149 155 3
153 149 156 3
153 149 157 3
153 149 159 3
153 150 141 3
153 150 142 3
153 150 143 3
153 150 146 3
153 150 147 3
153 150 148 3
153 150 149 3
153 150 150 3
153 150 151 3
153 150 155 3
153 150 157 3
153 151 140 3
153 151 143 3
153 151 144 3
153 151 145 3
153 151 147 3
153 151 148 3
153 151 149 3
153 151 152 3
153 151 153 3
153 151 154 3
153 151 157 3
153 151 159 3
153 152 142 3
153 152 143 3
153 152 144 3
153 152 145 3
153 152 146 3
153 152 147 3
153 152 149 3
153 152 150 3
153 152 151 3
153 152 155 3
153 152 156 3
153 152 157 3
153 152 159 3
153 153 142 3
153 153 143 3
153 153 145 3
153 153 146 3
153 153 147 3
153 153 148 3
153 153 149 3
153 153 150 3
153 153 151 3
153 153 152 3
153 153 155 3
153 153 157 3
153 153 158 3
153 154 141 3
153 154 142 3
153 154 143 3
153 154 146 3
153 154 147 3
153 154 148 3
153 154 149 3
153 154 151 3
153 154 152 3
153 154 153 3
153 154 154 3
153 154 155 3
153 154 156 3
153 154 159 3
153 155 140 3
153 155 143 3
153 155 145 3
153 155 146 3
153 155 147 3
153 155 148 3
153 155 149 3
153 155 150 3
153 155 151 3
153 155 154 3
153 155 155 3
153 155 156 3
153 155 158 3
153 156 140 3
153 156 141 3
153 156 142 3
153 156 143 3
153 156 144 3
153 156 145 3
153 156 146 3
153 156 147 3
153 156 148 3
153 156 149 3
153 156 150 3
153 156 153 3
153 156 154 3
153 156 155 3
153 156 156 3
153 156 159 3
153 157 140 3
153 157 141 3
153 157 142 3
153 157 144 3
153 157 145 3
153 157 147 3
153 157 148 3
153 157 149 3
153 157 152 3
153 157 153 3
153 157 154 3
153 157 156 3
153 157 157 3
153 157 158 3
153 157 159 3
153 158 140 3
153 158 142 3
153 158 143 3
153 158 145 3
153 158 146 3
153 158 147 3
153 158 148 3
153 158 149 3
153 158 150 3
153 158 152 3
153 158 154 3
153 158 155 3
153 158 156 3
153 158 157 3
153 158 158 3
153 158 159 3
153 159 140 3
153 159 142 3
153 159 144 3
153 159 145 3
153 159 146 3
153 159 148 3
153 159 149 3
153 159 150 3
153 159 151 3
153 159 152 3
153 159 155 3
153 159 156 3
153 159 157 3
153 159 158 3
153 159 159 3
154 140 140 3
154 140 141 3
154 140 143 3
154 140 145 3
154 140 147 3
154 140 148 3
154 140 149 3
154 140 150 3
154 140 152 3
154 140 153 3
154 140 154 3
154 140 155 3
154 140 156 3
154 140 157 3
154 141 141 3
154 141 144 3
154 141 145 3
154 141 149 3
154 141 150 3
154 141 151 3
154 141 154 3
154 141 156 3
154 141 157 3
154 141 158 3
154 141 159 3
154 142 140 3
154 142 141 3
154 142 142 3
154 142 143 3
154 142 144 3
154 142 145 3
154 142 146 3
154 142 148 3
154 142 151 3
154 142 153 3
154 142 154 3
154 142 155 3
154 142 156 3
154 142 157 3
154 142 159 3
154 143 140 3
154 143 141 3
154 143 142 3
154 143 143 3
154 143 144 3
154 143 145 3
154 143 146 3
154 143 147 3
154 143 148 3
154 143 150 3
154 143 151 3
154 143 152 3
154 143 153 3
154 143 154 3
154 143 155 3
154 143 156 3
154 143 157 3
154 143 158 3
154 144 141 3
154 144 142 3
154 144 143 3
154 144 148 3
154 144 149 3
154 144 151 3
154 144 153 3
154 144 154 3
154 144 155 3
154 144 157 3
154 144 159 3
154 145 141 3
154 145 142 3
154 145 143 3
154 145 144 3
154 145 145 3
154 145 148 3
154 145 154 3
154 145 155 3
154 145 156 3
154 145 158 3
154 145 159 3
154 146 140 3
154 146 141 3
154 146 142 3
154 146 143 3
154 146 144 3
154 146 146 3
154 146 147 3
154 146 148 3
154 146 149 3
154 146 150 3
154 146 151 3
154 146 152 3
154 146 153 3
154 146 154 3
154 146 155 3
154 146 156 3
154 146 157 3
154 146 158 3
154 147 140 3
154 147 142 3
154 147 143 3
154 147 144 3
154 147 146 3
154 147 147 3
154 147 148 3
154 147 150 3
154 147 151 3
154 147 152 3
154 147 154 3
154 147 155 3
154 147 156 3
154 147 158 3
154 148 140 3
154 148 143 3
154 148 147 3
154 148 148 3
154 148 149 3
154 148 150 3
154 148 151 3
154 148 152 3
154 148 153 3
154 148 154 3
154 148 155 3
154 148 156 3
154 148 157 3
154 148 158 3
154 148 159 3
154 149 141 3
154 149 143 3
154 149 145 3
154 149 146 3
154 149 148 3
154 149 150 3
154 149 151 3
154 149 154 3
154 149 156 3
154 149 157 3
154 150 140 3
154 150 142 3
154 150 144 3
154 150 145 3
154 150 146 3
154 150 147 3
154 150 150 3
154 150 151 3
154 150 154 3
154 150 155 3
154 150 157 3
154 150 158 3
154 150 159 3
154 151 142 3
154 151 143 3
154 151 144 3
154 151 145 3
154 151 148 3
154 151 149 3
154 151 150 3
154 151 152 3
154 151 153 3
154 151 154 3
154 151 156 3
154 151 157 3
154 151 159 3
154 152 140 3
154 152 141 3
154 152 142 3
154 152 143 3
154 152 147 3
154 152 148 3
154 152 150 3
154 152 151 3
154 152 152 3
154 152 153 3
154 152 154 3
154 152 155 3
154 152 157 3
154 153 140 3
154 153 141 3
154 153 142 3
154 153 143 3
154 153 144 3
154 153 145 3
154 153 147 3
154 153 149 3
154 153 150 3
154 153 151 3
154 153 155 3
154 153 157 3
154 153 158 3
154 153 159 3
154 154 140 3
154 154 141 3
154 154 143 3
154 154 144 3
154 154 145 3
154 154 146 3
154 154 148 3
154 154 149 3
154 154 150 3
154 154 151 3
154 154 152 3
154 154 154 3
154 154 155 3
154 154 157 3
154 154 158 3
154 154 159 3
154 155 140 3
154 155 141 3
154 155 142 3
154 155 143 3
154 155 144 3
154 155 147 3
154 155 148 3
154 155 150 3
154 155 151 3
154 155 152 3
154 155 153 3
154 155 154 3
154 155 155 3
154 155 159 3
154 156 140 3
154 156 141 3
154 156 143 3
154 156 145 3
154 156 147 3
154 156 148 3
154 156 149 3
154 156 150 3
154 156 151 3
154 156 152 3
154 156 153 3
154 156 154 3
154 156 156 3
154 156 157 3
154 156 158 3
154 156 159 3
154 157 140 3
154 157 141 3
154 157 142 3
154 157 143 3
154 157 144 3
154 157 145 3
154 157 146 3
154 157 147 3
154 157 148 3
154 157 149 3
154 157 150 3
154 157 151 3
154 157 153 3
154 157 157 3
154 157 158 3
154 158 143 3
154 158 146 3
154 158 147 3
154 158 148 3
154 158 149 3
154 158 150 3
154 158 152 3
154 158 153 3
154 158 155 3
154 158 156 3
154 158 157 3
154 158 158 3
154 158 159 3
154 159 140 3
154 159 141 3
154 159 142 3
154 159 143 3
154 159 144 3
154 159 145 3
154 159 146 3
154 159 148 3
154 159 149 3
154 159 150 3
154 159 151 3
154 159 152 3
154 159 153 3
154 159 154 3
154 159 157 3
155 140 142 3
155 140 143 3
155 140 144 3
155 140 147 3
155 140 148 3
155 140 149 3
155 140 150 3
155 140 151 3
155 140 152 3
155 140 156 3
155 140 157 3
155 140 158 3
155 140 159 3
155 141 140 3
155 141 142 3
155 141 143 3
155 141 144 3
155 141 145 3
155 141 146 3
155 141 147 3
155 141 148 3
155 141 150 3
155 141 151 3
155 141 152 3
155 141 153 3
155 141 154 3
155 141 155 3
155 141 158 3
155 141 159 3
155 142 140 3
155 142 144 3
155 142 145 3
155 142 146 3
155 142 147 3
155 142 148 3
155 142 149 3
155 142 155 3
155 142 156 3
155 142 157 3
155 142 159 3
155 143 143 3
155 143 144 3
155 143 145 3
155 143 146 3
155 143 147 3
155 143 148 3
155 143 149 3
155 143 150 3
155 143 151 3
155 143 152 3
155 143 153 3
155 143 157 3
155 143 158 3
155 143 159 3
155 144 145 3
155 144 147 3
155 144 148 3
155 144 150 3
155 144 151 3
155 144 152 3
155 144 154 3
155 144 155 3
155 144 156 3
155 144 159 3
155 145 140 3
155 145 141 3
155 145 142 3
155 145 143 3
155 145 145 3
155 145 146 3
155 145 147 3
155 145 148 3
155 145 149 3
155 145 151 3
155 145 152 3
155 145 153 3
155 145 154 3
155 145 156 3
155 145 157 3
155 145 158 3
155 146 143 3
155 146 145 3
155 146 147 3
155 146 148 3
155 146 150 3
155 146 151 3
155 146 152 3
155 146 153 3
155 146 154 3
155 146 155 3
155 146 156 3
155 146 157 3
155 147 141 3
155 147 142 3
155 147 143 3
155 147 144 3
155 147 146 3
155 147 147 3
155 147 149 3
155 147 150 3
155 147 151 3
155 147 153 3
155 147 154 3
155 147 155 3
155 147 156 3
155 147 157 3
155 147 158 3
155 147 159 3
155 148 140 3
155 148 141 3
155 148 142 3
155 148 145 3
155 148 147 3
155 148 148 3
155 148 151 3
155 148 152 3
155 148 153 3
155 148 157 3
155 148 158 3
155 148 159 3
155 149 140 3
155 149 141 3
155 149 142 3
155 149 143 3
155 149 146 3
155 149 147 3
155 149 148 3
155 149 149 3
155 149 151 3
155 149 152 3
155 149 153 3
155 149 154 3
155 149 156 3
155 149 157 3
155 150 140 3
155 150 141 3
155 150 142 3
155 150 143 3
155 150 144 3
155 150 145 3
155 150 146 3
155 150 147 3
155 150 151 3
155 150 153 3
155 150 154 3
155 150 155 3
155 150 156 3
155 150 157 3
155 150 158 3
155 150 159 3
155 151 140 3
155 151 142 3
155 151 147 3
155 151 148 3
155 151 150 3
155 151 151 3
155 151 152 3
155 151 154 3
155 151 156 3
155 151 159 3
155 152 140 3
155 152 141 3
155 152 142 3
155 152 143 3
155 152 144 3
155 152 149 3
155 152 150 3
155 152 151 3
155 152 152 3
155 152 153 3
155 152 155 3
155 152 156 3
155 152 157 3
155 152 158 3
155 152 159 3
155 153 140 3
155 153 142 3
155 153 143 3
155 153 144 3
155 153 145 3
155 153 146 3
155 153 147 3
155 153 149 3
155 153 150 3
155 153 151 3
155 153 152 3
155 153 155 3
155 153 156 3
155 153 158 3
155 154 141 3
155 154 142 3
155 154 143 3
155 154 145 3
155 154 147 3
155 154 148 3
155 154 152 3
155 154 154 3
155 154 156 3
155 154 158 3
155 154 159 3
155 155 140 3
155 155 141 3
155 155 142 3
155 155 143 3
155 155 144 3
155 155 145 3
155 155 146 3
155 155 147 3
155 155 148 3
155 155 149 3
155 155 151 3
155 155 153 3
155 155 154 3
155 155 156 3
155 155 157 3
155 155 159 3
155 156 140 3
155 156 143 3
155 156 145 3
155 156 146 3
155 156 149 3
155 156 151 3
155 156 152 3
155 156 153 3
155 156 155 3
155 156 156 3
155 156 157 3
155 157 140 3
155 157 142 3
155 157 143 3
155 157 144 3
155 157 145 3
155 157 148 3
155 157 149 3
155 157 150 3
155 157 151 3
155 157 152 3
155 157 153 3
155 157 154 3
155 157 155 3
155 157 157 3
155 157 158 3
155 157 159 3
155 158 140 3
155 158 141 3
155 158 142 3
155 158 144 3
155 158 145 3
155 158 146 3
155 158 148 3
155 158 149 3
155 158 152 3
155 158 153 3
155 158 154 3
155 158 155 3
155 158 157 3
155 158 159 3
155 159 141 3
155 159 142 3
155 159 144 3
155 159 145 3
155 159 146 3
155 159 148 3
155 159 149 3
155 159 150 3
155 159 151 3
155 159 152 3
155 159 153 3
155 159 154 3
155 159 156 3
155 159 158 3
156 140 140 3
156 140 142 3
156 140 143 3
156 140 144 3
156 140 145 3
156 140 146 3
156 140 147 3
156 140 148 3
156 140 149 3
156 140 150 3
156 140 152 3
156 140 154 3
156 140 156 3
156 140 157 3
156 140 158 3
156 140 159 3
156 141 140 3
156 141 142 3
156 141 143 3
156 141 144 3
156 141 145 3
156 141 147 3
156 141 148 3
156 141 149 3
156 141 150 3
156 141 151 3
156 141 152 3
156 141 153 3
156 141 155 3
156 141 158 3
156 141 159 3
156 142 141 3
156 142 142 3
156 142 143 3
156 142 144 3
156 142 145 3
156 142 148 3
156 142 149 3
156 142 151 3
156 142 152 3
156 142 154 3
156 142 155 3
156 142 156 3
156 142 157 3
156 142 158 3
156 143 140 3
156 143 143 3
156 143 144 3
156 143 145 3
156 143 146 3
156 143 147 3
156 143 148 3
156 143 150 3
156 143 151 3
156 143 152 3
156 143 153 3
156 143 155 3
156 143 157 3
156 143 158 3
156 143 159 3
156 144 140 3
156 144 141 3
156 144 142 3
156 144 143 3
156 144 144 3
156 144 145 3
156 144 147 3
156 144 149 3
156 144 150 3
156 144 151 3
156 144 152 3
156 144 154 3
156 145 141 3
156 145 142 3
156 145 143 3
156 145 145 3
156 145 146 3
156 145 148 3
156 145 149 3
156 145 150 3
156 145 151 3
156 145 152 3
156 145 153 3
156 145 154 3
156 145 155 3
156 145 156 3
156 145 157 3
156 145 158 3
156 145 159 3
156 146 140 3
156 146 141 3
156 146 143 3
156 146 144 3
156 146 145 3
156 146 146 3
156 146 149 3
156 146 150 3
156 146 151 3
156 146 153 3
156 146 156 3
156 147 141 3
156 147 142 3
156 147 144 3
156 147 145 3
156 147 146 3
156 147 148 3
156 147 149 3
156 147 152 3
156 147 153 3
156 147 155 3
156 147 157 3
156 147 158 3
156 148 140 3
156 148 141 3
156 148 143 3
156 148 144 3
156 148 145 3
156 148 146 3
156 148 147 3
156 148 149 3
156 148 150 3
156 148 152 3
156 148 156 3
156 148 157 3
156 148 159 3
156 149 141 3
156 149 142 3
156 149 143 3
156 149 144 3
156 149 145 3
156 149 146 3
156 149 148 3
156 149 150 3
156 149 151 3
156 149 153 3
156 149 155 3
156 149 156 3
156 149 158 3
156 149 159 3
156 150 140 3
156 150 142 3
156 150 143 3
156 150 145 3
156 150 146 3
156 150 149 3
156 150 151 3
156 150 152 3
156 150 156 3
156 150 157 3
156 150 158 3
156 150 159 3
156 151 140 3
156 151 141 3
156 151 143 3
156 151 146 3
156 151 147 3
156 151 149 3
156 151 151 3
156 151 153 3
156 151 155 3
156 151 156 3
156 151 157 3
156 151 158 3
156 151 159 3
156 152 140 3
156 152 141 3
156 152 142 3
156 152 144 3
156 152 145 3
156 152 150 3
156 152 151 3
156 152 153 3
156 152 155 3
156 152 156 3
156 152 157 3
156 152 158 3
156 153 140 3
156 153 141 3
156 153 142 3
156 153 144 3
156 153 145 3
156 153 146 3
156 153 147 3
156 153 148 3
156 153 150 3
156 153 151 3
156 153 152 3
156 153 154 3
156 153 156 3
156 153 158 3
156 153 159 3
156 154 141 3
156 154 142 3
156 154 143 3
156 154 144 3
156 154 145 3
156 154 148 3
156 154 149 3
156 154 150 3
156 154 153 3
156 154 155 3
156 154 157 3
156 154 158 3
156 154 159 3
156 155 141 3
156 155 142 3
156 155 143 3
156 155 144 3
156 155 145 3
156 155 146 3
156 155 147 3
156 155 148 3
156 155 151 3
156 155 153 3
156 155 154 3
156 155 155 3
156 155 158 3
156 155 159 3
156 156 140 3
156 156 142 3
156 156 143 3
156 156 144 3
156 156 146 3
156 156 148 3
156 156 149 3
156 156 151 3
156 156 152 3
156 156 153 3
156 156 154 3
156 156 155 3
156 156 156 3
156 156 157 3
156 156 159 3
156 157 141 3
156 157 142 3
156 157 143 3
156 157 145 3
156 157 147 3
156 157 148 3
156 157 149 3
156 157 150 3
156 157 151 3
156 157 152 3
156 157 153 3
156 157 154 3
156 157 155 3
156 157 157 3
156 157 159 3
156 158 140 3
156 158 141 3
156 158 143 3
156 158 144 3
156 158 145 3
156 158 147 3
156 158 149 3
156 158 152 3
156 158 153 3
156 158 154 3
156 158 155 3
156 158 156 3
156 158 157 3
156 158 158 3
156 158 159 3
156 159 140 3
156 159 141 3
156 159 146 3
156 159 148 3
156 159 149 3
156 159 151 3
156 159 152 3
156 159 153 3
156 159 154 3
156 159 155 3
156 159 156 3
156 159 157 3
156 159 158 3
156 159 159 3
157 140 141 3
157 140 142 3
157 140 143 3
157 140 145 3
157 140 146 3
157 140 147 3
157 140 148 3
157 140 149 3
157 140 151 3
157 140 154 3
157 140 158 3
157 140 159 3
157 141 140 3
157 141 141 3
157 141 142 3
157 141 143 3
157 141 144 3
157 141 146 3
157 141 148 3
157 141 149 3
157 141 150 3
157 141 152 3
157 141 155 3
157 141 157 3
157 141 158 3
157 141 159 3
157 142 140 3
157 142 141 3
157 142 143 3
157 142 144 3
157 142 145 3
157 142 147 3
157 142 149 3
157 142 150 3
157 142 151 3
157 142 152 3
157 142 153 3
157 142 154 3
157 142 155 3
157 142 156 3
157 142 157 3
157 142 159 3
157 143 141 3
157 143 142 3
157 143 143 3
157 143 144 3
157 143 145 3
157 143 146 3
157 143 147 3
157 143 148 3
157 143 150 3
157 143 151 3
157 143 152 3
157 143 157 3
157 143 158 3
157 144 140 3
157 144 142 3
157 144 144 3
157 144 145 3
157 144 147 3
157 144 148 3
157 144 149 3
157 144 150 3
157 144 152 3
157 144 156 3
157 145 140 3
157 145 141 3
157 145 142 3
157 145 144 3
157 145 146 3
157 145 147 3
157 145 148 3
157 145 150 3
157 145 151 3
157 145 152 3
157 145 153 3
157 145 154 3
157 145 155 3
157 145 156 3
157 145 157 3
157 145 158 3
157 146 140 3
157 146 143 3
157 146 147 3
157 146 148 3
157 146 149 3
157 146 150 3
157 146 153 3
157 146 154 3
157 146 155 3
157 146 156 3
157 146 157 3
157 146 158 3
157 147 140 3
157 147 141 3
157 147 144 3
157 147 145 3
157 147 146 3
157 147 148 3
157 147 150 3
157 147 151 3
157 147 152 3
157 147 153 3
157 147 154 3
157 147 158 3
157 147 159 3
157 148 140 3
157 148 141 3
157 148 142 3
157 148 143 3
157 148 144 3
157 148 145 3
157 148 148 3
157 148 149 3
157 148 150 3
157 148 151 3
157 148 152 3
157 148 153 3
157 148 155 3
157 148 156 3
157 148 157 3
157 148 158 3
157 148 159 3
157 149 140 3
157 149 142 3
157 149 143 3
157 149 144 3
157 149 146 3
157 149 147 3
157 149 149 3
157 149 150 3
157 149 151 3
157 149 152 3
157 149 154 3
157 149 156 3
157 149 158 3
157 150 141 3
157 150 142 3
157 150 143 3
157 150 146 3
157 150 147 3
157 150 149 3
157 150 150 3
157 150 153 3
157 150 157 3
157 150 158 3
157 151 140 3
157 151 141 3
157 151 142 3
157 151 143 3
157 151 145 3
157 151 148 3
157 151 149 3
157 151 150 3
157 151 153 3
157 151 155 3
157 151 156 3
157 151 157 3
157 151 158 3
157 152 140 3
157 152 141 3
157 152 145 3
157 152 146 3
157 152 148 3
157 152 149 3
157 152 150 3
157 152 151 3
157 152 152 3
157 152 153 3
157 152 154 3
157 152 158 3
157 152 159 3
157 153 140 3
157 153 141 3
157 153 142 3
157 153 144 3
157 153 145 3
157 153 146 3
157 153 147 3
157 153 148 3
157 153 151 3
157 153 154 3
157 153 155 3
157 153 156 3
157 153 157 3
157 153 158 3
157 153 159 3
157 154 140 3
157 154 141 3
157 154 145 3
157 154 146 3
157 154 147 3
157 154 148 3
157 154 151 3
157 154 152 3
157 154 153 3
157 154 154 3
157 154 155 3
157 154 157 3
157 154 158 3
157 154 159 3
157 155 141 3
157 155 142 3
157 155 143 3
157 155 145 3
157 155 146 3
157 155 147 3
157 155 148 3
157 155 153 3
157 155 154 3
157 155 156 3
157 156 140 3
157 156 141 3
157 156 144 3
157 156 145 3
157 156 147 3
157 156 148 3
157 156 149 3
157 156 150 3
157 156 151 3
157 156 153 3
157 156 154 3
157 156 156 3
157 156 157 3
157 156 159 3
157 157 141 3
157 157 142 3
157 157 143 3
157 157 144 3
157 157 146 3
157 157 147 3
157 157 148 3
157 157 149 3
157 157 150 3
157 157 151 3
157 157 153 3
157 157 154 3
157 157 156 3
157 157 157 3
157 157 158 3
157 158 142 3
157 158 143 3
157 158 144 3
157 158 145 3
157 158 146 3
157 158 148 3
157 158 149 3
157 158 150 3
157 158 151 3
157 158 155 3
157 158 156 3
157 158 157 3
157 158 158 3
157 159 142 3
157 159 143 3
157 159 144 3
157 159 146 3
157 159 147 3
157 159 148 3
157 159 149 3
157 159 151 3
157 159 152 3
157 159 157 3
157 159 158 3
157 159 159 3
158 140 140 3
158 140 142 3
158 140 144 3
158 140 146 3
158 140 147 3
158 140 149 3
158 140 150 3
158 140 153 3
158 140 154 3
158 140 155 3
158 140 156 3
158 140 157 3
158 140 158 3
158 140 159 3
158 141 141 3
158 141 142 3
158 141 144 3
158 141 146 3
158 141 148 3
158 141 149 3
158 141 150 3
158 141 151 3
158 141 153 3
158 141 154 3
158 141 155 3
158 141 156 3
158 141 157 3
158 141 159 3
158 142 140 3
158 142 141 3
158 142 142 3
158 142 143 3
158 142 144 3
158 142 145 3
158 142 146 3
158 142 147 3
158 142 148 3
158 142 149 3
158 142 151 3
158 142 152 3
158 142 153 3
158 142 156 3
158 142 157 3
158 142 158 3
158 142 159 3
158 143 140 3
158 143 141 3
158 143 142 3
158 143 143 3
158 143 144 3
158 143 145 3
158 143 147 3
158 143 149 3
158 143 152 3
158 143 153 3
158 143 154 3
158 143 155 3
158 143 156 3
158 143 157 3
158 144 141 3
158 144 142 3
158 144 145 3
158 144 147 3
158 144 148 3
158 144 149 3
158 144 150 3
158 144 152 3
158 144 153 3
158 144 155 3
158 144 156 3
158 144 157 3
158 144 158 3
158 145 141 3
158 145 142 3
158 145 143 3
158 145 144 3
158 145 146 3
158 145 147 3
158 145 149 3
158 145 152 3
158 145 153 3
158 145 154 3
158 145 155 3
158 145 156 3
158 146 140 3
158 146 141 3
158 146 142 3
158 146 145 3
158 146 146 3
158 146 147 3
158 146 149 3
158 146 151 3
158 146 152 3
158 146 154 3
158 146 156 3
158 146 157 3
158 146 158 3
158 146 159 3
158 147 140 3
158 147 141 3
158 147 142 3
158 147 143 3
158 147 145 3
158 147 147 3
158 147 148 3
158 147 150 3
158 147 151 3
158 147 152 3
158 147 153 3
158 147 154 3
158 147 158 3
158 148 140 3
158 148 141 3
158 148 142 3
158 148 144 3
158 148 145 3
158 148 147 3
158 148 148 3
158 148 150 3
158 148 151 3
158 148 152 3
158 148 155 3
158 148 156 3
158 148 158 3
158 148 159 3
158 149 140 3
158 149 141 3
158 149 142 3
158 149 143 3
158 149 145 3
158 149 146 3
158 149 147 3
158 149 148 3
158 149 149 3
158 149 150 3
158 149 151 3
158 149 152 3
158 149 153 3
158 149 154 3
158 149 155 3
158 149 157 3
158 149 159 3
158 150 141 3
158 150 143 3
158 150 144 3
158 150 147 3
158 150 148 3
158 150 149 3
158 150 150 3
158 150 151 3
158 150 152 3
158 150 153 3
158 150 154 3
158 150 155 3
158 150 158 3
158 151 141 3
158 151 143 3
158 151 144 3
158 151 146 3
158 151 147 3
158 151 148 3
158 151 149 3
158 151 151 3
158 151 154 3
158 151 155 3
158 151 156 3
158 151 158 3
158 152 140 3
158 152 141 3
158 152 142 3
158 152 146 3
158 152 147 3
158 152 148 3
158 152 150 3
158 152 151 3
158 152 152 3
158 152 153 3
158 152 155 3
158 152 156 3
158 152 157 3
158 153 141 3
158 153 142 3
158 153 143 3
158 153 144 3
158 153 145 3
158 153 146 3
158 153 147 3
158 153 151 3
158 153 152 3
158 153 153 3
158 153 154 3
158 153 155 3
158 153 157 3
158 153 158 3
158 153 159 3
158 154 141 3
158 154 142 3
158 154 143 3
158 154 144 3
158 154 145 3
158 154 147 3
158 154 148 3
158 154 150 3
158 154 153 3
158 154 154 3
158 154 155 3
158 154 157 3
158 154 158 3
158 154 159 3
158 155 140 3
158 155 141 3
158 155 142 3
158 155 143 3
158 155 144 3
158 155 145 3
158 155 146 3
158 155 147 3
158 155 148 3
158 155 150 3
158 155 151 3
158 155 153 3
158 155 154 3
158 155 155 3
158 155 156 3
158 155 157 3
158 155 158 3
158 155 159 3
158 156 140 3
158 156 141 3
158 156 142 3
158 156 144 3
158 156 145 3
158 156 146 3
158 156 147 3
158 156 148 3
158 156 150 3
158 156 152 3
158 156 153 3
158 156 154 3
158 156 155 3
158 156 156 3
158 156 158 3
158 156 159 3
158 157 140 3
158 157 141 3
158 157 142 3
158 157 143 3
158 157 144 3
158 157 145 3
158 157 146 3
158 157 148 3
158 157 149 3
158 157 150 3
158 157 152 3
158 157 154 3
158 157 156 3
158 157 157 3
158 157 158 3
158 157 159 3
158 158 140 3
158 158 143 3
158 158 144 3
158 158 147 3
158 158 149 3
158 158 150 3
158 158 153 3
158 158 156 3
158 158 157 3
158 158 158 3
158 159 140 3
158 159 141 3
158 159 142 3
158 159 143 3
158 159 144 3
158 159 146 3
158 159 147 3
158 159 148 3
158 159 150 3
158 159 152 3
158 159 153 3
158 159 157 3
158 159 158 3
159 140 141 3
159 140 142 3
159 140 143 3
159 140 144 3
159 140 146 3
159 140 147 3
159 140 149 3
159 140 150 3
159 140 153 3
159 140 154 3
159 140 155 3
159 140 158 3
159 141 142 3
159 141 143 3
159 141 145 3
159 141 146 3
159 141 148 3
159 141 150 3
159 141 151 3
159 141 152 3
159 141 153 3
159 141 154 3
159 141 157 3
159 141 159 3
159 142 141 3
159 142 143 3
159 142 144 3
159 142 145 3
159 142 146 3
159 142 147 3
159 142 148 3
159 142 149 3
159 142 150 3
159 142 151 3
159 142 152 3
159 142 153 3
159 142 154 3
159 142 155 3
159 142 156 3
159 142 157 3
159 142 158 3
159 142 159 3
159 143 141 3
159 143 142 3
159 143 144 3
159 143 147 3
159 143 148 3
159 143 149 3
159 143 150 3
159 143 152 3
159 143 153 3
159 143 158 3
159 144 140 3
159 144 141 3
159 144 142 3
159 144 145 3
159 144 146 3
159 144 147 3
159 144 148 3
159 144 149 3
159 144 150 3
159 144 151 3
159 144 154 3
159 144 155 3
159 144 156 3
159 144 157 3
159 144 158 3
159 144 159 3
159 145 143 3
159 145 144 3
159 145 145 3
159 145 146 3
159 145 147 3
159 145 148 3
159 145 150 3
159 145 151 3
159 145 153 3
159 145 154 3
159 145 156 3
159 145 159 3
159 146 141 3
159 146 142 3
159 146 143 3
159 146 144 3
159 146 145 3
159 146 146 3
159 146 147 3
159 146 149 3
159 146 152 3
159 146 154 3
159 146 156 3
159 146 157 3
159 146 159 3
159 147 140 3
159 147 141 3
159 147 143 3
159 147 144 3
159 147 145 3
159 147 146 3
159 147 147 3
159 147 148 3
159 147 151 3
159 147 152 3
159 147 153 3
159 147 154 3
159 147 155 3
159 147 156 3
159 147 157 3
159 148 140 3
159 148 141 3
159 148 142 3
159 148 143 3
159 148 144 3
159 148 145 3
159 148 146 3
159 148 147 3
159 148 148 3
159 148 153 3
159 148 155 3
159 148 156 3
159 148 157 3
159 148 158 3
159 149 140 3
159 149 141 3
159 149 143 3
159 149 144 3
159 149 145 3
159 149 146 3
159 149 147 3
159 149 148 3
159 149 149 3
159 149 150 3
159 149 151 3
159 149 152 3
159 149 153 3
159 149 154 3
159 149 155 3
159 149 156 3
159 149 157 3
159 149 158 3
159 149 159 3
159 150 140 3
159 150 141 3
159 150 144 3
159 150 145 3
159 150 146 3
159 150 147 3
159 150 148 3
159 150 149 3
159 150 150 3
159 150 151 3
159 150 152 3
159 150 153 3
159 150 154 3
159 150 155 3
159 150 156 3
159 150 157 3
159 150 158 3
159 151 140 3
159 151 141 3
159 151 142 3
159 151 144 3
159 151 145 3
159 151 146 3
159 151 148 3
159 151 149 3
159 151 150 3
159 151 151 3
159 151 152 3
159 151 153 3
159 151 154 3
159 151 156 3
159 151 157 3
159 151 159 3
159 152 140 3
159 152 141 3
159 152 145 3
159 152 146 3
159 152 147 3
159 152 148 3
159 152 149 3
159 152 150 3
159 152 151 3
159 152 152 3
159 152 154 3
159 152 155 3
159 152 156 3
159 152 157 3
159 152 158 3
159 153 140 3
159 153 141 3
159 153 143 3
159 153 144 3
159 153 145 3
159 153 146 3
159 153 148 3
159 153 149 3
159 153 152 3
159 153 154 3
159 153 155 3
159 153 156 3
159 153 158 3
159 153 159 3
159 154 140 3
159 154 141 3
159 154 142 3
159 154 144 3
159 154 145 3
159 154 146 3
159 154 147 3
159 154 148 3
159 154 149 3
159 154 151 3
159 154 152 3
159 154 154 3
159 154 155 3
159 154 158 3
159 154 159 3
159 155 140 3
159 155 141 3
159 155 142 3
159 155 143 3
159 155 144 3
159 155 145 3
159 155 146 3
159 155 147 3
159 155 149 3
159 155 151 3
159 155 152 3
159 155 153 3
159 155 154 3
159 155 155 3
159 155 157 3
159 155 158 3
159 155 159 3
159 156 140 3
159 156 142 3
159 156 143 3
159 156 144 3
159 156 145 3
159 156 146 3
159 156 147 3
159 156 148 3
159 156 149 3
159 156 153 3
159 156 154 3
159 156 155 3
159 156 156 3
159 156 157 3
159 156 158 3
159 157 140 3
159 157 141 3
159 157 142 3
159 157 143 3
159 157 144 3
159 157 145 3
159 157 146 3
159 157 147 3
159 157 150 3
159 157 151 3
159 157 152 3
159 157 154 3
159 157 157 3
159 157 158 3
159 157 159 3
159 158 140 3
159 158 142 3
159 158 143 3
159 158 145 3
159 158 148 3
159 158 149 3
159 158 151 3
159 158 152 3
159 158 153 3
159 158 154 3
159 158 155 3
159 158 157 3
159 158 158 3
159 158 159 3
159 159 140 3
159 159 142 3
159 159 143 3
159 159 144 3
159 159 145 3
159 159 147 3
159 159 149 3
159 159 150 3
159 159 151 3
159 159 156 3
159 159 159 3
