4/4/5/M
46 52 48 4
54 51 48 4
47 54 52 4
49 45 52 4
50 54 49 4
53 50 49 4
47 50 49 4
50 52 46 4
52 50 46 4
47 46 51 4
52 48 45 4
54 52 51 4
51 49 48 4
55 47 53 4
48 54 53 4
55 52 51 4
49 47 48 4
52 50 48 4
53 50 48 4
52 46 48 4
48 49 46 4
49 55 53 4
48 55 47 4
52 49 47 4
48 53 49 4
50 55 54 4
53 48 55 4
54 48 45 4
50 48 55 4
51 48 47 4
48 53 50 4
45 55 54 4
52 47 49 4
55 51 53 4
50 53 45 4
46 49 47 4
50 49 48 4
54 49 45 4
53 55 49 4
50 54 48 4
48 50 49 4
45 54 46 4
55 50 49 4
46 50 53 4
50 54 48 4
50 49 52 4
54 49 51 4
52 46 49 4
51 47 54 4
53 52 55 4
54 49 50 4
50 52 53 4
50 54 53 4
55 45 48 4
52 54 45 4
51 46 52 4
49 53 51 4
52 53 47 4
48 49 45 4
51 47 54 4
46 47 53 4
47 46 55 4
53 48 45 4
45 51 49 4
49 48 46 4
47 50 53 4
50 46 48 4
49 52 48 4
51 53 45 4
45 52 51 4
54 53 51 4
47 53 54 4
54 48 55 4
48 54 51 4
51 48 50 4
49 54 45 4
48 47 50 4
49 55 46 4
46 55 52 4
50 55 51 4
49 45 54 4
49 48 45 4
52 45 49 4
47 52 53 4
48 53 52 4
55 45 53 4
52 45 47 4
54 52 55 4
51 52 55 4
51 45 52 4
53 50 47 4
47 53 54 4
50 45 48 4
47 49 54 4
50 51 55 4
51 49 47 4
50 48 55 4
53 52 49 4
48 49 55 4
48 49 52 4
52 45 53 4
53 49 45 4
50 54 55 4
47 45 51 4
48 46 53 4
53 46 51 4
50 52 54 4
47 50 45 4
48 51 49 4
45 48 49 4
48 55 51 4
50 48 49 4
54 50 48 4
54 52 48 4
53 51 47 4
48 52 50 4
51 46 54 4
46 55 45 4
54 55 51 4
46 49 47 4
53 45 48 4
50 48 51 4
52 54 50 4
55 46 50 4
54 49 47 4
46 55 48 4
50 47 55 4
55 46 50 4
55 54 52 4
48 55 45 4
49 52 51 4
55 51 46 4
48 54 52 4
55 46 47 4
47 46 51 4
49 53 45 4
53 46 55 4
49 50 52 4
52 47 54 4
48 45 46 4
48 53 55 4
54 53 49 4
55 47 52 4
46 47 51 4
50 46 48 4
48 49 45 4
45 46 48 4
48 50 55 4
51 47 45 4
51 55 47 4
54 50 48 4
55 46 51 4
49 53 54 4
54 51 50 4
53 54 50 4
51 50 53 4
51 53 48 4
50 53 47 4
50 51 49 4
53 50 51 4
49 50 46 4
55 48 47 4
46 55 52 4
48 51 52 4
46 47 53 4
50 46 55 4
46 54 48 4
52 45 51 4
50 46 55 4
47 48 50 4
47 48 52 4
47 48 52 4
45 46 50 4
51 54 48 4
48 47 45 4
54 47 49 4
52 45 53 4
45 46 48 4
48 47 54 4
45 46 51 4
54 52 49 4
53 51 55 4
48 55 53 4
54 53 51 4
52 53 48 4
48 49 46 4
53 47 49 4
51 46 54 4
51 48 46 4
55 50 51 4
53 51 54 4
54 49 50 4
47 50 49 4
46 52 49 4
46 53 47 4
47 53 55 4
55 49 51 4
52 46 53 4
49 55 53 4
48 49 50 4
50 47 51 4
50 53 55 4
47 48 50 4
45 55 48 4
55 50 52 4
54 51 52 4
48 52 45 4
52 51 50 4
47 50 48 4
55 45 49 4
45 52 51 4
55 47 48 4
51 48 54 4
48 47 46 4
45 55 50 4
48 45 47 4
51 49 55 4
50 54 53 4
52 49 53 4
46 53 51 4
53 51 52 4
46 54 52 4
53 54 45 4
52 51 49 4
45 49 54 4
45 46 52 4
54 49 45 4
55 51 52 4
48 52 46 4
45 52 49 4
54 47 53 4
53 51 54 4
46 45 51 4
49 48 54 4
48 46 47 4
49 54 53 4
49 50 46 4
47 54 51 4
50 47 48 4
55 45 49 4
47 48 52 4
47 49 50 4
54 51 55 4
47 54 48 4
52 47 53 4
50 51 49 4
48 46 51 4
45 48 50 4
52 51 46 4
48 50 45 4
54 45 50 4
45 48 54 4
53 47 55 4
50 52 51 4
53 46 45 4
45 52 46 4
54 47 52 4
51 55 48 4
46 49 52 4
54 51 55 4
53 52 45 4
49 54 53 4
51 54 48 4
48 51 54 4
48 53 49 4
49 54 47 4
48 49 53 4
48 45 54 4
54 49 45 4
55 50 51 4
45 52 47 4
49 50 48 4
48 45 49 4
47 52 55 4
51 45 48 4
49 53 45 4
45 55 47 4
55 45 49 4
48 47 50 4
55 45 48 4
53 46 47 4
55 49 47 4
52 50 51 4
47 45 55 4
55 51 46 4
47 48 46 4
51 54 45 4
54 46 48 4
52 47 49 4
53 55 51 4
49 53 51 4
47 55 45 4
48 47 50 4
52 46 49 4
52 46 53 4
51 54 49 4
52 46 55 4
45 52 51 4
53 48 45 4
51 53 52 4
51 50 49 4
50 45 55 4
47 48 49 4
55 51 52 4
51 52 49 4
51 48 52 4
50 47 45 4
47 55 54 4
52 46 47 4
54 46 48 4
47 55 45 4
45 55 52 4
50 53 55 4
52 51 45 4
46 50 54 4
53 55 46 4
45 48 50 4
48 46 47 4
54 55 45 4
49 45 51 4
51 45 47 4
53 48 49 4
45 47 46 4
45 52 54 4
52 55 47 4
47 54 49 4
50 48 51 4
51 55 52 4
55 45 50 4
50 46 52 4
48 53 52 4
52 47 50 4
49 53 45 4
45 47 55 4
46 47 48 4
49 50 51 4
46 53 47 4
49 45 46 4
52 45 46 4
46 49 45 4
55 46 50 4
46 49 54 4
47 55 53 4
55 49 46 4
48 45 46 4
53 54 51 4
50 45 47 4
50 55 54 4
50 47 48 4
51 49 53 4
54 53 46 4
46 50 55 4
51 55 49 4
53 47 46 4
51 54 55 4
55 48 50 4
54 48 55 4
47 54 45 4
49 50 48 4
51 48 52 4
47 50 51 4
45 47 53 4
52 46 51 4
52 45 53 4
50 46 51 4
54 52 55 4
54 49 48 4
53 51 45 4
51 55 50 4
49 52 51 4
55 45 51 4
51 47 49 4
47 45 46 4
49 45 53 4
55 50 47 4
50 48 45 4
49 47 46 4
52 49 53 4
55 52 50 4
47 48 49 4
46 54 49 4
52 53 48 4
46 53 47 4
54 50 46 4
52 51 49 4
52 53 46 4
48 49 51 4
51 50 45 4
45 53 54 4
55 47 49 4
55 45 50 4
49 47 52 4
51 49 45 4
54 46 50 4
46 53 52 4
55 51 45 4
46 54 49 4
54 50 52 4
46 53 51 4
45 53 54 4
49 50 53 4
47 45 51 4
50 49 47 4
46 49 55 4
54 50 49 4
46 50 51 4
55 46 49 4
48 45 50 4
53 55 46 4
51 55 47 4
46 55 53 4
52 54 47 4
51 45 49 4
54 52 47 4
50 52 51 4
54 50 48 4
50 48 52 4
45 47 48 4
48 50 55 4
47 45 54 4
47 46 54 4
48 52 46 4
48 45 54 4
51 54 45 4
50 49 53 4
55 52 48 4
45 48 55 4
47 55 48 4
51 49 50 4
53 47 51 4
55 46 48 4
46 50 49 4
52 46 55 4
48 51 53 4
47 55 50 4
55 48 53 4
55 48 52 4
45 49 53 4
49 55 53 4
50 54 49 4
45 55 54 4
50 49 47 4
53 52 48 4
52 47 53 4
55 53 54 4
48 47 46 4
48 54 45 4
55 50 47 4
50 47 55 4
51 48 52 4
46 53 54 4
55 54 53 4
49 52 50 4
50 46 47 4
54 48 52 4
51 48 49 4
54 53 45 4
55 48 52 4
50 45 46 4
48 53 47 4
54 49 45 4
45 50 51 4
47 54 52 4
45 47 53 4
54 55 52 4
54 45 55 4
46 54 49 4
52 53 47 4
47 48 55 4
49 47 48 4
46 54 55 4
53 51 45 4
55 45 49 4
46 48 49 4
50 48 46 4
55 50 45 4
51 55 45 4
53 52 47 4
50 47 48 4
51 45 50 4
53 51 48 4
50 52 48 4
55 50 49 4
45 46 54 4
52 46 54 4
52 46 45 4
46 45 55 4
46 48 47 4
55 47 48 4
49 45 55 4
54 46 55 4
46 54 45 4
50 53 54 4
46 52 49 4
52 47 48 4
46 53 54 4
49 55 54 4
50 54 47 4
50 55 47 4
53 52 54 4
53 48 45 4
48 45 53 4
45 47 51 4
53 50 54 4
49 46 52 4
50 54 53 4
53 46 55 4
49 46 48 4
52 46 54 4
48 46 50 4
55 48 52 4
47 51 46 4
46 55 49 4
48 50 52 4
48 46 50 4
46 50 55 4
46 52 48 4
51 53 55 4
52 45 55 4
52 46 50 4
48 54 47 4
46 45 52 4
48 52 49 4
50 53 46 4
52 51 50 4
51 53 55 4
47 52 45 4
45 52 49 4
52 45 46 4
53 52 49 4
53 47 48 4
55 48 49 4
53 48 52 4
54 51 46 4
45 51 54 4
45 52 54 4
53 46 47 4
48 50 45 4
52 50 53 4
49 55 48 4
48 55 54 4
45 48 46 4
51 47 55 4
46 55 50 4
54 48 53 4
51 47 50 4
55 52 53 4
51 54 45 4
50 51 49 4
53 54 52 4
50 46 53 4
55 50 48 4
51 47 55 4
48 47 50 4
51 45 54 4
47 48 50 4
47 46 45 4
54 49 52 4
53 51 47 4
51 54 53 4
55 52 53 4
49 48 45 4
46 52 47 4
49 48 45 4
54 46 51 4
49 51 45 4
51 53 47 4
51 49 46 4
52 48 49 4
52 55 50 4
46 50 47 4
52 48 54 4
45 52 50 4
52 55 51 4
55 50 52 4
52 55 54 4
45 55 47 4
48 46 53 4
51 45 53 4
54 52 50 4
52 47 51 4
55 48 53 4
47 54 50 4
49 54 46 4
55 45 49 4
52 55 45 4
50 46 53 4
54 52 47 4
47 53 48 4
53 48 54 4
53 54 46 4
51 55 54 4
47 53 48 4
45 46 47 4
49 48 46 4
53 46 51 4
49 51 50 4
49 51 54 4
55 47 50 4
50 49 45 4
45 49 55 4
46 48 49 4
45 52 47 4
51 53 49 4
49 54 47 4
46 49 48 4
45 49 54 4
48 54 50 4
47 45 51 4
45 48 51 4
55 49 52 4
52 47 48 4
51 48 54 4
53 45 52 4
53 48 46 4
55 45 48 4
53 46 52 4
49 54 53 4
54 49 52 4
51 46 52 4
51 53 50 4
47 52 49 4
53 54 52 4
53 48 51 4
51 49 53 4
45 47 54 4
53 55 46 4
49 51 48 4
48 49 46 4
45 55 52 4
46 53 45 4
54 50 51 4
52 50 46 4
55 52 48 4
55 48 52 4
45 53 51 4
51 50 46 4
52 46 53 4
54 50 46 4
46 47 52 4
55 51 53 4
49 55 53 4
52 50 51 4
51 45 47 4
48 51 53 4
54 51 55 4
55 45 49 4
45 50 55 4
51 55 49 4
47 45 50 4
48 53 52 4
51 52 49 4
53 49 54 4
49 52 55 4
48 47 45 4
47 48 49 4
51 48 52 4
48 53 49 4
50 46 51 4
45 47 55 4
48 52 53 4
52 54 48 4
54 45 53 4
55 45 46 4
53 55 48 4
47 45 51 4
51 52 48 4
46 50 48 4
45 50 53 4
54 46 55 4
51 50 52 4
52 54 46 4
47 45 48 4
49 47 53 4
53 49 52 4
54 50 47 4
52 49 47 4
45 47 54 4
49 53 51 4
55 51 47 4
50 55 54 4
46 53 52 4
47 51 50 4
54 51 53 4
55 52 47 4
53 45 50 4
54 48 51 4
49 50 46 4
51 49 53 4
47 49 51 4
51 48 54 4
51 53 45 4
48 52 53 4
53 46 48 4
49 55 51 4
48 47 54 4
55 53 49 4
53 46 45 4
51 47 46 4
47 45 54 4
54 52 53 4
46 45 51 4
50 46 45 4
47 51 53 4
53 48 50 4
46 50 45 4
48 53 55 4
52 51 55 4
53 45 49 4
46 51 49 4
54 47 48 4
49 48 46 4
53 46 54 4
48 46 49 4
54 51 49 4
55 52 47 4
47 51 48 4
46 52 49 4
52 53 55 4
55 50 45 4
45 55 46 4
53 45 46 4
55 47 48 4
51 53 46 4
49 46 55 4
45 49 53 4
45 47 49 4
55 54 45 4
45 55 50 4
46 54 50 4
53 47 49 4
46 48 54 4
52 50 48 4
49 52 54 4
48 53 45 4
48 45 50 4
52 54 49 4
52 51 53 4
54 49 53 4
45 46 51 4
54 49 50 4
47 49 51 4
45 48 50 4
54 49 47 4
47 49 50 4
52 53 48 4
48 46 55 4
49 50 54 4
49 47 45 4
55 47 53 4
55 45 54 4
45 51 52 4
45 51 47 4
45 48 54 4
51 50 47 4
48 54 49 4
54 48 45 4
52 55 45 4
48 47 49 4
48 49 55 4
52 54 50 4
48 47 55 4
50 54 51 4
48 45 46 4
53 46 50 4
51 50 55 4
47 54 51 4
55 48 52 4
52 53 55 4
53 51 45 4
47 55 46 4
49 45 53 4
51 49 50 4
51 46 48 4
53 55 45 4
48 51 52 4
45 50 48 4
47 52 55 4
54 45 50 4
52 51 53 4
55 54 50 4
50 55 54 4
49 55 47 4
52 53 45 4
54 50 51 4
52 55 47 4
47 50 49 4
52 53 49 4
55 49 45 4
51 54 50 4
45 55 51 4
46 55 53 4
48 51 54 4
52 51 45 4
54 51 55 4
47 55 52 4
49 45 55 4
45 50 52 4
50 52 53 4
52 46 50 4
