4/4/5/M
40 40 40 4
40 40 43 4
40 40 49 4
40 40 50 4
40 40 51 4
40 40 53 4
40 40 54 4
40 40 58 4
40 40 59 4
40 41 40 4
40 41 42 4
40 41 49 4
40 41 53 4
40 41 54 4
40 41 55 4
40 41 58 4
40 41 59 4
40 42 40 4
40 42 41 4
40 42 42 4
40 42 43 4
40 42 44 4
40 42 45 4
40 42 46 4
40 42 48 4
40 42 49 4
40 42 51 4
40 42 53 4
40 42 54 4
40 42 55 4
40 43 40 4
40 43 41 4
40 43 42 4
40 43 43 4
40 43 44 4
40 43 49 4
40 43 50 4
40 43 53 4
40 43 58 4
40 43 59 4
40 44 41 4
40 44 43 4
40 44 46 4
40 44 47 4
40 44 52 4
40 44 53 4
40 44 55 4
40 44 56 4
40 44 59 4
40 45 44 4
40 45 45 4
40 45 47 4
40 45 49 4
40 45 54 4
40 45 56 4
40 46 40 4
40 46 43 4
40 46 44 4
40 46 45 4
40 46 49 4
40 46 52 4
40 46 53 4
40 46 56 4
40 46 58 4
40 46 59 4
40 47 48 4
40 47 50 4
40 47 52 4
40 47 53 4
40 47 57 4
40 47 58 4
40 47 59 4
40 48 40 4
40 48 41 4
40 48 43 4
40 48 44 4
40 48 45 4
40 48 46 4
40 48 50 4
40 48 51 4
40 48 52 4
40 48 53 4
40 48 54 4
40 49 41 4
40 49 46 4
40 49 47 4
40 49 50 4
40 49 51 4
40 49 54 4
40 49 57 4
40 49 58 4
40 50 41 4
40 50 45 4
40 50 48 4
40 50 50 4
40 50 51 4
40 50 54 4
40 50 56 4
40 50 58 4
40 51 40 4
40 51 42 4
40 51 43 4
40 51 44 4
40 51 45 4
40 51 46 4
40 51 51 4
40 51 52 4
40 51 56 4
40 51 58 4
40 51 59 4
40 52 40 4
40 52 41 4
40 52 48 4
40 52 50 4
40 52 51 4
40 52 55 4
40 52 57 4
40 53 44 4
40 53 45 4
40 53 47 4
40 53 50 4
40 53 51 4
40 53 52 4
40 53 54 4
40 53 56 4
40 53 57 4
40 53 58 4
40 53 59 4
40 54 41 4
40 54 44 4
40 54 45 4
40 54 49 4
40 54 50 4
40 54 53 4
40 54 56 4
40 54 57 4
40 54 58 4
40 54 59 4
40 55 41 4
40 55 44 4
40 55 45 4
40 55 49 4
40 55 54 4
40 55 55 4
40 55 56 4
40 55 58 4
40 56 41 4
40 56 42 4
40 56 48 4
40 56 49 4
40 56 53 4
40 56 55 4
40 56 56 4
40 56 59 4
40 57 44 4
40 57 45 4
40 57 46 4
40 57 51 4
40 57 54 4
40 57 55 4
40 57 56 4
40 58 40 4
40 58 42 4
40 58 43 4
40 58 46 4
40 58 48 4
40 58 51 4
40 58 56 4
40 58 57 4
40 58 58 4
40 59 40 4
40 59 42 4
40 59 43 4
40 59 45 4
40 59 46 4
40 59 47 4
40 59 48 4
40 59 49 4
40 59 50 4
40 59 53 4
40 59 56 4
40 59 58 4
41 40 40 4
41 40 44 4
41 40 45 4
41 40 46 4
41 40 48 4
41 40 49 4
41 40 50 4
41 40 51 4
41 40 53 4
41 40 57 4
41 40 59 4
41 41 48 4
41 41 49 4
41 41 55 4
41 41 57 4
41 42 42 4
41 42 44 4
41 42 45 4
41 42 48 4
41 42 50 4
41 42 51 4
41 42 52 4
41 42 53 4
41 43 40 4
41 43 42 4
41 43 44 4
41 43 45 4
41 43 47 4
41 43 48 4
41 43 52 4
41 43 54 4
41 43 56 4
41 43 59 4
41 44 40 4
41 44 43 4
41 44 44 4
41 44 46 4
41 44 49 4
41 44 53 4
41 44 54 4
41 44 55 4
41 44 58 4
41 44 59 4
41 45 40 4
41 45 44 4
41 45 45 4
41 45 52 4
41 45 56 4
41 45 58 4
41 46 43 4
41 46 49 4
41 46 51 4
41 46 52 4
41 46 53 4
41 46 55 4
41 46 57 4
41 46 58 4
41 46 59 4
41 47 42 4
41 47 43 4
41 47 44 4
41 47 47 4
41 47 48 4
41 47 55 4
41 47 58 4
41 48 42 4
41 48 43 4
41 48 44 4
41 48 47 4
41 48 49 4
41 48 53 4
41 48 57 4
41 48 58 4
41 49 40 4
41 49 41 4
41 49 42 4
41 49 43 4
41 49 45 4
41 49 49 4
41 49 50 4
41 49 53 4
41 49 54 4
41 49 55 4
41 49 58 4
41 49 59 4
41 50 40 4
41 50 41 4
41 50 42 4
41 50 43 4
41 50 44 4
41 50 46 4
41 50 47 4
41 50 50 4
41 50 51 4
41 50 52 4
41 50 58 4
41 51 40 4
41 51 41 4
41 51 42 4
41 51 47 4
41 51 49 4
41 51 55 4
41 51 59 4
41 52 44 4
41 52 47 4
41 52 53 4
41 52 54 4
41 52 55 4
41 52 58 4
41 52 59 4
41 53 41 4
41 53 44 4
41 53 45 4
41 53 46 4
41 53 47 4
41 53 49 4
41 53 53 4
41 53 54 4
41 53 56 4
41 54 40 4
41 54 42 4
41 54 43 4
41 54 46 4
41 54 47 4
41 54 49 4
41 54 57 4
41 55 40 4
41 55 41 4
41 55 42 4
41 55 48 4
41 55 49 4
41 55 56 4
41 55 57 4
41 55 58 4
41 55 59 4
41 56 43 4
41 56 45 4
41 56 48 4
41 56 50 4
41 56 51 4
41 56 52 4
41 56 58 4
41 56 59 4
41 57 41 4
41 57 43 4
41 57 45 4
41 57 53 4
41 57 54 4
41 57 57 4
41 57 59 4
41 58 41 4
41 58 42 4
41 58 44 4
41 58 49 4
41 58 50 4
41 58 51 4
41 58 52 4
41 58 56 4
41 59 40 4
41 59 41 4
41 59 43 4
41 59 45 4
41 59 56 4
41 59 58 4
42 40 40 4
42 40 42 4
42 40 44 4
42 40 45 4
42 40 49 4
42 40 50 4
42 40 52 4
42 40 53 4
42 40 54 4
42 40 56 4
42 41 42 4
42 41 43 4
42 41 44 4
42 41 45 4
42 41 48 4
42 41 50 4
42 41 51 4
42 41 56 4
42 42 44 4
42 42 45 4
42 42 47 4
42 42 49 4
42 42 52 4
42 42 53 4
42 42 54 4
42 42 56 4
42 43 40 4
42 43 44 4
42 43 46 4
42 43 48 4
42 43 52 4
42 43 55 4
42 43 56 4
42 43 59 4
42 44 43 4
42 44 46 4
42 44 48 4
42 44 49 4
42 44 52 4
42 44 54 4
42 44 55 4
42 44 56 4
42 44 58 4
42 44 59 4
42 45 43 4
42 45 45 4
42 45 49 4
42 45 51 4
42 45 55 4
42 45 56 4
42 45 58 4
42 45 59 4
42 46 43 4
42 46 49 4
42 46 52 4
42 46 59 4
42 47 44 4
42 47 46 4
42 47 48 4
42 47 49 4
42 47 52 4
42 47 54 4
42 47 55 4
42 47 56 4
42 48 41 4
42 48 43 4
42 48 45 4
42 48 48 4
42 48 50 4
42 48 51 4
42 48 52 4
42 48 54 4
42 48 56 4
42 48 57 4
42 48 58 4
42 49 40 4
42 49 42 4
42 49 45 4
42 49 48 4
42 49 51 4
42 49 52 4
42 49 57 4
42 49 58 4
42 49 59 4
42 50 45 4
42 50 46 4
42 50 47 4
42 50 48 4
42 50 49 4
42 50 50 4
42 50 51 4
42 50 52 4
42 50 57 4
42 50 58 4
42 51 42 4
42 51 47 4
42 51 53 4
42 51 54 4
42 51 55 4
42 51 58 4
42 52 40 4
42 52 42 4
42 52 46 4
42 52 48 4
42 52 49 4
42 52 52 4
42 52 56 4
42 52 57 4
42 53 40 4
42 53 43 4
42 53 45 4
42 53 46 4
42 53 48 4
42 53 49 4
42 53 52 4
42 53 53 4
42 53 55 4
42 53 56 4
42 53 57 4
42 54 40 4
42 54 41 4
42 54 43 4
42 54 47 4
42 54 48 4
42 54 49 4
42 54 58 4
42 55 40 4
42 55 42 4
42 55 43 4
42 55 45 4
42 55 47 4
42 55 50 4
42 55 53 4
42 55 54 4
42 55 57 4
42 55 58 4
42 55 59 4
42 56 40 4
42 56 42 4
42 56 43 4
42 56 44 4
42 56 45 4
42 56 48 4
42 56 54 4
42 56 57 4
42 57 45 4
42 57 49 4
42 57 54 4
42 57 58 4
42 58 42 4
42 58 44 4
42 58 46 4
42 58 47 4
42 58 48 4
42 58 50 4
42 58 53 4
42 58 54 4
42 58 58 4
42 58 59 4
42 59 40 4
42 59 42 4
42 59 44 4
42 59 47 4
42 59 49 4
42 59 54 4
42 59 56 4
43 40 41 4
43 40 43 4
43 40 44 4
43 40 46 4
43 40 49 4
43 40 53 4
43 40 55 4
43 40 59 4
43 41 44 4
43 41 46 4
43 41 49 4
43 41 50 4
43 41 52 4
43 41 53 4
43 41 54 4
43 41 56 4
43 42 41 4
43 42 42 4
43 42 44 4
43 42 45 4
43 42 48 4
43 42 49 4
43 42 50 4
43 42 51 4
43 42 52 4
43 42 56 4
43 42 58 4
43 43 42 4
43 43 43 4
43 43 44 4
43 43 45 4
43 43 47 4
43 43 51 4
43 43 52 4
43 43 58 4
43 44 42 4
43 44 44 4
43 44 49 4
43 44 50 4
43 44 51 4
43 44 52 4
43 44 53 4
43 45 40 4
43 45 41 4
43 45 43 4
43 45 46 4
43 45 49 4
43 45 50 4
43 45 51 4
43 45 52 4
43 45 53 4
43 45 54 4
43 45 57 4
43 45 58 4
43 45 59 4
43 46 41 4
43 46 43 4
43 46 51 4
43 46 52 4
43 46 53 4
43 46 55 4
43 47 44 4
43 47 47 4
43 47 50 4
43 47 51 4
43 47 58 4
43 47 59 4
43 48 40 4
43 48 41 4
43 48 47 4
43 48 48 4
43 48 49 4
43 48 52 4
43 48 57 4
43 48 59 4
43 49 43 4
43 49 44 4
43 49 46 4
43 50 40 4
43 50 41 4
43 50 42 4
43 50 50 4
43 50 54 4
43 50 56 4
43 50 57 4
43 51 41 4
43 51 43 4
43 51 46 4
43 51 48 4
43 51 49 4
43 51 50 4
43 51 51 4
43 51 56 4
43 51 57 4
43 52 40 4
43 52 42 4
43 52 50 4
43 52 52 4
43 52 54 4
43 52 55 4
43 52 56 4
43 52 59 4
43 53 40 4
43 53 44 4
43 53 47 4
43 53 48 4
43 53 52 4
43 53 53 4
43 53 58 4
43 53 59 4
43 54 44 4
43 54 45 4
43 54 46 4
43 54 52 4
43 54 56 4
43 54 59 4
43 55 41 4
43 55 42 4
43 55 44 4
43 55 45 4
43 55 49 4
43 55 50 4
43 55 51 4
43 55 56 4
43 55 58 4
43 56 43 4
43 56 45 4
43 56 46 4
43 56 48 4
43 56 49 4
43 56 51 4
43 56 54 4
43 56 56 4
43 56 59 4
43 57 44 4
43 57 46 4
43 57 50 4
43 57 52 4
43 57 53 4
43 57 54 4
43 57 55 4
43 57 56 4
43 57 57 4
43 57 58 4
43 57 59 4
43 58 41 4
43 58 45 4
43 58 46 4
43 58 48 4
43 58 49 4
43 58 52 4
43 58 55 4
43 58 56 4
43 58 59 4
43 59 40 4
43 59 42 4
43 59 45 4
43 59 47 4
43 59 53 4
43 59 54 4
44 40 41 4
44 40 42 4
44 40 43 4
44 40 48 4
44 40 53 4
44 40 54 4
44 40 55 4
44 40 56 4
44 40 57 4
44 40 59 4
44 41 44 4
44 41 47 4
44 41 49 4
44 41 50 4
44 41 51 4
44 41 55 4
44 41 58 4
44 42 40 4
44 42 41 4
44 42 43 4
44 42 44 4
44 42 46 4
44 42 48 4
44 42 51 4
44 42 53 4
44 42 56 4
44 42 59 4
44 43 40 4
44 43 42 4
44 43 43 4
44 43 52 4
44 43 54 4
44 43 55 4
44 43 56 4
44 44 43 4
44 44 45 4
44 44 47 4
44 44 49 4
44 44 50 4
44 44 53 4
44 44 55 4
44 44 56 4
44 44 57 4
44 44 58 4
44 45 46 4
44 45 48 4
44 45 54 4
44 45 55 4
44 45 56 4
44 45 58 4
44 45 59 4
44 46 40 4
44 46 42 4
44 46 45 4
44 46 53 4
44 46 54 4
44 46 58 4
44 46 59 4
44 47 46 4
44 47 50 4
44 47 53 4
44 47 54 4
44 47 58 4
44 47 59 4
44 48 41 4
44 48 43 4
44 48 44 4
44 48 45 4
44 48 49 4
44 48 53 4
44 48 54 4
44 48 55 4
44 48 59 4
44 49 43 4
44 49 44 4
44 49 45 4
44 49 48 4
44 49 56 4
44 49 59 4
44 50 40 4
44 50 44 4
44 50 45 4
44 50 48 4
44 50 49 4
44 50 51 4
44 50 53 4
44 50 55 4
44 50 57 4
44 50 59 4
44 51 41 4
44 51 44 4
44 51 45 4
44 51 47 4
44 51 48 4
44 51 49 4
44 51 50 4
44 51 53 4
44 51 55 4
44 51 57 4
44 51 58 4
44 52 44 4
44 52 47 4
44 52 50 4
44 52 51 4
44 52 54 4
44 52 56 4
44 53 41 4
44 53 42 4
44 53 43 4
44 53 44 4
44 53 45 4
44 53 46 4
44 53 47 4
44 53 55 4
44 53 57 4
44 53 58 4
44 53 59 4
44 54 40 4
44 54 42 4
44 54 43 4
44 54 44 4
44 54 45 4
44 54 48 4
44 54 51 4
44 54 52 4
44 54 53 4
44 54 56 4
44 54 58 4
44 54 59 4
44 55 40 4
44 55 42 4
44 55 44 4
44 55 46 4
44 55 48 4
44 55 52 4
44 55 56 4
44 56 42 4
44 56 44 4
44 56 45 4
44 56 46 4
44 56 51 4
44 56 54 4
44 56 55 4
44 56 56 4
44 56 57 4
44 56 58 4
44 56 59 4
44 57 41 4
44 57 45 4
44 57 54 4
44 57 57 4
44 57 59 4
44 58 40 4
44 58 42 4
44 58 44 4
44 58 46 4
44 58 56 4
44 59 40 4
44 59 41 4
44 59 44 4
44 59 46 4
44 59 47 4
44 59 51 4
44 59 52 4
44 59 53 4
44 59 54 4
44 59 55 4
44 59 56 4
44 59 59 4
45 40 41 4
45 40 42 4
45 40 47 4
45 40 48 4
45 40 50 4
45 40 51 4
45 40 54 4
45 40 55 4
45 40 59 4
45 41 41 4
45 41 44 4
45 41 45 4
45 41 48 4
45 41 49 4
45 41 52 4
45 42 40 4
45 42 42 4
45 42 44 4
45 42 45 4
45 42 46 4
45 42 48 4
45 42 49 4
45 42 50 4
45 42 51 4
45 42 54 4
45 42 56 4
45 43 41 4
45 43 43 4
45 43 44 4
45 43 46 4
45 43 48 4
45 43 49 4
45 43 54 4
45 43 55 4
45 43 58 4
45 43 59 4
45 44 40 4
45 44 43 4
45 44 44 4
45 44 46 4
45 44 48 4
45 44 50 4
45 44 52 4
45 44 55 4
45 44 56 4
45 44 58 4
45 44 59 4
45 45 40 4
45 45 41 4
45 45 42 4
45 45 48 4
45 45 52 4
45 45 53 4
45 45 54 4
45 45 55 4
45 45 56 4
45 45 57 4
45 45 59 4
45 46 43 4
45 46 48 4
45 46 49 4
45 46 50 4
45 46 51 4
45 46 58 4
45 47 41 4
45 47 42 4
45 47 44 4
45 47 59 4
45 48 41 4
45 48 45 4
45 48 48 4
45 48 50 4
45 48 51 4
45 48 52 4
45 48 53 4
45 48 54 4
45 48 55 4
45 48 56 4
45 48 57 4
45 49 42 4
45 49 44 4
45 49 48 4
45 49 49 4
45 49 50 4
45 49 53 4
45 49 55 4
45 49 56 4
45 49 58 4
45 50 47 4
45 50 48 4
45 50 50 4
45 50 57 4
45 51 40 4
45 51 42 4
45 51 46 4
45 51 48 4
45 51 49 4
45 51 50 4
45 51 51 4
45 51 55 4
45 51 58 4
45 52 40 4
45 52 42 4
45 52 44 4
45 52 47 4
45 52 48 4
45 52 49 4
45 52 51 4
45 52 52 4
45 52 55 4
45 52 58 4
45 53 42 4
45 53 44 4
45 53 47 4
45 53 49 4
45 53 52 4
45 53 58 4
45 53 59 4
45 54 45 4
45 54 47 4
45 54 52 4
45 54 56 4
45 54 58 4
45 55 43 4
45 55 44 4
45 55 45 4
45 55 46 4
45 55 47 4
45 55 48 4
45 55 49 4
45 55 51 4
45 55 52 4
45 55 53 4
45 55 54 4
45 55 59 4
45 56 45 4
45 56 48 4
45 56 49 4
45 56 51 4
45 56 54 4
45 56 55 4
45 56 58 4
45 57 40 4
45 57 44 4
45 57 46 4
45 57 47 4
45 57 48 4
45 57 52 4
45 57 53 4
45 57 54 4
45 57 57 4
45 57 59 4
45 58 40 4
45 58 41 4
45 58 44 4
45 58 45 4
45 58 46 4
45 58 47 4
45 58 48 4
45 58 54 4
45 58 55 4
45 58 56 4
45 58 59 4
45 59 46 4
45 59 47 4
45 59 49 4
45 59 51 4
45 59 54 4
45 59 57 4
45 59 58 4
46 40 44 4
46 40 47 4
46 40 50 4
46 40 53 4
46 40 57 4
46 41 40 4
46 41 41 4
46 41 42 4
46 41 45 4
46 41 47 4
46 41 51 4
46 41 55 4
46 41 56 4
46 41 58 4
46 42 41 4
46 42 43 4
46 42 44 4
46 42 47 4
46 42 48 4
46 42 49 4
46 42 50 4
46 42 54 4
46 42 55 4
46 42 58 4
46 42 59 4
46 43 42 4
46 43 43 4
46 43 44 4
46 43 45 4
46 43 47 4
46 43 49 4
46 43 50 4
46 43 54 4
46 43 55 4
46 43 57 4
46 43 58 4
46 44 44 4
46 44 47 4
46 44 48 4
46 44 51 4
46 44 53 4
46 44 54 4
46 44 55 4
46 45 43 4
46 45 44 4
46 45 48 4
46 45 49 4
46 45 53 4
46 45 54 4
46 45 56 4
46 45 57 4
46 46 41 4
46 46 45 4
46 46 48 4
46 46 49 4
46 46 54 4
46 46 57 4
46 46 59 4
46 47 40 4
46 47 42 4
46 47 43 4
46 47 46 4
46 47 47 4
46 47 48 4
46 47 49 4
46 47 50 4
46 47 52 4
46 47 53 4
46 47 56 4
46 47 57 4
46 48 43 4
46 48 47 4
46 48 49 4
46 48 51 4
46 48 53 4
46 48 55 4
46 48 57 4
46 48 58 4
46 49 41 4
46 49 46 4
46 49 48 4
46 49 52 4
46 49 53 4
46 49 56 4
46 49 57 4
46 49 58 4
46 50 43 4
46 50 45 4
46 50 49 4
46 50 50 4
46 50 51 4
46 50 52 4
46 50 55 4
46 50 57 4
46 51 41 4
46 51 49 4
46 51 51 4
46 51 54 4
46 51 56 4
46 51 58 4
46 52 42 4
46 52 43 4
46 52 45 4
46 52 48 4
46 52 49 4
46 52 50 4
46 52 54 4
46 52 55 4
46 53 40 4
46 53 42 4
46 53 43 4
46 53 44 4
46 53 47 4
46 53 49 4
46 53 50 4
46 53 51 4
46 53 55 4
46 54 42 4
46 54 43 4
46 54 44 4
46 54 46 4
46 54 48 4
46 54 53 4
46 54 54 4
46 54 56 4
46 54 59 4
46 55 41 4
46 55 44 4
46 55 50 4
46 55 51 4
46 55 57 4
46 55 58 4
46 55 59 4
46 56 40 4
46 56 41 4
46 56 42 4
46 56 46 4
46 56 48 4
46 56 50 4
46 56 53 4
46 56 55 4
46 56 56 4
46 56 57 4
46 57 41 4
46 57 44 4
46 57 46 4
46 57 47 4
46 57 54 4
46 57 56 4
46 57 59 4
46 58 40 4
46 58 41 4
46 58 45 4
46 58 53 4
46 58 56 4
46 59 40 4
46 59 42 4
46 59 43 4
46 59 44 4
46 59 45 4
46 59 46 4
46 59 47 4
46 59 48 4
46 59 53 4
46 59 54 4
46 59 56 4
46 59 59 4
47 40 42 4
47 40 43 4
47 40 45 4
47 40 46 4
47 40 47 4
47 40 50 4
47 40 52 4
47 40 54 4
47 40 57 4
47 40 58 4
47 40 59 4
47 41 41 4
47 41 44 4
47 41 48 4
47 41 49 4
47 41 52 4
47 41 54 4
47 41 55 4
47 41 56 4
47 41 58 4
47 42 44 4
47 42 45 4
47 42 47 4
47 42 48 4
47 42 50 4
47 42 53 4
47 42 54 4
47 42 58 4
47 43 40 4
47 43 42 4
47 43 44 4
47 43 46 4
47 43 48 4
47 43 51 4
47 43 56 4
47 43 58 4
47 43 59 4
47 44 40 4
47 44 42 4
47 44 43 4
47 44 46 4
47 44 53 4
47 44 58 4
47 45 44 4
47 45 45 4
47 45 46 4
47 45 51 4
47 45 54 4
47 45 56 4
47 45 59 4
47 46 41 4
47 46 46 4
47 46 47 4
47 46 49 4
47 46 55 4
47 46 59 4
47 47 41 4
47 47 45 4
47 47 46 4
47 47 48 4
47 47 49 4
47 47 50 4
47 47 52 4
47 47 54 4
47 48 40 4
47 48 41 4
47 48 42 4
47 48 45 4
47 48 46 4
47 48 48 4
47 48 54 4
47 48 55 4
47 49 46 4
47 49 47 4
47 49 49 4
47 49 52 4
47 49 55 4
47 49 56 4
47 49 57 4
47 50 41 4
47 50 49 4
47 50 54 4
47 50 56 4
47 50 57 4
47 51 42 4
47 51 46 4
47 51 47 4
47 51 48 4
47 51 50 4
47 51 51 4
47 51 53 4
47 51 55 4
47 52 44 4
47 52 45 4
47 52 46 4
47 52 50 4
47 52 53 4
47 52 55 4
47 52 57 4
47 53 47 4
47 53 48 4
47 53 49 4
47 53 50 4
47 53 51 4
47 53 53 4
47 53 55 4
47 53 56 4
47 53 57 4
47 53 58 4
47 54 40 4
47 54 43 4
47 54 44 4
47 54 46 4
47 54 47 4
47 54 54 4
47 54 55 4
47 55 40 4
47 55 44 4
47 55 45 4
47 55 47 4
47 55 49 4
47 55 51 4
47 55 52 4
47 55 54 4
47 55 59 4
47 56 40 4
47 56 41 4
47 56 44 4
47 56 46 4
47 56 48 4
47 56 49 4
47 56 51 4
47 56 53 4
47 56 56 4
47 56 58 4
47 57 40 4
47 57 42 4
47 57 43 4
47 57 48 4
47 57 49 4
47 57 51 4
47 57 53 4
47 57 55 4
47 57 56 4
47 58 44 4
47 58 46 4
47 58 47 4
47 58 52 4
47 58 55 4
47 58 57 4
47 59 45 4
47 59 46 4
47 59 50 4
47 59 51 4
47 59 56 4
48 40 46 4
48 40 47 4
48 40 48 4
48 40 51 4
48 40 52 4
48 40 56 4
48 41 40 4
48 41 41 4
48 41 43 4
48 41 45 4
48 41 47 4
48 41 49 4
48 41 51 4
48 41 53 4
48 41 56 4
48 41 57 4
48 42 42 4
48 42 43 4
48 42 47 4
48 42 48 4
48 42 49 4
48 42 51 4
48 42 54 4
48 42 58 4
48 43 40 4
48 43 49 4
48 43 52 4
48 43 54 4
48 43 55 4
48 43 57 4
48 43 58 4
48 43 59 4
48 44 40 4
48 44 43 4
48 44 45 4
48 44 48 4
48 44 49 4
48 44 53 4
48 44 58 4
48 45 41 4
48 45 44 4
48 45 46 4
48 45 47 4
48 45 48 4
48 45 51 4
48 45 59 4
48 46 41 4
48 46 42 4
48 46 43 4
48 46 45 4
48 46 46 4
48 46 51 4
48 46 53 4
48 46 54 4
48 46 56 4
48 46 59 4
48 47 40 4
48 47 41 4
48 47 42 4
48 47 46 4
48 47 47 4
48 47 51 4
48 47 59 4
48 48 42 4
48 48 43 4
48 48 44 4
48 48 47 4
48 48 48 4
48 48 50 4
48 48 52 4
48 49 43 4
48 49 47 4
48 49 50 4
48 49 51 4
48 49 54 4
48 49 55 4
48 49 56 4
48 49 58 4
48 50 40 4
48 50 41 4
48 50 42 4
48 50 48 4
48 50 49 4
48 50 50 4
48 50 53 4
48 50 56 4
48 50 58 4
48 51 43 4
48 51 44 4
48 51 48 4
48 51 50 4
48 51 52 4
48 51 54 4
48 51 55 4
48 51 58 4
48 52 41 4
48 52 42 4
48 52 44 4
48 52 48 4
48 52 49 4
48 52 51 4
48 52 53 4
48 52 54 4
48 52 56 4
48 52 58 4
48 52 59 4
48 53 42 4
48 53 45 4
48 53 49 4
48 53 50 4
48 53 54 4
48 53 55 4
48 53 58 4
48 54 42 4
48 54 43 4
48 54 45 4
48 54 48 4
48 54 49 4
48 54 54 4
48 54 55 4
48 54 57 4
48 54 58 4
48 55 40 4
48 55 41 4
48 55 42 4
48 55 45 4
48 55 46 4
48 55 48 4
48 55 49 4
48 55 50 4
48 55 51 4
48 55 53 4
48 55 56 4
48 55 59 4
48 56 41 4
48 56 43 4
48 56 44 4
48 56 46 4
48 56 54 4
48 56 57 4
48 57 40 4
48 57 42 4
48 57 46 4
48 57 50 4
48 57 51 4
48 57 52 4
48 57 54 4
48 57 58 4
48 57 59 4
48 58 40 4
48 58 41 4
48 58 43 4
48 58 44 4
48 58 45 4
48 58 47 4
48 58 48 4
48 58 50 4
48 58 52 4
48 58 54 4
48 58 55 4
48 58 56 4
48 59 40 4
48 59 41 4
48 59 44 4
48 59 46 4
48 59 47 4
48 59 48 4
48 59 49 4
48 59 50 4
48 59 51 4
48 59 52 4
48 59 54 4
48 59 55 4
49 40 40 4
49 40 42 4
49 40 44 4
49 40 45 4
49 40 48 4
49 40 50 4
49 40 51 4
49 40 54 4
49 40 55 4
49 41 42 4
49 41 43 4
49 41 46 4
49 41 47 4
49 41 51 4
49 41 52 4
49 41 56 4
49 41 57 4
49 42 40 4
49 42 42 4
49 42 48 4
49 42 53 4
49 42 54 4
49 42 59 4
49 43 41 4
49 43 48 4
49 43 50 4
49 43 54 4
49 43 56 4
49 43 57 4
49 44 41 4
49 44 42 4
49 44 45 4
49 44 48 4
49 44 54 4
49 44 56 4
49 45 45 4
49 45 46 4
49 45 49 4
49 45 50 4
49 45 56 4
49 45 59 4
49 46 42 4
49 46 43 4
49 46 44 4
49 46 46 4
49 46 48 4
49 46 49 4
49 46 53 4
49 46 54 4
49 46 55 4
49 47 41 4
49 47 42 4
49 47 44 4
49 47 47 4
49 47 48 4
49 47 54 4
49 47 55 4
49 47 56 4
49 47 58 4
49 47 59 4
49 48 46 4
49 48 47 4
49 48 50 4
49 48 54 4
49 48 55 4
49 49 45 4
49 49 49 4
49 49 54 4
49 49 55 4
49 49 58 4
49 50 41 4
49 50 43 4
49 50 47 4
49 50 48 4
49 50 50 4
49 50 55 4
49 50 56 4
49 51 40 4
49 51 41 4
49 51 44 4
49 51 45 4
49 51 46 4
49 51 47 4
49 51 48 4
49 51 51 4
49 51 52 4
49 51 57 4
49 52 41 4
49 52 43 4
49 52 45 4
49 52 48 4
49 52 50 4
49 52 53 4
49 52 54 4
49 52 56 4
49 53 40 4
49 53 42 4
49 53 44 4
49 53 47 4
49 53 48 4
49 53 54 4
49 53 56 4
49 53 58 4
49 53 59 4
49 54 43 4
49 54 48 4
49 54 51 4
49 54 56 4
49 54 57 4
49 54 59 4
49 55 40 4
49 55 42 4
49 55 44 4
49 55 46 4
49 55 47 4
49 55 51 4
49 55 52 4
49 55 54 4
49 55 55 4
49 55 56 4
49 55 59 4
49 56 41 4
49 56 43 4
49 56 44 4
49 56 45 4
49 56 46 4
49 56 47 4
49 56 49 4
49 56 57 4
49 57 41 4
49 57 42 4
49 57 43 4
49 57 44 4
49 57 45 4
49 57 46 4
49 57 47 4
49 57 49 4
49 57 50 4
49 57 52 4
49 57 54 4
49 57 57 4
49 57 59 4
49 58 40 4
49 58 41 4
49 58 42 4
49 58 45 4
49 58 46 4
49 58 47 4
49 58 55 4
49 58 57 4
49 59 42 4
49 59 45 4
49 59 54 4
50 40 42 4
50 40 44 4
50 40 47 4
50 40 48 4
50 40 50 4
50 40 51 4
50 40 53 4
50 41 44 4
50 41 45 4
50 41 47 4
50 41 53 4
50 41 55 4
50 41 57 4
50 41 59 4
50 42 43 4
50 42 46 4
50 42 52 4
50 42 55 4
50 42 59 4
50 43 40 4
50 43 48 4
50 43 49 4
50 43 50 4
50 43 57 4
50 44 43 4
50 44 45 4
50 44 48 4
50 44 50 4
50 44 52 4
50 44 53 4
50 44 54 4
50 44 57 4
50 44 58 4
50 45 41 4
50 45 42 4
50 45 45 4
50 45 48 4
50 45 50 4
50 45 52 4
50 45 54 4
50 45 57 4
50 45 58 4
50 45 59 4
50 46 40 4
50 46 42 4
50 46 43 4
50 46 45 4
50 46 49 4
50 46 50 4
50 46 52 4
50 46 53 4
50 46 56 4
50 46 57 4
50 46 58 4
50 47 50 4
50 47 54 4
50 47 55 4
50 47 57 4
50 47 59 4
50 48 40 4
50 48 41 4
50 48 43 4
50 48 45 4
50 48 46 4
50 48 48 4
50 48 51 4
50 48 54 4
50 48 55 4
50 48 57 4
50 48 59 4
50 49 40 4
50 49 42 4
50 49 43 4
50 49 44 4
50 49 45 4
50 49 46 4
50 50 40 4
50 50 44 4
50 50 46 4
50 50 51 4
50 50 54 4
50 50 57 4
50 50 59 4
50 51 40 4
50 51 41 4
50 51 42 4
50 51 44 4
50 51 49 4
50 51 50 4
50 51 52 4
50 51 53 4
50 51 56 4
50 51 58 4
50 51 59 4
50 52 41 4
50 52 43 4
50 52 45 4
50 52 46 4
50 52 47 4
50 52 48 4
50 52 57 4
50 53 40 4
50 53 44 4
50 53 45 4
50 53 47 4
50 53 49 4
50 53 52 4
50 53 53 4
50 53 56 4
50 53 57 4
50 54 40 4
50 54 43 4
50 54 45 4
50 54 49 4
50 54 52 4
50 54 54 4
50 54 55 4
50 54 58 4
50 55 42 4
50 55 43 4
50 55 44 4
50 55 45 4
50 55 49 4
50 55 51 4
50 55 52 4
50 55 55 4
50 55 56 4
50 55 58 4
50 56 40 4
50 56 41 4
50 56 42 4
50 56 43 4
50 56 44 4
50 56 45 4
50 56 49 4
50 56 50 4
50 56 51 4
50 56 56 4
50 57 42 4
50 57 47 4
50 57 52 4
50 57 54 4
50 57 57 4
50 58 43 4
50 58 44 4
50 58 45 4
50 58 48 4
50 58 49 4
50 58 50 4
50 58 56 4
50 58 57 4
50 59 41 4
50 59 44 4
50 59 45 4
50 59 48 4
50 59 50 4
50 59 51 4
50 59 53 4
50 59 56 4
50 59 59 4
51 40 41 4
51 40 42 4
51 40 46 4
51 40 48 4
51 40 49 4
51 40 50 4
51 40 51 4
51 40 54 4
51 40 55 4
51 41 47 4
51 41 53 4
51 41 54 4
51 41 55 4
51 41 58 4
51 42 40 4
51 42 42 4
51 42 45 4
51 42 48 4
51 42 49 4
51 42 50 4
51 42 51 4
51 42 52 4
51 42 56 4
51 42 58 4
51 43 49 4
51 43 51 4
51 43 52 4
51 43 54 4
51 43 56 4
51 44 42 4
51 44 44 4
51 44 45 4
51 44 50 4
51 44 53 4
51 44 59 4
51 45 41 4
51 45 43 4
51 45 44 4
51 45 45 4
51 45 46 4
51 45 48 4
51 45 49 4
51 45 52 4
51 45 55 4
51 45 56 4
51 45 58 4
51 46 41 4
51 46 43 4
51 46 46 4
51 46 54 4
51 46 55 4
51 46 57 4
51 47 42 4
51 47 45 4
51 47 46 4
51 47 49 4
51 47 50 4
51 47 53 4
51 48 41 4
51 48 48 4
51 48 50 4
51 48 52 4
51 48 55 4
51 49 40 4
51 49 41 4
51 49 43 4
51 49 46 4
51 49 49 4
51 49 50 4
51 49 51 4
51 49 53 4
51 49 54 4
51 49 55 4
51 49 59 4
51 50 44 4
51 50 45 4
51 50 46 4
51 50 47 4
51 50 53 4
51 50 54 4
51 50 56 4
51 50 58 4
51 50 59 4
51 51 40 4
51 51 41 4
51 51 42 4
51 51 47 4
51 51 49 4
51 51 52 4
51 51 53 4
51 51 58 4
51 52 43 4
51 52 46 4
51 52 47 4
51 52 54 4
51 52 55 4
51 52 57 4
51 53 43 4
51 53 47 4
51 53 48 4
51 53 51 4
51 53 53 4
51 53 54 4
51 53 55 4
51 53 57 4
51 53 58 4
51 54 42 4
51 54 44 4
51 54 48 4
51 54 52 4
51 54 53 4
51 54 54 4
51 55 42 4
51 55 43 4
51 55 46 4
51 55 50 4
51 55 53 4
51 55 55 4
51 55 56 4
51 56 40 4
51 56 42 4
51 56 44 4
51 56 46 4
51 56 50 4
51 56 51 4
51 56 54 4
51 56 56 4
51 56 58 4
51 57 41 4
51 57 44 4
51 57 46 4
51 57 48 4
51 57 49 4
51 57 50 4
51 57 52 4
51 57 55 4
51 58 41 4
51 58 44 4
51 58 45 4
51 58 48 4
51 58 50 4
51 58 51 4
51 58 56 4
51 59 42 4
51 59 44 4
51 59 45 4
51 59 49 4
51 59 50 4
51 59 51 4
51 59 52 4
51 59 54 4
51 59 55 4
51 59 56 4
51 59 58 4
52 40 46 4
52 40 47 4
52 40 49 4
52 40 56 4
52 40 58 4
52 40 59 4
52 41 42 4
52 41 44 4
52 41 45 4
52 41 47 4
52 41 51 4
52 41 54 4
52 41 55 4
52 41 56 4
52 42 44 4
52 42 45 4
52 42 49 4
52 42 51 4
52 42 54 4
52 42 56 4
52 42 57 4
52 43 41 4
52 43 42 4
52 43 51 4
52 43 52 4
52 43 56 4
52 43 57 4
52 43 59 4
52 44 41 4
52 44 42 4
52 44 44 4
52 44 46 4
52 44 47 4
52 44 52 4
52 44 53 4
52 44 56 4
52 44 57 4
52 45 40 4
52 45 41 4
52 45 44 4
52 45 47 4
52 45 51 4
52 45 53 4
52 45 54 4
52 45 56 4
52 45 58 4
52 45 59 4
52 46 42 4
52 46 43 4
52 46 46 4
52 46 48 4
52 46 49 4
52 46 51 4
52 46 53 4
52 46 58 4
52 47 43 4
52 47 46 4
52 47 47 4
52 47 53 4
52 47 54 4
52 47 55 4
52 48 40 4
52 48 46 4
52 48 47 4
52 48 50 4
52 48 53 4
52 48 58 4
52 49 46 4
52 49 48 4
52 49 50 4
52 49 51 4
52 49 53 4
52 49 59 4
52 50 41 4
52 50 42 4
52 50 45 4
52 50 47 4
52 50 55 4
52 50 56 4
52 50 57 4
52 50 58 4
52 51 40 4
52 51 41 4
52 51 42 4
52 51 44 4
52 51 46 4
52 51 47 4
52 51 48 4
52 51 49 4
52 51 50 4
52 51 54 4
52 51 55 4
52 51 59 4
52 52 48 4
52 52 49 4
52 52 51 4
52 52 54 4
52 52 59 4
52 53 41 4
52 53 45 4
52 53 47 4
52 53 58 4
52 54 42 4
52 54 46 4
52 54 50 4
52 54 59 4
52 55 40 4
52 55 41 4
52 55 43 4
52 55 45 4
52 55 50 4
52 55 53 4
52 55 55 4
52 55 56 4
52 55 57 4
52 56 41 4
52 56 42 4
52 56 44 4
52 56 47 4
52 56 50 4
52 56 52 4
52 56 54 4
52 56 59 4
52 57 42 4
52 57 49 4
52 57 51 4
52 57 55 4
52 57 56 4
52 57 57 4
52 57 58 4
52 58 40 4
52 58 43 4
52 58 44 4
52 58 46 4
52 58 48 4
52 58 49 4
52 58 51 4
52 58 54 4
52 58 56 4
52 58 58 4
52 59 40 4
52 59 41 4
52 59 43 4
52 59 47 4
52 59 48 4
52 59 49 4
52 59 50 4
52 59 51 4
52 59 54 4
52 59 56 4
53 40 40 4
53 40 41 4
53 40 42 4
53 40 44 4
53 40 45 4
53 40 46 4
53 40 47 4
53 40 50 4
53 40 51 4
53 40 52 4
53 40 53 4
53 40 57 4
53 40 59 4
53 41 41 4
53 41 49 4
53 41 51 4
53 41 52 4
53 41 56 4
53 41 58 4
53 42 41 4
53 42 44 4
53 42 45 4
53 42 48 4
53 42 50 4
53 42 53 4
53 42 54 4
53 42 57 4
53 42 58 4
53 43 41 4
53 43 42 4
53 43 45 4
53 43 46 4
53 43 48 4
53 43 49 4
53 43 50 4
53 43 53 4
53 43 54 4
53 43 56 4
53 43 58 4
53 43 59 4
53 44 40 4
53 44 41 4
53 44 45 4
53 44 46 4
53 44 47 4
53 44 50 4
53 44 53 4
53 44 54 4
53 44 55 4
53 44 57 4
53 44 58 4
53 44 59 4
53 45 42 4
53 45 43 4
53 45 44 4
53 45 47 4
53 45 51 4
53 45 54 4
53 45 59 4
53 46 40 4
53 46 42 4
53 46 45 4
53 46 46 4
53 46 51 4
53 46 55 4
53 46 57 4
53 46 59 4
53 47 43 4
53 47 46 4
53 47 51 4
53 47 52 4
53 47 59 4
53 48 40 4
53 48 42 4
53 48 43 4
53 48 45 4
53 48 49 4
53 48 51 4
53 48 52 4
53 48 53 4
53 48 56 4
53 48 58 4
53 48 59 4
53 49 43 4
53 49 44 4
53 49 45 4
53 49 50 4
53 49 51 4
53 49 57 4
53 50 40 4
53 50 42 4
53 50 43 4
53 50 44 4
53 50 45 4
53 50 46 4
53 50 47 4
53 50 52 4
53 50 53 4
53 50 59 4
53 51 40 4
53 51 44 4
53 51 50 4
53 51 53 4
53 51 58 4
53 52 40 4
53 52 41 4
53 52 43 4
53 52 44 4
53 52 45 4
53 52 53 4
53 52 55 4
53 52 57 4
53 53 41 4
53 53 42 4
53 53 43 4
53 53 47 4
53 53 48 4
53 53 49 4
53 53 53 4
53 53 54 4
53 53 57 4
53 54 41 4
53 54 42 4
53 54 45 4
53 54 46 4
53 54 52 4
53 54 55 4
53 54 56 4
53 54 57 4
53 55 40 4
53 55 42 4
53 55 43 4
53 55 45 4
53 55 49 4
53 55 50 4
53 55 52 4
53 55 53 4
53 55 55 4
53 55 56 4
53 56 41 4
53 56 42 4
53 56 44 4
53 56 47 4
53 56 51 4
53 56 56 4
53 56 57 4
53 57 42 4
53 57 46 4
53 57 47 4
53 57 48 4
53 57 50 4
53 57 53 4
53 57 54 4
53 57 56 4
53 57 59 4
53 58 41 4
53 58 46 4
53 58 47 4
53 58 53 4
53 58 57 4
53 58 58 4
53 58 59 4
53 59 40 4
53 59 41 4
53 59 42 4
53 59 43 4
53 59 45 4
53 59 46 4
53 59 48 4
53 59 52 4
53 59 53 4
53 59 58 4
54 40 40 4
54 40 44 4
54 40 48 4
54 40 49 4
54 40 50 4
54 40 52 4
54 40 58 4
54 40 59 4
54 41 45 4
54 41 46 4
54 41 49 4
54 41 50 4
54 41 53 4
54 41 55 4
54 41 57 4
54 41 58 4
54 42 40 4
54 42 46 4
54 42 48 4
54 42 49 4
54 42 50 4
54 42 51 4
54 42 52 4
54 42 57 4
54 42 59 4
54 43 40 4
54 43 41 4
54 43 42 4
54 43 44 4
54 43 46 4
54 43 47 4
54 43 50 4
54 43 51 4
54 43 54 4
54 43 55 4
54 43 57 4
54 43 58 4
54 43 59 4
54 44 40 4
54 44 41 4
54 44 43 4
54 44 45 4
54 44 48 4
54 44 50 4
54 44 51 4
54 44 52 4
54 44 55 4
54 44 59 4
54 45 40 4
54 45 42 4
54 45 44 4
54 45 48 4
54 45 52 4
54 45 53 4
54 45 57 4
54 45 59 4
54 46 40 4
54 46 43 4
54 46 44 4
54 46 45 4
54 46 48 4
54 46 50 4
54 46 51 4
54 46 53 4
54 46 54 4
54 46 55 4
54 47 41 4
54 47 42 4
54 47 44 4
54 47 45 4
54 47 47 4
54 47 50 4
54 47 51 4
54 47 52 4
54 47 55 4
54 47 56 4
54 48 40 4
54 48 41 4
54 48 44 4
54 48 46 4
54 48 49 4
54 48 51 4
54 48 56 4
54 49 41 4
54 49 43 4
54 49 44 4
54 49 47 4
54 49 48 4
54 49 56 4
54 49 59 4
54 50 41 4
54 50 42 4
54 50 43 4
54 50 47 4
54 50 48 4
54 50 49 4
54 50 51 4
54 50 53 4
54 50 55 4
54 50 58 4
54 51 41 4
54 51 43 4
54 51 45 4
54 51 52 4
54 52 42 4
54 52 46 4
54 52 47 4
54 52 50 4
54 52 51 4
54 52 53 4
54 52 54 4
54 52 55 4
54 53 43 4
54 53 45 4
54 53 46 4
54 53 52 4
54 53 53 4
54 53 59 4
54 54 41 4
54 54 42 4
54 54 43 4
54 54 48 4
54 54 52 4
54 54 53 4
54 54 54 4
54 54 55 4
54 54 57 4
54 54 58 4
54 55 42 4
54 55 44 4
54 55 45 4
54 55 46 4
54 55 51 4
54 55 53 4
54 55 56 4
54 55 58 4
54 56 40 4
54 56 45 4
54 56 46 4
54 56 52 4
54 56 53 4
54 56 54 4
54 56 55 4
54 56 58 4
54 57 41 4
54 57 42 4
54 57 43 4
54 57 44 4
54 57 48 4
54 57 49 4
54 57 52 4
54 57 53 4
54 57 55 4
54 57 58 4
54 58 40 4
54 58 41 4
54 58 45 4
54 58 47 4
54 58 48 4
54 58 50 4
54 58 53 4
54 58 55 4
54 58 56 4
54 58 57 4
54 59 45 4
54 59 50 4
54 59 52 4
54 59 53 4
54 59 55 4
54 59 56 4
54 59 57 4
54 59 59 4
55 40 41 4
55 40 42 4
55 40 44 4
55 40 45 4
55 40 46 4
55 40 48 4
55 40 49 4
55 40 52 4
55 40 54 4
55 40 55 4
55 40 57 4
55 41 45 4
55 41 47 4
55 41 50 4
55 41 59 4
55 42 41 4
55 42 43 4
55 42 45 4
55 42 47 4
55 42 56 4
55 42 57 4
55 43 42 4
55 43 44 4
55 43 45 4
55 43 46 4
55 43 48 4
55 43 50 4
55 43 53 4
55 43 54 4
55 43 55 4
55 43 56 4
55 44 40 4
55 44 51 4
55 44 53 4
55 45 40 4
55 45 43 4
55 45 44 4
55 45 45 4
55 45 46 4
55 45 49 4
55 45 51 4
55 45 53 4
55 45 54 4
55 45 58 4
55 46 40 4
55 46 44 4
55 46 46 4
55 46 48 4
55 46 56 4
55 47 42 4
55 47 47 4
55 47 49 4
55 47 52 4
55 47 54 4
55 47 55 4
55 47 57 4
55 48 43 4
55 48 44 4
55 48 46 4
55 48 47 4
55 48 48 4
55 48 49 4
55 48 50 4
55 48 53 4
55 48 54 4
55 48 55 4
55 48 59 4
55 49 41 4
55 49 42 4
55 49 43 4
55 49 44 4
55 49 45 4
55 49 46 4
55 49 48 4
55 49 49 4
55 49 51 4
55 49 52 4
55 49 56 4
55 49 57 4
55 49 59 4
55 50 41 4
55 50 42 4
55 50 43 4
55 50 48 4
55 50 50 4
55 50 53 4
55 50 54 4
55 50 58 4
55 50 59 4
55 51 40 4
55 51 41 4
55 51 44 4
55 51 45 4
55 51 46 4
55 51 48 4
55 51 50 4
55 51 52 4
55 51 53 4
55 51 54 4
55 51 56 4
55 51 57 4
55 51 58 4
55 52 41 4
55 52 44 4
55 52 45 4
55 52 47 4
55 52 49 4
55 52 52 4
55 52 54 4
55 52 59 4
55 53 41 4
55 53 44 4
55 53 45 4
55 53 49 4
55 53 50 4
55 53 51 4
55 53 52 4
55 53 53 4
55 53 56 4
55 53 59 4
55 54 41 4
55 54 43 4
55 54 46 4
55 54 48 4
55 54 49 4
55 54 50 4
55 54 52 4
55 54 53 4
55 54 55 4
55 54 56 4
55 54 58 4
55 54 59 4
55 55 42 4
55 55 46 4
55 55 47 4
55 55 48 4
55 55 49 4
55 55 50 4
55 55 51 4
55 55 57 4
55 55 58 4
55 56 40 4
55 56 41 4
55 56 45 4
55 56 46 4
55 56 48 4
55 56 49 4
55 56 50 4
55 56 54 4
55 56 58 4
55 57 48 4
55 57 50 4
55 57 54 4
55 57 56 4
55 57 58 4
55 58 42 4
55 58 52 4
55 58 56 4
55 58 58 4
55 58 59 4
55 59 42 4
55 59 45 4
55 59 46 4
55 59 47 4
55 59 48 4
55 59 52 4
56 40 42 4
56 40 43 4
56 40 44 4
56 40 46 4
56 40 47 4
56 40 49 4
56 40 52 4
56 40 54 4
56 40 59 4
56 41 42 4
56 41 43 4
56 41 48 4
56 41 52 4
56 41 54 4
56 41 58 4
56 42 40 4
56 42 41 4
56 42 43 4
56 42 44 4
56 42 46 4
56 42 48 4
56 42 52 4
56 42 55 4
56 42 57 4
56 43 43 4
56 43 44 4
56 43 47 4
56 43 50 4
56 43 53 4
56 43 57 4
56 44 41 4
56 44 43 4
56 44 47 4
56 44 48 4
56 44 49 4
56 44 56 4
56 44 57 4
56 44 59 4
56 45 40 4
56 45 41 4
56 45 44 4
56 45 48 4
56 45 50 4
56 45 56 4
56 45 59 4
56 46 43 4
56 46 44 4
56 46 45 4
56 46 48 4
56 46 49 4
56 46 51 4
56 46 53 4
56 46 54 4
56 46 57 4
56 47 42 4
56 47 44 4
56 47 55 4
56 47 57 4
56 47 59 4
56 48 41 4
56 48 44 4
56 48 48 4
56 48 53 4
56 48 57 4
56 48 58 4
56 48 59 4
56 49 40 4
56 49 41 4
56 49 44 4
56 49 45 4
56 49 46 4
56 49 47 4
56 49 48 4
56 49 50 4
56 49 53 4
56 49 56 4
56 50 40 4
56 50 44 4
56 50 47 4
56 50 50 4
56 50 53 4
56 50 54 4
56 50 56 4
56 50 57 4
56 50 59 4
56 51 40 4
56 51 41 4
56 51 43 4
56 51 44 4
56 51 48 4
56 51 50 4
56 51 51 4
56 51 53 4
56 51 54 4
56 51 56 4
56 51 57 4
56 51 58 4
56 52 44 4
56 52 48 4
56 52 55 4
56 52 56 4
56 53 41 4
56 53 44 4
56 53 45 4
56 53 49 4
56 53 51 4
56 53 52 4
56 53 59 4
56 54 40 4
56 54 41 4
56 54 42 4
56 54 46 4
56 54 50 4
56 54 51 4
56 54 55 4
56 54 56 4
56 55 41 4
56 55 42 4
56 55 43 4
56 55 44 4
56 55 46 4
56 55 47 4
56 55 48 4
56 55 49 4
56 55 52 4
56 55 54 4
56 55 59 4
56 56 40 4
56 56 42 4
56 56 46 4
56 56 47 4
56 56 48 4
56 56 49 4
56 56 50 4
56 56 53 4
56 56 59 4
56 57 40 4
56 57 42 4
56 57 47 4
56 57 49 4
56 57 52 4
56 57 55 4
56 57 57 4
56 57 59 4
56 58 44 4
56 58 48 4
56 58 50 4
56 58 54 4
56 59 41 4
56 59 42 4
56 59 44 4
56 59 46 4
56 59 54 4
56 59 56 4
56 59 58 4
57 40 40 4
57 40 46 4
57 40 49 4
57 40 51 4
57 40 55 4
57 40 57 4
57 40 59 4
57 41 40 4
57 41 41 4
57 41 42 4
57 41 43 4
57 41 44 4
57 41 47 4
57 41 48 4
57 41 49 4
57 41 54 4
57 41 55 4
57 41 57 4
57 42 42 4
57 42 44 4
57 42 46 4
57 42 47 4
57 42 48 4
57 42 49 4
57 42 55 4
57 42 56 4
57 43 40 4
57 43 41 4
57 43 47 4
57 43 48 4
57 43 49 4
57 43 50 4
57 43 51 4
57 43 52 4
57 43 54 4
57 44 42 4
57 44 43 4
57 44 44 4
57 44 45 4
57 44 46 4
57 44 49 4
57 44 50 4
57 44 53 4
57 44 54 4
57 44 55 4
57 44 56 4
57 44 57 4
57 45 41 4
57 45 45 4
57 45 46 4
57 45 48 4
57 45 52 4
57 45 53 4
57 45 54 4
57 45 55 4
57 45 56 4
57 45 58 4
57 46 40 4
57 46 43 4
57 46 45 4
57 46 46 4
57 46 47 4
57 46 48 4
57 46 50 4
57 46 53 4
57 46 55 4
57 46 57 4
57 46 58 4
57 47 41 4
57 47 45 4
57 47 50 4
57 47 51 4
57 47 53 4
57 47 56 4
57 48 40 4
57 48 44 4
57 48 45 4
57 48 46 4
57 48 49 4
57 48 51 4
57 48 53 4
57 48 54 4
57 48 55 4
57 48 58 4
57 48 59 4
57 49 40 4
57 49 41 4
57 49 42 4
57 49 43 4
57 49 44 4
57 49 45 4
57 49 50 4
57 49 54 4
57 49 55 4
57 49 57 4
57 50 41 4
57 50 44 4
57 50 46 4
57 50 49 4
57 50 52 4
57 50 57 4
57 50 58 4
57 51 42 4
57 51 44 4
57 51 45 4
57 51 46 4
57 51 49 4
57 51 50 4
57 51 51 4
57 51 53 4
57 51 54 4
57 51 55 4
57 51 56 4
57 51 57 4
57 51 58 4
57 51 59 4
57 52 44 4
57 52 45 4
57 52 47 4
57 52 49 4
57 52 52 4
57 52 56 4
57 52 57 4
57 52 59 4
57 53 45 4
57 53 46 4
57 53 48 4
57 53 49 4
57 53 51 4
57 53 54 4
57 53 55 4
57 53 57 4
57 53 59 4
57 54 40 4
57 54 41 4
57 54 42 4
57 54 45 4
57 54 48 4
57 54 53 4
57 54 55 4
57 54 57 4
57 54 58 4
57 54 59 4
57 55 40 4
57 55 41 4
57 55 43 4
57 55 44 4
57 55 46 4
57 55 47 4
57 55 51 4
57 55 54 4
57 55 58 4
57 56 43 4
57 56 49 4
57 56 50 4
57 56 52 4
57 56 54 4
57 56 55 4
57 56 57 4
57 56 58 4
57 57 40 4
57 57 44 4
57 57 48 4
57 57 51 4
57 57 52 4
57 57 53 4
57 57 55 4
57 57 58 4
57 58 42 4
57 58 43 4
57 58 45 4
57 58 48 4
57 58 49 4
57 58 50 4
57 58 54 4
57 58 58 4
57 59 42 4
57 59 43 4
57 59 44 4
57 59 45 4
57 59 47 4
57 59 49 4
57 59 50 4
57 59 54 4
57 59 55 4
57 59 57 4
58 40 42 4
58 40 45 4
58 40 46 4
58 40 49 4
58 40 50 4
58 40 52 4
58 40 57 4
58 40 59 4
58 41 40 4
58 41 43 4
58 41 44 4
58 41 45 4
58 41 50 4
58 41 51 4
58 41 53 4
58 41 55 4
58 41 58 4
58 41 59 4
58 42 40 4
58 42 41 4
58 42 42 4
58 42 43 4
58 42 45 4
58 42 48 4
58 42 51 4
58 42 52 4
58 42 54 4
58 42 55 4
58 42 57 4
58 42 59 4
58 43 42 4
58 43 43 4
58 43 46 4
58 43 47 4
58 43 48 4
58 43 53 4
58 44 40 4
58 44 41 4
58 44 42 4
58 44 44 4
58 44 45 4
58 44 46 4
58 44 48 4
58 44 50 4
58 44 53 4
58 44 57 4
58 44 58 4
58 44 59 4
58 45 42 4
58 45 43 4
58 45 45 4
58 45 47 4
58 45 48 4
58 45 53 4
58 45 55 4
58 46 41 4
58 46 43 4
58 46 45 4
58 46 49 4
58 46 51 4
58 46 52 4
58 46 53 4
58 46 55 4
58 46 56 4
58 46 57 4
58 46 58 4
58 46 59 4
58 47 42 4
58 47 44 4
58 47 47 4
58 47 49 4
58 47 52 4
58 47 53 4
58 47 58 4
58 48 40 4
58 48 41 4
58 48 48 4
58 48 55 4
58 48 56 4
58 48 57 4
58 48 59 4
58 49 43 4
58 49 44 4
58 49 46 4
58 49 47 4
58 49 49 4
58 49 50 4
58 49 52 4
58 49 57 4
58 50 40 4
58 50 41 4
58 50 44 4
58 50 50 4
58 50 54 4
58 50 55 4
58 51 41 4
58 51 42 4
58 51 45 4
58 51 46 4
58 51 49 4
58 51 54 4
58 51 55 4
58 51 57 4
58 52 40 4
58 52 43 4
58 52 44 4
58 52 50 4
58 52 53 4
58 52 56 4
58 52 57 4
58 52 58 4
58 53 44 4
58 53 45 4
58 53 46 4
58 53 49 4
58 53 50 4
58 53 51 4
58 53 52 4
58 53 59 4
58 54 42 4
58 54 46 4
58 54 49 4
58 54 50 4
58 54 51 4
58 54 52 4
58 54 54 4
58 55 45 4
58 55 46 4
58 55 47 4
58 55 49 4
58 55 51 4
58 55 59 4
58 56 40 4
58 56 42 4
58 56 47 4
58 56 49 4
58 56 50 4
58 56 52 4
58 56 53 4
58 56 56 4
58 56 57 4
58 56 58 4
58 56 59 4
58 57 42 4
58 57 48 4
58 57 49 4
58 57 50 4
58 57 53 4
58 57 55 4
58 58 41 4
58 58 45 4
58 58 46 4
58 58 48 4
58 58 50 4
58 58 52 4
58 59 40 4
58 59 44 4
58 59 45 4
58 59 47 4
58 59 48 4
58 59 51 4
58 59 52 4
58 59 57 4
59 40 41 4
59 40 42 4
59 40 44 4
59 40 47 4
59 40 53 4
59 40 54 4
59 40 57 4
59 41 41 4
59 41 42 4
59 41 43 4
59 41 44 4
59 41 46 4
59 41 53 4
59 41 57 4
59 41 58 4
59 42 45 4
59 42 49 4
59 42 50 4
59 42 54 4
59 42 56 4
59 42 57 4
59 42 59 4
59 43 41 4
59 43 42 4
59 43 45 4
59 43 46 4
59 43 48 4
59 43 52 4
59 43 54 4
59 43 55 4
59 44 40 4
59 44 45 4
59 44 46 4
59 44 52 4
59 44 53 4
59 44 56 4
59 44 59 4
59 45 42 4
59 45 43 4
59 45 46 4
59 45 47 4
59 45 49 4
59 45 50 4
59 45 51 4
59 46 42 4
59 46 43 4
59 46 45 4
59 46 49 4
59 46 55 4
59 47 59 4
59 48 41 4
59 48 50 4
59 48 51 4
59 48 53 4
59 48 54 4
59 48 55 4
59 48 56 4
59 48 59 4
59 49 40 4
59 49 46 4
59 49 47 4
59 49 54 4
59 49 55 4
59 49 56 4
59 49 57 4
59 49 58 4
59 50 41 4
59 50 44 4
59 50 45 4
59 50 46 4
59 50 50 4
59 50 55 4
59 50 58 4
59 50 59 4
59 51 43 4
59 51 44 4
59 51 45 4
59 51 47 4
59 51 48 4
59 51 54 4
59 52 45 4
59 52 46 4
59 52 51 4
59 52 52 4
59 53 48 4
59 53 54 4
59 53 55 4
59 53 56 4
59 53 57 4
59 54 41 4
59 54 42 4
59 54 44 4
59 54 49 4
59 54 51 4
59 54 52 4
59 54 53 4
59 54 55 4
59 54 56 4
59 54 58 4
59 54 59 4
59 55 40 4
59 55 49 4
59 55 50 4
59 55 51 4
59 55 53 4
59 55 54 4
59 55 56 4
59 55 58 4
59 56 40 4
59 56 41 4
59 56 42 4
59 56 45 4
59 56 47 4
59 56 49 4
59 56 52 4
59 56 58 4
59 56 59 4
59 57 40 4
59 57 41 4
59 57 47 4
59 57 48 4
59 57 49 4
59 57 50 4
59 57 56 4
59 57 57 4
59 58 46 4
59 58 47 4
59 58 56 4
59 58 59 4
59 59 44 4
59 59 51 4
59 59 52 4
59 59 56 4
59 59 57 4
59 59 59 4
