4-7/6-8/10/M
15 15 16 9
15 15 20 9
15 15 24 9
15 15 25 9
15 15 26 9
15 15 31 9
15 15 32 9
15 15 33 9
15 15 34 9
15 16 15 9
15 16 16 9
15 16 18 9
15 16 20 9
15 16 23 9
15 16 25 9
15 16 27 9
15 16 30 9
15 16 31 9
15 16 33 9
15 17 16 9
15 17 19 9
15 17 20 9
15 17 21 9
15 17 22 9
15 17 25 9
15 17 27 9
15 17 29 9
15 17 31 9
15 17 33 9
15 18 20 9
15 18 25 9
15 18 26 9
15 18 31 9
15 19 17 9
15 19 18 9
15 19 21 9
15 19 27 9
15 19 29 9
15 19 31 9
15 20 15 9
15 20 17 9
15 20 33 9
15 21 20 9
15 21 27 9
15 21 29 9
15 21 30 9
15 21 31 9
15 21 34 9
15 22 16 9
15 22 18 9
15 22 21 9
15 22 22 9
15 22 28 9
15 22 30 9
15 22 34 9
15 23 16 9
15 23 17 9
15 23 22 9
15 23 25 9
15 23 32 9
15 24 17 9
15 24 20 9
15 24 24 9
15 24 26 9
15 24 29 9
15 24 33 9
15 25 15 9
15 25 20 9
15 25 21 9
15 25 25 9
15 25 31 9
15 26 20 9
15 26 25 9
15 26 29 9
15 26 31 9
15 26 34 9
15 27 15 9
15 27 31 9
15 27 33 9
15 28 15 9
15 28 19 9
15 28 25 9
15 28 26 9
15 28 27 9
15 28 29 9
15 28 31 9
15 28 32 9
15 29 17 9
15 29 18 9
15 29 24 9
15 29 26 9
15 29 28 9
15 29 29 9
15 29 33 9
15 30 15 9
15 30 17 9
15 30 19 9
15 30 20 9
15 30 22 9
15 30 28 9
15 30 31 9
15 30 33 9
15 30 34 9
15 31 16 9
15 31 17 9
15 31 18 9
15 31 19 9
15 31 21 9
15 31 24 9
15 31 26 9
15 31 29 9
15 31 30 9
15 32 15 9
15 32 33 9
15 33 17 9
15 33 22 9
15 33 30 9
15 33 32 9
15 34 17 9
15 34 22 9
15 34 23 9
15 34 25 9
15 34 29 9
15 34 30 9
15 34 31 9
15 34 32 9
16 15 15 9
16 15 21 9
16 15 30 9
16 15 34 9
16 16 15 9
16 16 16 9
16 16 17 9
16 16 18 9
16 16 21 9
16 16 23 9
16 16 32 9
16 16 34 9
16 17 16 9
16 17 19 9
16 17 29 9
16 18 15 9
16 18 18 9
16 18 24 9
16 18 25 9
16 18 26 9
16 18 27 9
16 18 31 9
16 19 16 9
16 19 17 9
16 19 24 9
16 19 25 9
16 19 26 9
16 19 32 9
16 20 17 9
16 20 20 9
16 20 24 9
16 20 25 9
16 20 27 9
16 20 32 9
16 21 16 9
16 21 17 9
16 21 18 9
16 21 19 9
16 21 20 9
16 21 25 9
16 21 27 9
16 21 30 9
16 21 31 9
16 21 32 9
16 22 15 9
16 22 18 9
16 23 18 9
16 23 21 9
16 23 22 9
16 23 24 9
16 23 25 9
16 23 28 9
16 23 29 9
16 23 30 9
16 23 32 9
16 23 33 9
16 23 34 9
16 24 16 9
16 24 18 9
16 24 20 9
16 24 21 9
16 24 23 9
16 24 25 9
16 24 31 9
16 24 32 9
16 24 34 9
16 25 15 9
16 25 16 9
16 25 22 9
16 25 26 9
16 25 27 9
16 25 28 9
16 25 30 9
16 26 16 9
16 26 23 9
16 26 26 9
16 26 29 9
16 26 31 9
16 26 33 9
16 26 34 9
16 27 20 9
16 27 23 9
16 27 26 9
16 27 27 9
16 27 29 9
16 27 32 9
16 28 15 9
16 28 16 9
16 28 20 9
16 28 21 9
16 28 22 9
16 28 23 9
16 28 30 9
16 28 32 9
16 28 34 9
16 29 16 9
16 29 17 9
16 29 24 9
16 29 28 9
16 29 30 9
16 29 32 9
16 29 33 9
16 30 15 9
16 30 16 9
16 30 28 9
16 30 31 9
16 31 18 9
16 31 21 9
16 31 29 9
16 32 17 9
16 32 18 9
16 32 22 9
16 32 23 9
16 32 26 9
16 32 27 9
16 32 33 9
16 33 15 9
16 33 17 9
16 33 18 9
16 33 21 9
16 33 22 9
16 33 24 9
16 33 27 9
16 33 29 9
16 33 30 9
16 33 31 9
16 34 15 9
16 34 22 9
16 34 24 9
16 34 27 9
16 34 28 9
16 34 31 9
16 34 33 9
17 15 20 9
17 15 21 9
17 15 23 9
17 15 26 9
17 15 30 9
17 15 32 9
17 15 34 9
17 16 24 9
17 16 28 9
17 16 29 9
17 16 32 9
17 16 33 9
17 17 15 9
17 17 20 9
17 17 24 9
17 17 25 9
17 17 27 9
17 17 28 9
17 17 30 9
17 17 32 9
17 17 34 9
17 18 18 9
17 18 21 9
17 18 22 9
17 18 23 9
17 18 26 9
17 18 28 9
17 18 30 9
17 19 15 9
17 19 19 9
17 19 20 9
17 19 22 9
17 19 24 9
17 19 29 9
17 19 31 9
17 20 16 9
17 20 17 9
17 20 19 9
17 20 22 9
17 20 28 9
17 20 30 9
17 21 15 9
17 21 19 9
17 21 20 9
17 21 22 9
17 21 29 9
17 21 34 9
17 22 18 9
17 22 20 9
17 22 26 9
17 22 27 9
17 22 31 9
17 22 33 9
17 22 34 9
17 23 16 9
17 23 19 9
17 23 22 9
17 23 25 9
17 23 26 9
17 23 30 9
17 23 33 9
17 24 16 9
17 24 17 9
17 24 20 9
17 24 22 9
17 24 28 9
17 24 29 9
17 24 31 9
17 24 32 9
17 24 34 9
17 25 15 9
17 25 18 9
17 25 20 9
17 25 24 9
17 25 25 9
17 25 26 9
17 25 32 9
17 26 17 9
17 26 20 9
17 26 25 9
17 26 27 9
17 26 28 9
17 26 29 9
17 27 24 9
17 27 25 9
17 28 15 9
17 28 20 9
17 28 23 9
17 28 28 9
17 28 30 9
17 28 32 9
17 28 33 9
17 29 18 9
17 29 25 9
17 29 27 9
17 29 28 9
17 29 31 9
17 30 16 9
17 30 19 9
17 30 22 9
17 30 24 9
17 30 31 9
17 31 15 9
17 31 19 9
17 31 26 9
17 31 33 9
17 31 34 9
17 32 19 9
17 32 21 9
17 32 24 9
17 32 31 9
17 33 19 9
17 33 21 9
17 33 26 9
17 34 18 9
17 34 20 9
17 34 23 9
17 34 24 9
17 34 28 9
17 34 30 9
18 15 16 9
18 15 25 9
18 15 30 9
18 16 19 9
18 16 21 9
18 16 24 9
18 16 26 9
18 16 27 9
18 16 29 9
18 16 32 9
18 17 16 9
18 17 18 9
18 17 24 9
18 17 26 9
18 17 28 9
18 17 29 9
18 17 32 9
18 17 33 9
18 18 18 9
18 18 19 9
18 18 21 9
18 18 28 9
18 18 30 9
18 18 33 9
18 19 17 9
18 19 20 9
18 19 21 9
18 19 29 9
18 19 33 9
18 20 15 9
18 20 17 9
18 20 19 9
18 20 20 9
18 20 22 9
18 20 24 9
18 20 25 9
18 20 26 9
18 20 33 9
18 21 18 9
18 21 23 9
18 21 24 9
18 21 27 9
18 22 15 9
18 22 18 9
18 22 19 9
18 22 21 9
18 22 23 9
18 22 31 9
18 23 16 9
18 23 20 9
18 23 21 9
18 23 33 9
18 24 18 9
18 24 20 9
18 24 27 9
18 24 31 9
18 24 34 9
18 25 15 9
18 25 17 9
18 25 18 9
18 25 20 9
18 25 22 9
18 25 27 9
18 25 30 9
18 25 33 9
18 25 34 9
18 26 16 9
18 26 21 9
18 26 22 9
18 26 30 9
18 27 23 9
18 27 28 9
18 27 30 9
18 27 34 9
18 28 15 9
18 28 20 9
18 28 29 9
18 29 16 9
18 29 20 9
18 29 24 9
18 29 31 9
18 30 16 9
18 30 22 9
18 30 25 9
18 30 26 9
18 30 31 9
18 31 15 9
18 31 16 9
18 31 17 9
18 31 23 9
18 31 26 9
18 31 29 9
18 32 17 9
18 32 20 9
18 32 23 9
18 32 27 9
18 33 21 9
18 33 29 9
18 33 30 9
18 33 31 9
18 34 18 9
18 34 19 9
18 34 22 9
18 34 25 9
18 34 26 9
18 34 28 9
18 34 30 9
18 34 33 9
18 34 34 9
19 15 18 9
19 15 19 9
19 15 21 9
19 15 22 9
19 15 24 9
19 15 25 9
19 15 26 9
19 15 31 9
19 16 15 9
19 16 19 9
19 16 26 9
19 16 28 9
19 16 29 9
19 16 30 9
19 16 33 9
19 17 19 9
19 17 28 9
19 18 16 9
19 18 20 9
19 18 21 9
19 18 27 9
19 18 29 9
19 18 31 9
19 18 33 9
19 19 16 9
19 19 17 9
19 19 20 9
19 19 22 9
19 19 23 9
19 19 27 9
19 19 32 9
19 20 23 9
19 20 29 9
19 21 15 9
19 21 17 9
19 21 18 9
19 21 19 9
19 21 26 9
19 21 28 9
19 21 30 9
19 21 31 9
19 21 32 9
19 22 18 9
19 22 30 9
19 22 31 9
19 22 33 9
19 22 34 9
19 23 15 9
19 23 18 9
19 23 24 9
19 23 25 9
19 23 26 9
19 24 17 9
19 24 29 9
19 24 34 9
19 25 20 9
19 25 25 9
19 25 28 9
19 25 32 9
19 25 34 9
19 26 20 9
19 26 21 9
19 26 25 9
19 26 26 9
19 27 17 9
19 27 18 9
19 27 30 9
19 27 31 9
19 28 21 9
19 28 24 9
19 28 25 9
19 29 17 9
19 29 19 9
19 29 20 9
19 29 22 9
19 29 23 9
19 29 24 9
19 29 29 9
19 29 30 9
19 29 31 9
19 29 32 9
19 30 21 9
19 30 22 9
19 30 26 9
19 30 28 9
19 30 29 9
19 30 30 9
19 30 32 9
19 30 33 9
19 31 15 9
19 31 18 9
19 31 20 9
19 31 21 9
19 31 24 9
19 31 25 9
19 31 31 9
19 32 15 9
19 32 17 9
19 32 18 9
19 33 18 9
19 33 25 9
19 33 26 9
19 33 29 9
19 33 32 9
19 34 15 9
19 34 20 9
19 34 27 9
19 34 29 9
19 34 30 9
20 15 15 9
20 15 19 9
20 15 21 9
20 15 22 9
20 15 29 9
20 15 33 9
20 16 17 9
20 16 18 9
20 16 19 9
20 16 24 9
20 16 27 9
20 16 31 9
20 16 32 9
20 16 34 9
20 17 17 9
20 17 20 9
20 17 21 9
20 17 23 9
20 17 25 9
20 17 30 9
20 17 33 9
20 18 25 9
20 18 33 9
20 19 18 9
20 19 21 9
20 19 26 9
20 19 28 9
20 19 30 9
20 19 31 9
20 19 34 9
20 20 16 9
20 20 17 9
20 20 19 9
20 20 21 9
20 20 26 9
20 20 27 9
20 20 28 9
20 20 33 9
20 21 18 9
20 21 20 9
20 21 25 9
20 21 27 9
20 21 29 9
20 21 33 9
20 22 15 9
20 22 16 9
20 22 17 9
20 22 21 9
20 22 26 9
20 22 28 9
20 22 30 9
20 22 31 9
20 22 34 9
20 23 15 9
20 23 17 9
20 23 22 9
20 23 24 9
20 23 25 9
20 23 32 9
20 23 34 9
20 24 19 9
20 24 20 9
20 24 32 9
20 25 17 9
20 25 21 9
20 25 22 9
20 25 26 9
20 25 27 9
20 25 28 9
20 25 31 9
20 25 34 9
20 26 15 9
20 26 16 9
20 26 18 9
20 26 19 9
20 26 28 9
20 26 30 9
20 26 34 9
20 27 23 9
20 27 24 9
20 27 25 9
20 27 26 9
20 27 27 9
20 27 29 9
20 27 31 9
20 27 32 9
20 27 33 9
20 27 34 9
20 28 15 9
20 28 16 9
20 28 18 9
20 28 23 9
20 28 24 9
20 28 30 9
20 28 32 9
20 28 33 9
20 28 34 9
20 29 17 9
20 29 19 9
20 29 23 9
20 29 26 9
20 29 27 9
20 29 34 9
20 30 15 9
20 30 16 9
20 30 24 9
20 30 31 9
20 31 15 9
20 31 17 9
20 31 21 9
20 31 26 9
20 31 27 9
20 32 15 9
20 32 19 9
20 32 20 9
20 32 21 9
20 32 25 9
20 32 31 9
20 33 15 9
20 33 18 9
20 33 26 9
20 33 34 9
20 34 17 9
20 34 22 9
20 34 26 9
20 34 29 9
21 15 21 9
21 15 25 9
21 15 28 9
21 15 29 9
21 15 31 9
21 16 17 9
21 16 18 9
21 16 24 9
21 16 30 9
21 16 31 9
21 17 20 9
21 17 22 9
21 17 24 9
21 17 28 9
21 17 32 9
21 17 33 9
21 18 16 9
21 18 22 9
21 18 23 9
21 18 25 9
21 18 32 9
21 19 19 9
21 19 24 9
21 19 31 9
21 19 32 9
21 19 33 9
21 20 18 9
21 20 20 9
21 20 21 9
21 20 28 9
21 20 29 9
21 20 33 9
21 21 15 9
21 21 18 9
21 21 25 9
21 21 28 9
21 21 30 9
21 21 32 9
21 21 33 9
21 21 34 9
21 22 29 9
21 22 30 9
21 22 31 9
21 22 34 9
21 23 15 9
21 23 17 9
21 23 20 9
21 23 21 9
21 23 24 9
21 23 28 9
21 23 31 9
21 23 32 9
21 24 15 9
21 24 17 9
21 24 18 9
21 24 20 9
21 24 22 9
21 24 24 9
21 24 25 9
21 24 26 9
21 24 31 9
21 25 16 9
21 25 20 9
21 25 21 9
21 25 23 9
21 25 24 9
21 25 32 9
21 25 33 9
21 26 26 9
21 26 32 9
21 26 33 9
21 27 20 9
21 27 21 9
21 27 22 9
21 27 26 9
21 27 27 9
21 27 31 9
21 27 34 9
21 28 18 9
21 28 22 9
21 28 26 9
21 28 29 9
21 28 32 9
21 29 18 9
21 29 19 9
21 29 21 9
21 29 23 9
21 29 25 9
21 29 30 9
21 29 31 9
21 29 33 9
21 30 15 9
21 30 19 9
21 30 21 9
21 30 22 9
21 30 25 9
21 30 27 9
21 30 29 9
21 30 32 9
21 30 33 9
21 30 34 9
21 31 15 9
21 31 16 9
21 31 20 9
21 31 26 9
21 31 27 9
21 31 28 9
21 31 30 9
21 31 34 9
21 32 22 9
21 32 23 9
21 32 26 9
21 32 34 9
21 33 16 9
21 33 20 9
21 33 25 9
21 33 31 9
21 34 15 9
21 34 19 9
21 34 24 9
21 34 25 9
21 34 29 9
21 34 33 9
21 34 34 9
22 15 16 9
22 15 18 9
22 15 21 9
22 15 28 9
22 15 29 9
22 15 34 9
22 16 18 9
22 16 19 9
22 16 30 9
22 16 33 9
22 17 18 9
22 17 19 9
22 17 20 9
22 17 22 9
22 17 23 9
22 17 27 9
22 17 31 9
22 18 16 9
22 18 21 9
22 18 23 9
22 18 24 9
22 18 26 9
22 18 27 9
22 18 31 9
22 18 32 9
22 18 34 9
22 19 24 9
22 19 25 9
22 19 29 9
22 20 16 9
22 20 20 9
22 20 32 9
22 21 16 9
22 21 17 9
22 21 19 9
22 21 20 9
22 21 23 9
22 21 26 9
22 22 17 9
22 22 25 9
22 22 29 9
22 22 30 9
22 22 31 9
22 22 32 9
22 23 16 9
22 23 18 9
22 23 20 9
22 23 25 9
22 23 30 9
22 23 31 9
22 23 33 9
22 24 18 9
22 24 26 9
22 24 27 9
22 24 30 9
22 24 31 9
22 24 32 9
22 25 15 9
22 25 16 9
22 25 18 9
22 25 19 9
22 25 23 9
22 25 24 9
22 25 26 9
22 25 27 9
22 25 30 9
22 25 31 9
22 25 33 9
22 26 15 9
22 26 16 9
22 26 18 9
22 26 21 9
22 26 26 9
22 26 30 9
22 26 31 9
22 26 33 9
22 26 34 9
22 27 16 9
22 27 19 9
22 27 20 9
22 27 21 9
22 27 25 9
22 27 27 9
22 27 31 9
22 27 32 9
22 27 33 9
22 28 15 9
22 28 16 9
22 28 17 9
22 28 24 9
22 28 27 9
22 28 34 9
22 29 19 9
22 29 20 9
22 29 24 9
22 29 28 9
22 29 29 9
22 29 30 9
22 29 33 9
22 30 15 9
22 30 16 9
22 30 20 9
22 30 26 9
22 30 27 9
22 30 31 9
22 30 34 9
22 31 18 9
22 31 19 9
22 31 26 9
22 31 34 9
22 32 17 9
22 32 18 9
22 32 21 9
22 32 23 9
22 32 26 9
22 32 27 9
22 32 28 9
22 32 29 9
22 33 18 9
22 33 19 9
22 34 17 9
22 34 18 9
22 34 25 9
22 34 30 9
23 15 16 9
23 15 17 9
23 15 22 9
23 16 17 9
23 16 22 9
23 16 32 9
23 17 15 9
23 17 18 9
23 17 27 9
23 17 28 9
23 18 16 9
23 18 18 9
23 18 23 9
23 18 24 9
23 18 25 9
23 18 26 9
23 18 28 9
23 18 32 9
23 18 34 9
23 19 16 9
23 19 24 9
23 19 26 9
23 19 27 9
23 19 28 9
23 19 29 9
23 20 16 9
23 20 17 9
23 20 18 9
23 20 25 9
23 20 26 9
23 20 28 9
23 20 30 9
23 21 16 9
23 21 18 9
23 21 24 9
23 21 26 9
23 21 27 9
23 21 31 9
23 21 32 9
23 21 34 9
23 22 15 9
23 22 16 9
23 22 24 9
23 22 31 9
23 22 32 9
23 22 34 9
23 23 24 9
23 23 26 9
23 23 28 9
23 24 23 9
23 24 24 9
23 24 26 9
23 25 24 9
23 25 25 9
23 25 27 9
23 25 33 9
23 26 17 9
23 26 20 9
23 26 23 9
23 26 26 9
23 26 32 9
23 26 34 9
23 27 15 9
23 27 18 9
23 27 19 9
23 27 20 9
23 27 21 9
23 27 25 9
23 27 27 9
23 27 28 9
23 27 34 9
23 28 19 9
23 28 25 9
23 28 26 9
23 28 27 9
23 28 34 9
23 29 20 9
23 29 26 9
23 29 28 9
23 29 33 9
23 30 19 9
23 30 20 9
23 30 23 9
23 30 25 9
23 30 27 9
23 30 33 9
23 31 18 9
23 31 19 9
23 31 20 9
23 31 22 9
23 31 23 9
23 31 28 9
23 31 31 9
23 32 18 9
23 32 26 9
23 32 28 9
23 32 30 9
23 32 32 9
23 33 19 9
23 33 20 9
23 33 24 9
23 34 15 9
23 34 19 9
23 34 22 9
23 34 23 9
23 34 26 9
24 15 17 9
24 15 24 9
24 15 29 9
24 15 31 9
24 15 33 9
24 15 34 9
24 16 17 9
24 16 19 9
24 16 20 9
24 16 21 9
24 16 23 9
24 16 24 9
24 16 30 9
24 17 16 9
24 17 17 9
24 17 19 9
24 17 22 9
24 17 30 9
24 17 34 9
24 18 15 9
24 18 24 9
24 18 26 9
24 18 32 9
24 18 33 9
24 19 15 9
24 19 19 9
24 19 22 9
24 19 33 9
24 19 34 9
24 20 21 9
24 20 23 9
24 20 26 9
24 20 31 9
24 21 18 9
24 21 20 9
24 21 23 9
24 21 27 9
24 21 29 9
24 21 31 9
24 21 34 9
24 22 17 9
24 22 18 9
24 22 19 9
24 22 20 9
24 22 26 9
24 22 31 9
24 22 33 9
24 23 15 9
24 23 16 9
24 23 18 9
24 23 19 9
24 23 20 9
24 23 22 9
24 23 29 9
24 23 30 9
24 24 17 9
24 24 19 9
24 24 20 9
24 24 21 9
24 24 23 9
24 24 24 9
24 24 30 9
24 24 32 9
24 25 17 9
24 25 20 9
24 25 27 9
24 25 29 9
24 26 30 9
24 26 32 9
24 27 15 9
24 27 21 9
24 27 24 9
24 27 27 9
24 28 18 9
24 28 22 9
24 28 26 9
24 29 17 9
24 29 18 9
24 29 19 9
24 29 23 9
24 29 26 9
24 29 29 9
24 29 31 9
24 30 30 9
24 30 32 9
24 30 34 9
24 31 18 9
24 31 24 9
24 31 27 9
24 31 28 9
24 31 29 9
24 31 33 9
24 32 17 9
24 32 21 9
24 32 23 9
24 32 29 9
24 32 33 9
24 33 22 9
24 33 24 9
24 33 25 9
24 33 28 9
24 33 33 9
24 33 34 9
24 34 16 9
24 34 23 9
24 34 24 9
24 34 25 9
24 34 28 9
24 34 34 9
25 15 20 9
25 15 22 9
25 15 25 9
25 15 27 9
25 15 28 9
25 15 30 9
25 15 32 9
25 15 33 9
25 16 21 9
25 16 23 9
25 16 24 9
25 16 28 9
25 16 31 9
25 16 32 9
25 16 34 9
25 17 22 9
25 17 24 9
25 17 28 9
25 17 33 9
25 18 19 9
25 18 22 9
25 18 27 9
25 18 33 9
25 19 33 9
25 20 20 9
25 20 24 9
25 20 31 9
25 21 16 9
25 21 21 9
25 21 24 9
25 21 28 9
25 21 30 9
25 21 34 9
25 22 16 9
25 22 28 9
25 22 30 9
25 22 31 9
25 22 32 9
25 23 15 9
25 23 17 9
25 23 24 9
25 23 26 9
25 23 29 9
25 23 30 9
25 23 31 9
25 23 33 9
25 23 34 9
25 24 17 9
25 24 18 9
25 24 20 9
25 24 21 9
25 24 23 9
25 24 26 9
25 24 28 9
25 24 30 9
25 24 31 9
25 24 32 9
25 24 33 9
25 24 34 9
25 25 15 9
25 25 16 9
25 25 17 9
25 25 18 9
25 25 19 9
25 25 20 9
25 25 25 9
25 25 27 9
25 25 29 9
25 25 30 9
25 25 32 9
25 25 34 9
25 26 16 9
25 26 17 9
25 26 20 9
25 26 21 9
25 26 28 9
25 26 32 9
25 26 33 9
25 27 15 9
25 27 20 9
25 27 25 9
25 27 29 9
25 27 31 9
25 28 16 9
25 28 19 9
25 28 20 9
25 28 24 9
25 28 26 9
25 28 29 9
25 28 33 9
25 29 15 9
25 29 16 9
25 29 17 9
25 29 18 9
25 29 27 9
25 29 29 9
25 30 16 9
25 30 18 9
25 30 21 9
25 30 22 9
25 30 28 9
25 30 29 9
25 30 33 9
25 31 16 9
25 31 20 9
25 31 33 9
25 31 34 9
25 32 17 9
25 32 19 9
25 32 20 9
25 32 21 9
25 32 22 9
25 32 26 9
25 32 28 9
25 32 31 9
25 32 33 9
25 33 15 9
25 33 18 9
25 33 23 9
25 33 27 9
25 33 30 9
25 33 31 9
25 33 34 9
25 34 23 9
25 34 24 9
25 34 28 9
25 34 33 9
26 15 19 9
26 15 20 9
26 15 23 9
26 15 25 9
26 15 26 9
26 15 27 9
26 15 29 9
26 15 32 9
26 16 18 9
26 16 20 9
26 16 21 9
26 16 22 9
26 16 23 9
26 16 28 9
26 16 30 9
26 17 15 9
26 17 26 9
26 18 16 9
26 18 21 9
26 18 25 9
26 18 31 9
26 18 32 9
26 18 34 9
26 19 19 9
26 19 28 9
26 19 29 9
26 19 33 9
26 19 34 9
26 20 18 9
26 20 23 9
26 20 24 9
26 20 25 9
26 20 29 9
26 20 33 9
26 20 34 9
26 21 17 9
26 21 20 9
26 21 21 9
26 21 24 9
26 21 27 9
26 21 30 9
26 21 31 9
26 21 32 9
26 21 34 9
26 22 15 9
26 22 19 9
26 22 20 9
26 22 24 9
26 22 26 9
26 22 27 9
26 22 32 9
26 23 17 9
26 23 19 9
26 23 21 9
26 23 22 9
26 23 23 9
26 23 24 9
26 23 27 9
26 23 32 9
26 24 15 9
26 24 19 9
26 24 22 9
26 24 25 9
26 24 28 9
26 24 29 9
26 24 30 9
26 24 34 9
26 25 17 9
26 25 18 9
26 25 19 9
26 25 20 9
26 25 23 9
26 25 27 9
26 25 28 9
26 25 32 9
26 26 16 9
26 26 17 9
26 26 19 9
26 26 22 9
26 26 27 9
26 27 15 9
26 27 18 9
26 27 19 9
26 27 23 9
26 27 25 9
26 27 26 9
26 27 28 9
26 27 32 9
26 27 33 9
26 27 34 9
26 28 18 9
26 28 21 9
26 28 25 9
26 28 28 9
26 28 31 9
26 28 33 9
26 28 34 9
26 29 16 9
26 29 24 9
26 29 28 9
26 30 20 9
26 30 23 9
26 30 25 9
26 30 28 9
26 30 29 9
26 30 32 9
26 30 33 9
26 30 34 9
26 31 21 9
26 31 22 9
26 31 25 9
26 31 31 9
26 31 32 9
26 31 34 9
26 32 15 9
26 32 17 9
26 32 19 9
26 32 29 9
26 33 15 9
26 33 16 9
26 33 19 9
26 33 25 9
26 33 26 9
26 33 34 9
26 34 19 9
26 34 20 9
26 34 21 9
26 34 23 9
26 34 25 9
26 34 28 9
26 34 30 9
26 34 32 9
27 15 15 9
27 15 20 9
27 15 25 9
27 15 28 9
27 15 29 9
27 15 33 9
27 16 20 9
27 16 23 9
27 16 32 9
27 16 34 9
27 17 16 9
27 17 17 9
27 17 18 9
27 17 20 9
27 17 21 9
27 17 22 9
27 17 24 9
27 17 30 9
27 17 32 9
27 18 15 9
27 18 17 9
27 18 33 9
27 19 15 9
27 19 17 9
27 19 18 9
27 19 24 9
27 19 30 9
27 19 31 9
27 19 32 9
27 19 33 9
27 19 34 9
27 20 17 9
27 20 20 9
27 20 22 9
27 20 23 9
27 20 30 9
27 20 34 9
27 21 15 9
27 21 18 9
27 21 20 9
27 21 21 9
27 21 22 9
27 21 23 9
27 21 26 9
27 21 27 9
27 21 31 9
27 22 17 9
27 22 25 9
27 22 26 9
27 22 30 9
27 22 32 9
27 22 33 9
27 22 34 9
27 23 20 9
27 23 23 9
27 23 29 9
27 23 30 9
27 23 32 9
27 24 17 9
27 24 23 9
27 24 24 9
27 24 27 9
27 24 28 9
27 24 29 9
27 24 30 9
27 25 16 9
27 25 32 9
27 26 15 9
27 26 19 9
27 26 20 9
27 26 21 9
27 26 22 9
27 26 25 9
27 26 27 9
27 26 28 9
27 26 32 9
27 26 33 9
27 27 21 9
27 27 28 9
27 27 34 9
27 28 17 9
27 28 18 9
27 28 22 9
27 28 23 9
27 28 24 9
27 28 30 9
27 29 20 9
27 29 21 9
27 29 28 9
27 30 16 9
27 30 17 9
27 30 18 9
27 30 25 9
27 30 27 9
27 30 28 9
27 30 29 9
27 30 32 9
27 31 17 9
27 31 23 9
27 31 24 9
27 31 27 9
27 31 34 9
27 32 15 9
27 32 21 9
27 32 23 9
27 32 25 9
27 32 27 9
27 32 32 9
27 33 17 9
27 33 18 9
27 33 23 9
27 34 15 9
27 34 17 9
27 34 18 9
27 34 20 9
27 34 22 9
27 34 25 9
27 34 28 9
28 15 27 9
28 15 29 9
28 16 20 9
28 16 22 9
28 16 24 9
28 16 30 9
28 16 31 9
28 16 32 9
28 16 34 9
28 17 15 9
28 17 20 9
28 17 24 9
28 17 26 9
28 17 28 9
28 17 32 9
28 18 20 9
28 18 25 9
28 18 30 9
28 18 31 9
28 18 32 9
28 18 34 9
28 19 16 9
28 19 18 9
28 19 19 9
28 19 27 9
28 19 33 9
28 19 34 9
28 20 18 9
28 20 19 9
28 20 21 9
28 20 27 9
28 20 29 9
28 21 19 9
28 21 20 9
28 21 21 9
28 21 22 9
28 21 23 9
28 21 24 9
28 21 33 9
28 21 34 9
28 22 15 9
28 22 16 9
28 22 21 9
28 22 26 9
28 22 27 9
28 22 28 9
28 22 32 9
28 23 16 9
28 23 25 9
28 23 26 9
28 23 30 9
28 24 16 9
28 24 18 9
28 24 23 9
28 24 24 9
28 24 25 9
28 24 27 9
28 24 32 9
28 24 34 9
28 25 19 9
28 25 24 9
28 25 28 9
28 25 33 9
28 26 15 9
28 26 17 9
28 26 18 9
28 26 21 9
28 26 22 9
28 26 23 9
28 26 25 9
28 26 29 9
28 26 30 9
28 26 34 9
28 27 15 9
28 27 17 9
28 27 18 9
28 27 24 9
28 27 25 9
28 27 28 9
28 27 34 9
28 28 23 9
28 28 24 9
28 28 25 9
28 28 26 9
28 28 29 9
28 29 23 9
28 29 24 9
28 29 25 9
28 29 31 9
28 29 33 9
28 30 15 9
28 30 16 9
28 30 19 9
28 30 23 9
28 30 27 9
28 30 29 9
28 30 31 9
28 30 32 9
28 31 17 9
28 31 19 9
28 31 25 9
28 31 26 9
28 31 29 9
28 31 32 9
28 31 33 9
28 32 15 9
28 32 16 9
28 32 19 9
28 32 22 9
28 33 17 9
28 33 21 9
28 33 26 9
28 33 28 9
28 33 32 9
28 33 33 9
28 34 27 9
28 34 34 9
29 15 16 9
29 15 25 9
29 15 28 9
29 15 34 9
29 16 19 9
29 16 21 9
29 16 26 9
29 17 16 9
29 17 18 9
29 17 21 9
29 17 30 9
29 17 31 9
29 17 33 9
29 17 34 9
29 18 19 9
29 18 20 9
29 18 22 9
29 18 24 9
29 18 26 9
29 18 27 9
29 18 28 9
29 18 34 9
29 19 17 9
29 20 18 9
29 20 22 9
29 20 24 9
29 20 34 9
29 21 16 9
29 21 18 9
29 21 20 9
29 21 22 9
29 21 24 9
29 21 25 9
29 21 31 9
29 21 34 9
29 22 18 9
29 22 19 9
29 22 22 9
29 22 25 9
29 22 26 9
29 22 27 9
29 22 28 9
29 22 30 9
29 23 15 9
29 23 17 9
29 23 20 9
29 23 23 9
29 23 24 9
29 23 26 9
29 23 28 9
29 23 32 9
29 23 33 9
29 23 34 9
29 24 16 9
29 24 21 9
29 24 34 9
29 25 19 9
29 25 22 9
29 25 23 9
29 25 29 9
29 26 15 9
29 26 17 9
29 26 24 9
29 26 28 9
29 26 31 9
29 26 33 9
29 27 15 9
29 27 16 9
29 27 18 9
29 27 24 9
29 27 25 9
29 27 30 9
29 28 24 9
29 28 29 9
29 29 15 9
29 29 21 9
29 29 22 9
29 29 26 9
29 29 28 9
29 29 31 9
29 29 33 9
29 30 18 9
29 30 23 9
29 30 27 9
29 30 30 9
29 30 32 9
29 31 17 9
29 31 21 9
29 31 22 9
29 31 23 9
29 31 24 9
29 31 33 9
29 32 16 9
29 32 17 9
29 32 25 9
29 32 26 9
29 32 31 9
29 33 17 9
29 33 22 9
29 33 28 9
29 33 30 9
29 33 31 9
29 33 32 9
29 33 34 9
29 34 26 9
29 34 27 9
29 34 28 9
29 34 31 9
29 34 32 9
30 15 18 9
30 15 19 9
30 15 22 9
30 15 26 9
30 15 32 9
30 15 33 9
30 16 15 9
30 16 17 9
30 16 20 9
30 16 22 9
30 16 25 9
30 16 26 9
30 16 27 9
30 16 34 9
30 17 15 9
30 17 17 9
30 17 21 9
30 17 22 9
30 17 27 9
30 17 29 9
30 17 30 9
30 17 31 9
30 18 19 9
30 18 22 9
30 18 27 9
30 18 28 9
30 18 30 9
30 18 31 9
30 18 32 9
30 18 34 9
30 19 18 9
30 19 20 9
30 19 23 9
30 19 26 9
30 19 32 9
30 19 33 9
30 20 15 9
30 20 17 9
30 20 22 9
30 20 25 9
30 20 28 9
30 20 31 9
30 20 33 9
30 21 16 9
30 21 23 9
30 21 28 9
30 21 30 9
30 22 15 9
30 22 17 9
30 22 19 9
30 22 20 9
30 22 22 9
30 22 25 9
30 22 28 9
30 22 30 9
30 22 32 9
30 23 17 9
30 23 18 9
30 23 22 9
30 23 24 9
30 23 28 9
30 23 30 9
30 24 15 9
30 24 20 9
30 24 23 9
30 24 25 9
30 24 27 9
30 24 28 9
30 24 32 9
30 24 33 9
30 24 34 9
30 25 18 9
30 25 19 9
30 25 21 9
30 25 30 9
30 25 32 9
30 26 21 9
30 26 22 9
30 26 23 9
30 26 24 9
30 26 28 9
30 26 30 9
30 26 31 9
30 26 33 9
30 26 34 9
30 27 15 9
30 27 21 9
30 27 26 9
30 27 32 9
30 27 34 9
30 28 17 9
30 28 20 9
30 28 23 9
30 28 24 9
30 28 25 9
30 28 29 9
30 29 19 9
30 29 21 9
30 29 31 9
30 29 33 9
30 30 20 9
30 30 23 9
30 30 33 9
30 31 18 9
30 31 22 9
30 31 24 9
30 31 28 9
30 32 15 9
30 32 16 9
30 32 20 9
30 32 23 9
30 32 26 9
30 32 28 9
30 32 30 9
30 33 19 9
30 33 24 9
30 34 16 9
30 34 17 9
30 34 25 9
30 34 31 9
31 15 16 9
31 15 19 9
31 15 22 9
31 15 25 9
31 15 26 9
31 15 28 9
31 15 32 9
31 15 33 9
31 15 34 9
31 16 15 9
31 16 16 9
31 16 18 9
31 16 19 9
31 16 22 9
31 16 25 9
31 16 28 9
31 16 29 9
31 16 32 9
31 17 18 9
31 17 27 9
31 17 29 9
31 18 16 9
31 18 21 9
31 18 25 9
31 18 26 9
31 18 27 9
31 18 28 9
31 18 32 9
31 18 33 9
31 19 16 9
31 19 19 9
31 19 20 9
31 19 27 9
31 19 30 9
31 19 33 9
31 20 17 9
31 20 21 9
31 20 24 9
31 21 16 9
31 21 17 9
31 21 23 9
31 21 27 9
31 21 29 9
31 21 34 9
31 22 16 9
31 22 18 9
31 22 25 9
31 22 28 9
31 22 29 9
31 22 31 9
31 23 17 9
31 23 18 9
31 23 20 9
31 23 23 9
31 23 25 9
31 23 28 9
31 23 29 9
31 24 16 9
31 24 17 9
31 24 18 9
31 24 25 9
31 24 29 9
31 24 30 9
31 24 32 9
31 25 17 9
31 25 18 9
31 25 20 9
31 25 26 9
31 25 27 9
31 25 28 9
31 25 29 9
31 25 34 9
31 26 21 9
31 26 23 9
31 26 24 9
31 26 26 9
31 26 30 9
31 26 34 9
31 27 17 9
31 27 20 9
31 27 24 9
31 27 25 9
31 27 26 9
31 27 27 9
31 27 30 9
31 27 32 9
31 28 15 9
31 28 17 9
31 28 23 9
31 28 30 9
31 28 31 9
31 28 32 9
31 29 15 9
31 29 16 9
31 29 17 9
31 29 28 9
31 29 33 9
31 30 17 9
31 30 18 9
31 30 19 9
31 30 27 9
31 30 28 9
31 31 15 9
31 31 17 9
31 31 18 9
31 31 22 9
31 31 24 9
31 31 25 9
31 31 28 9
31 31 32 9
31 32 15 9
31 32 16 9
31 32 17 9
31 32 19 9
31 32 23 9
31 32 25 9
31 32 26 9
31 32 28 9
31 32 31 9
31 32 32 9
31 33 18 9
31 33 19 9
31 33 21 9
31 33 24 9
31 33 27 9
31 33 34 9
31 34 15 9
31 34 17 9
31 34 19 9
31 34 21 9
31 34 22 9
31 34 25 9
31 34 26 9
31 34 33 9
32 15 17 9
32 15 21 9
32 15 22 9
32 15 29 9
32 15 33 9
32 16 24 9
32 16 25 9
32 16 28 9
32 16 31 9
32 16 33 9
32 17 23 9
32 17 26 9
32 18 19 9
32 18 25 9
32 18 27 9
32 18 32 9
32 19 15 9
32 19 16 9
32 19 17 9
32 19 19 9
32 19 20 9
32 19 24 9
32 19 27 9
32 19 30 9
32 19 33 9
32 20 26 9
32 21 16 9
32 21 19 9
32 21 31 9
32 21 32 9
32 21 34 9
32 22 19 9
32 22 21 9
32 22 24 9
32 22 30 9
32 23 15 9
32 23 16 9
32 23 22 9
32 23 24 9
32 23 30 9
32 24 19 9
32 24 20 9
32 24 21 9
32 24 26 9
32 24 27 9
32 24 31 9
32 24 33 9
32 25 15 9
32 25 16 9
32 25 19 9
32 25 21 9
32 25 22 9
32 25 24 9
32 25 25 9
32 25 28 9
32 25 31 9
32 25 32 9
32 25 33 9
32 26 15 9
32 26 17 9
32 26 18 9
32 26 19 9
32 26 22 9
32 26 23 9
32 26 28 9
32 26 30 9
32 26 33 9
32 26 34 9
32 27 16 9
32 27 17 9
32 27 20 9
32 27 21 9
32 27 23 9
32 27 26 9
32 27 28 9
32 27 30 9
32 27 32 9
32 27 34 9
32 28 20 9
32 28 32 9
32 29 15 9
32 29 23 9
32 29 26 9
32 29 27 9
32 30 16 9
32 30 17 9
32 30 18 9
32 30 21 9
32 30 24 9
32 30 26 9
32 30 27 9
32 30 33 9
32 31 23 9
32 31 24 9
32 31 26 9
32 31 30 9
32 31 33 9
32 32 15 9
32 32 22 9
32 32 28 9
32 32 30 9
32 33 15 9
32 33 17 9
32 33 18 9
32 33 19 9
32 33 23 9
32 33 24 9
32 33 27 9
32 33 28 9
32 33 32 9
32 33 33 9
32 34 17 9
32 34 19 9
32 34 21 9
32 34 26 9
32 34 28 9
32 34 29 9
33 15 15 9
33 15 16 9
33 15 17 9
33 15 20 9
33 15 26 9
33 15 29 9
33 16 18 9
33 16 21 9
33 16 23 9
33 16 27 9
33 16 28 9
33 16 29 9
33 16 34 9
33 17 15 9
33 17 19 9
33 17 22 9
33 17 26 9
33 17 27 9
33 17 30 9
33 17 34 9
33 18 16 9
33 18 25 9
33 18 30 9
33 18 32 9
33 19 20 9
33 19 25 9
33 19 26 9
33 19 27 9
33 19 31 9
33 19 33 9
33 20 17 9
33 20 18 9
33 20 21 9
33 20 25 9
33 20 26 9
33 20 29 9
33 20 32 9
33 20 34 9
33 21 17 9
33 21 18 9
33 21 25 9
33 21 29 9
33 22 18 9
33 22 21 9
33 22 25 9
33 22 26 9
33 22 31 9
33 22 33 9
33 23 18 9
33 23 20 9
33 23 26 9
33 23 29 9
33 23 31 9
33 24 17 9
33 24 19 9
33 24 20 9
33 24 29 9
33 24 31 9
33 24 33 9
33 25 17 9
33 25 19 9
33 25 20 9
33 25 23 9
33 25 30 9
33 26 18 9
33 26 22 9
33 26 24 9
33 26 25 9
33 26 27 9
33 26 28 9
33 27 16 9
33 27 18 9
33 27 22 9
33 27 24 9
33 27 29 9
33 28 15 9
33 28 17 9
33 28 19 9
33 28 23 9
33 28 28 9
33 29 15 9
33 29 21 9
33 29 25 9
33 29 29 9
33 29 30 9
33 29 32 9
33 29 33 9
33 30 19 9
33 31 15 9
33 31 17 9
33 31 23 9
33 31 24 9
33 31 25 9
33 31 32 9
33 32 17 9
33 32 19 9
33 32 22 9
33 32 23 9
33 32 27 9
33 32 30 9
33 32 31 9
33 33 18 9
33 33 19 9
33 33 34 9
33 34 20 9
33 34 26 9
33 34 29 9
33 34 30 9
33 34 31 9
33 34 33 9
34 15 17 9
34 15 23 9
34 15 25 9
34 15 27 9
34 15 28 9
34 15 32 9
34 16 15 9
34 16 16 9
34 16 17 9
34 16 20 9
34 16 22 9
34 16 24 9
34 16 25 9
34 16 27 9
34 17 16 9
34 17 21 9
34 17 28 9
34 17 31 9
34 17 33 9
34 18 20 9
34 18 28 9
34 18 29 9
34 18 31 9
34 18 34 9
34 19 15 9
34 19 19 9
34 19 21 9
34 19 26 9
34 19 27 9
34 19 31 9
34 20 17 9
34 20 21 9
34 20 22 9
34 20 25 9
34 20 26 9
34 20 27 9
34 20 31 9
34 20 33 9
34 21 15 9
34 21 19 9
34 21 27 9
34 21 28 9
34 21 33 9
34 22 16 9
34 22 23 9
34 22 26 9
34 22 27 9
34 22 29 9
34 22 30 9
34 22 34 9
34 23 15 9
34 23 20 9
34 23 26 9
34 24 16 9
34 24 17 9
34 24 20 9
34 24 22 9
34 24 25 9
34 24 28 9
34 24 29 9
34 24 30 9
34 24 32 9
34 25 15 9
34 25 16 9
34 25 18 9
34 25 19 9
34 25 23 9
34 25 26 9
34 25 29 9
34 25 31 9
34 26 16 9
34 26 19 9
34 26 20 9
34 26 25 9
34 26 27 9
34 26 31 9
34 27 15 9
34 27 16 9
34 27 17 9
34 27 20 9
34 27 22 9
34 27 26 9
34 27 29 9
34 27 30 9
34 27 34 9
34 28 19 9
34 28 20 9
34 28 23 9
34 28 24 9
34 28 29 9
34 28 34 9
34 29 21 9
34 29 23 9
34 29 24 9
34 29 28 9
34 29 29 9
34 30 23 9
34 30 25 9
34 30 27 9
34 30 28 9
34 30 29 9
34 30 31 9
34 30 32 9
34 31 18 9
34 31 19 9
34 31 22 9
34 31 25 9
34 31 27 9
34 31 32 9
34 32 15 9
34 32 20 9
34 32 21 9
34 32 22 9
34 32 23 9
34 32 26 9
34 32 30 9
34 32 31 9
34 32 34 9
34 33 16 9
34 33 18 9
34 33 22 9
34 33 32 9
34 34 15 9
34 34 16 9
34 34 18 9
34 34 19 9
34 34 20 9
34 34 21 9
34 34 23 9
34 34 25 9
34 34 27 9
34 34 34 9
